0.7464137054  
-0.08011889458  
0.6779615766  
-2.195334838  
-0.2627898474  
-0.2412576574  
-0.1975173226  
0.2241775065  
0.2392205648  
-0.3652579741  
-0.7020277478  
0.1701674381  
-1.419262957  
-1.493680555  
-0.9325431966  
0.9050533053  
1.039668424  
-1.060402189  
-0.3499097764  
0.9390587188  
-0.7707853066  
-1.172090313  
0.1156202032  
1.634580855  
-1.340772325  
-0.6342747633  
0.7809075415  
0.1589490717  
0.7470061353  
-0.9486547663  
0.401583145  
0.9935645002  
0.2040446794  
0.3124771708  
-1.411160562  
0.05890330185  
0.1241911276  
-0.3378043165  
0.620578273  
0.298533405  
0.01639440942  
0.588978546  
-2.559719152  
1.430477639  
0.7453930954  
-0.3012994367  
2.697843918  
0.9227200274  
1.162472724  
-0.5779657846  
-1.230895551  
0.3168978581  
0.3453481934  
-0.5976404519  
