0.8278243354  
-1.029131082  
-0.6577217169  
1.675756535  
0.292062803  
-0.8262926682  
0.5324613297  
0.2045964627  
1.019800565  
1.760818328  
-0.8870060079  
0.9786283683  
-0.12585853  
0.3776583161  
0.9861048845  
1.923441465  
0.6321214761  
0.3861070442  
0.1183158238  
0.2895946169  
0.4457378019  
0.477117534  
-0.3989463569  
-0.3633077859  
-0.07192975598  
-0.0916431956  
1.257467543  
0.5889935309  
-0.6014114624  
-0.8015916037  
1.071635794  
0.1181866039  
0.2819362933  
-0.06398675906  
-0.3892801072  
0.9631769638  
-0.4359057987  
-0.1898579616  
-0.8707184181  
2.049168374  
-0.8334836186  
1.342184151  
1.172700106  
0.6900814497  
-2.186990077  
0.7330297899  
0.7731603263  
0.328054237  
0.7063561082  
0.9098512932  
-1.871874112  
0.4093761882  
1.111675852  
0.9368444051  
