-0.3630892591  
0.0473651565  
0.664041718  
-2.216815896  
-0.2636977068  
-0.4479402048  
-0.6016875451  
0.2266037927  
1.068970554  
-1.592088279  
0.5945101698  
0.4711616445  
1.340622213  
0.5107718522  
0.2182918549  
1.142333063  
-0.886464573  
1.762212149  
-1.10951257  
0.2751970082  
0.8164360439  
0.4031412657  
0.6717702769  
-1.180681618  
0.6840061095  
-0.01099692744  
-1.117989953  
-0.79159696  
0.4930963945  
-0.1970838092  
-0.2694567281  
-1.565280717  
0.001972957299  
-0.5162225804  
-0.2289858674  
0.07294441244  
0.05023902195  
0.001795647236  
1.551066667  
2.383790637  
0.5262785359  
-1.304056311  
-0.2731577329  
-0.8772789622  
-1.011479633  
-0.2935018748  
2.707536331  
0.649860755  
-1.068338094  
1.269068367  
-0.6130190347  
0.192746984  
-0.4066268816  
-0.6625505296  
