-1.27257406  
-0.7808678945  
-0.684623535  
0.5241519078  
-1.514434937  
-0.4265008278  
-1.742162886  
-1.419034048  
-1.44409062  
-1.52476205  
0.7546560409  
-0.02248234832  
-1.380030214  
0.1992000678  
-0.8897795031  
-0.9010297082  
-2.579329031  
-1.552596781  
-0.02494490283  
-2.382232357  
-2.101034181  
-1.165009203  
0.4294176241  
0.8688110414  
-2.681947696  
-0.4869528635  
-2.074901019  
-2.883719911  
-0.1533049677  
-3.308239753  
-2.030809011  
-0.7888818986  
-0.3637731803  
-0.2940626306  
-1.428167873  
0.1059994983  
-1.775338455  
-1.637391959  
-1.3838126  
-0.2636558242  
-1.337486052  
-0.2355731982  
-1.071959555  
0.8468916221  
-1.259258427  
-0.5524058967  
-0.8094405891  
-2.170053765  
-0.5200386873  
-1.880000909  
-0.9484462611  
-0.5427072969  
-1.622100171  
-0.2649519448  
