-0.2475741498  
-0.2612127367  
1.079472528  
-0.6035898546  
-0.1335682217  
0.6982898183  
-0.9308736874  
-0.7133992943  
1.233066908  
-0.6388954535  
-0.3468411479  
-0.5765817741  
-0.2702547719  
-0.6633062417  
-2.049092831  
1.418677092  
-1.187943586  
-0.1869745113  
1.60618771  
-1.120529685  
1.323431516  
1.744974328  
-0.5803403763  
-1.366956855  
-0.608017777  
0.412394096  
0.2741511682  
-1.622071084  
0.2941067104  
-1.071405184  
-0.1572740839  
0.5217195056  
-0.4055027783  
0.2027387956  
1.858133229  
0.248586187  
-1.734122041  
0.1785429378  
0.1186627223  
0.3509074029  
-1.157674824  
-0.3058940355  
1.495473171  
1.202728402  
-1.579208361  
0.2120533497  
0.004769875578  
1.464198218  
-0.4298923342  
-1.208669234  
1.500753235  
-1.060335984  
1.571590975  
-0.1598370984  
