-0.5389330996  
-1.465034629  
-0.799539691  
0.251308151  
-0.5906305628  
0.03497994519  
-1.008314546  
-0.7528247724  
1.714720783  
-0.8672389337  
0.907144941  
-1.194042508  
0.4427070804  
-0.7897989747  
-1.27052047  
2.402351434  
-0.3119002777  
-0.5013595342  
0.7968337768  
-0.2759714049  
0.8348753518  
0.6505603509  
-0.6868107007  
-1.276815702  
-1.062523367  
-1.914415275  
-0.7630482924  
-1.220298914  
-0.4650599825  
-0.9721781551  
-0.6381061963  
2.548578233  
0.8403948605  
-0.5519830036  
0.3464444646  
-1.421347188  
-1.627222694  
-0.1923360097  
-0.5714094507  
0.916659194  
-1.22134109  
-0.512157525  
-0.6851376721  
-0.5491774165  
-2.629139805  
0.09714093088  
-0.8967466658  
-1.000619161  
0.7601044558  
0.2706124188  
0.7494566729  
-1.423277189  
1.65017721  
-0.8593389982  
