-0.2792980806  
-1.02053919  
0.2350249637  
1.744960007  
0.2832906785  
-1.063079295  
0.526108007  
-0.2297349552  
0.7504725555  
1.391420914  
0.2345572533  
1.156938674  
0.6095122012  
-0.6003840994  
-0.4512232634  
-1.320035348  
-1.401874148  
-0.7518265714  
-0.0743014902  
-0.2871533356  
0.009730409114  
0.8092315521  
-0.7157893651  
-1.062229587  
-0.1155044193  
-0.3234431949  
1.144076927  
0.3180901733  
-0.5991310202  
1.62485093  
0.8019399454  
0.2316580276  
-1.355890757  
-1.234155362  
-2.238669709  
-0.2320242234  
-0.4415961355  
0.2494861071  
-1.15210122  
1.248331824  
1.093399759  
1.131012723  
-0.7659221555  
-0.3407259562  
1.427234101  
0.4249920117  
0.7793219271  
-0.9175462847  
-0.2461087417  
0.800986678  
1.501116681  
0.007325476609  
0.9693314863  
1.428056287  
