-0.8215856979  
0.5985474455  
-0.8573278793  
1.188364234  
-0.6354272517  
-1.079912005  
-0.07463223201  
-0.7994530562  
1.338434991  
0.127091151  
0.652364109  
-2.503818512  
-0.3678051173  
-0.9272126245  
-0.08259628577  
-0.1739044863  
0.7151022382  
0.767003076  
0.3409908506  
-0.5472944603  
-0.7764300108  
-0.133189506  
-1.284439493  
-0.3511215996  
-1.029083645  
0.2688850677  
1.259148704  
-0.2798254811  
0.2974390307  
0.581681078  
-0.8766442564  
0.06923328293  
-1.667229539  
-0.1078237268  
2.279585368  
-0.1231754444  
1.33616969  
0.07522865929  
-0.08960425825  
-1.226855275  
0.0677965556  
-0.1513826771  
-0.7557492325  
-0.1304957548  
0.6614505355  
-0.1981701362  
0.3611960231  
-1.073062877  
0.0598554296  
0.5506210327  
-0.5884861691  
-0.5628161655  
1.418640416  
-0.941783801  
