-0.7424295218  
-0.6693543634  
-0.8986704201  
0.1209418659  
-1.129977758  
-0.8299903546  
-1.662486926  
-2.062715828  
-2.204811478  
-1.62017443  
-0.04816430492  
0.1014018547  
-1.872349128  
-0.004867922282  
0.4627665273  
-0.8668470831  
-1.09555744  
0.1683836746  
-0.3285066551  
-1.129618072  
-0.8884857234  
-0.4258045965  
-0.2941455186  
-0.3358875476  
-1.629064874  
-1.028615247  
-1.773161518  
-2.168451612  
-1.682204974  
-1.53680154  
-1.830398227  
-1.10661534  
-0.01684203472  
-0.6564440869  
-1.596558038  
-0.6295322618  
-1.60688005  
-0.7667980521  
-0.984918654  
0.05349385853  
-1.107483263  
-0.02239151012  
-1.100824451  
-0.7781143337  
-1.41257946  
0.6685873495  
-1.831349595  
-2.432659713  
-0.4823981769  
-0.9913502972  
-1.594157901  
0.02695718186  
-2.036495894  
-1.118024499  
