-0.5896558279  
-1.861221115  
-0.1230315067  
0.4802146245  
-0.8743480965  
0.441965765  
-0.5651566757  
-0.07014462957  
1.101410162  
0.8612884936  
-0.5287563225  
-0.4193406303  
-1.529985747  
-1.07641541  
-0.5597799709  
1.365463101  
0.4754856042  
0.8403560872  
0.5284534658  
-0.6276765566  
0.7190047603  
-0.5240707779  
-0.6594119371  
-1.656814918  
-0.289560675  
-0.2951972711  
0.8952135275  
-0.2831821374  
1.00918241  
0.05984862693  
-1.475346855  
0.3791581064  
-0.02948032697  
-0.2521956248  
1.379909766  
-0.9131880809  
0.02546839137  
0.2767226292  
-0.5968392159  
0.005738331435  
-0.6539821436  
0.4620441302  
-0.01967954191  
-0.8411476303  
-1.582674735  
-0.2802901175  
0.1270768854  
-0.3581846018  
0.7986584913  
0.2550182624  
1.259831621  
-0.6338183684  
0.1322227673  
-0.5029644563  
