0.1341751522  
-1.025463258  
0.4418235874  
1.844081641  
0.3347479784  
-1.247082235  
0.5241688954  
0.4951611816  
1.01867586  
0.3077339251  
0.6915302741  
1.258545765  
-0.6855847707  
-0.1343288307  
0.08852270016  
0.7063177714  
1.057649777  
0.07833304571  
-0.137755823  
1.034384055  
-0.06160375762  
0.2349465732  
0.7217938062  
0.3714830653  
-0.7597201207  
-0.4450634214  
-2.121485139  
-1.005068668  
-0.6056817277  
-0.6504914738  
0.07969124056  
1.875306627  
1.394591157  
1.287360441  
1.013017154  
-0.2895085207  
-0.4354126654  
0.3418115443  
-0.8481602557  
0.7508957992  
-1.131427257  
-1.439353777  
0.06077142787  
-0.3269499714  
-0.5312629013  
0.7045741243  
0.7984139721  
0.5425727089  
0.450904914  
-0.6509541955  
-0.4547632824  
-0.02843670361  
-0.2124318571  
1.332047331  
