0.9269012029  
-0.2172421622  
0.6918508278  
-2.248786225  
-0.27390032  
1.515445291  
-0.6199993264  
0.1964301319  
0.6609884936  
-0.1300215649  
0.4161969648  
-0.8365717439  
-0.5687933218  
0.3425235758  
-1.384311501  
-0.02409631508  
-0.8470748305  
-0.3331178378  
0.3124912226  
-1.57399419  
0.692894429  
0.9884834171  
0.08830775972  
-0.8549661837  
0.3673318331  
0.1336192956  
0.2279786594  
-0.9353429363  
0.03435310327  
-1.173939281  
0.627861631  
1.5703866  
-1.128140425  
0.06090397664  
-0.1548978808  
0.08165557883  
-0.492445781  
0.1162915971  
-0.3364449828  
-0.2755231235  
-1.652095101  
0.2800915681  
2.799893806  
0.3639269815  
0.3024043017  
-0.322266432  
2.701660629  
0.4135362377  
0.2101623463  
-0.7904676775  
-0.3864495194  
-0.004109448789  
1.221496851  
-0.4266917493  
