0.07997669967  
1.279085841  
-0.9364020843  
1.218975673  
0.3988695679  
0.6678892952  
-0.5543102304  
-0.6954670246  
1.699852175  
-1.130130396  
-0.6285506186  
0.5921479736  
-0.2785287809  
-0.9010653724  
0.2451753542  
1.539833888  
0.5900044155  
0.3205255408  
1.842273598  
-1.315410339  
0.1534636668  
1.298883969  
-0.9085877629  
-1.696050122  
-0.2938354136  
-0.841191225  
0.6649278907  
-1.046083207  
0.5385527794  
0.6049038361  
0.04046055291  
0.8727886895  
0.02707257036  
-0.575082131  
-0.6857462543  
-1.107550141  
-0.8983807943  
-0.4665095216  
0.4427975807  
0.09826600165  
-1.293232283  
-0.2300143205  
-1.00262645  
0.08371080057  
-1.360449177  
-0.06006666617  
0.2862767676  
-0.1608342801  
1.01399704  
-0.3920043448  
1.932512939  
0.4650293797  
1.072761571  
-0.7152361904  
