-0.5492610571  
0.4471703916  
0.5634766773  
0.9443866599  
-0.9720887977  
0.000222061116  
-0.7839452356  
-0.7103718477  
-0.007305271064  
0.5033368627  
0.5618565369  
-0.1086061204  
0.9417113347  
-0.6545435131  
-0.7261124967  
-2.223694517  
-0.8995990568  
-0.937785469  
0.1719207383  
-1.203237569  
-0.02785033973  
-0.1905456859  
0.1169495134  
-1.586899166  
-0.6137765385  
0.1360635737  
0.2350930764  
-0.1844382363  
-0.007744328835  
1.526108829  
-0.2042804926  
0.4631927793  
-0.1411880582  
-1.294108665  
-1.386159056  
-1.23468487  
-0.004358716882  
-0.1275371863  
-0.2101784042  
-0.7827955373  
0.5728332433  
-1.180191537  
-1.38527218  
-0.5389589791  
1.488652041  
0.2318517496  
-0.2007823806  
-1.600701059  
-0.4670911837  
-1.13813137  
1.688679809  
-0.4521537807  
0.3144554633  
0.08377169789  
