0.076224878  
0.1338245069  
0.3109597067  
0.08382869512  
-0.689864711  
-0.03862127819  
0.5470350042  
0.48011707  
-0.53383969  
-0.1583048428  
-1.147647418  
-0.7767492227  
-1.741928333  
0.8109834564  
1.106278138  
1.04032942  
0.09039650657  
0.1565838523  
0.4603594762  
-0.3311892086  
0.1173900253  
0.05690016965  
1.909859821  
0.4774962638  
-0.6446038969  
0.5425614385  
1.082221257  
0.2704612387  
1.357899405  
1.313584419  
0.5409320844  
-1.000365279  
0.7919332189  
0.6231471335  
-0.8045086041  
0.1868801018  
0.2379013943  
-0.02349835276  
-0.7687671076  
-0.6393400636  
-1.120897043  
0.4574624412  
-0.396310377  
-0.9158592146  
-0.2354918769  
-1.455906843  
0.7346358377  
-0.08673357591  
-0.3061025868  
0.5570535396  
-0.8362037333  
0.2922600293  
-0.4358323676  
1.346853742  
