-0.6199963676  
-0.757469044  
-0.969589548  
-0.7869888573  
-2.040208282  
-0.2766697775  
-2.171015519  
-1.976094835  
-2.837290312  
-1.8844319  
-0.5139547449  
-0.03326781596  
-1.601925069  
-1.593967076  
-0.9577739803  
-0.1104248597  
-1.860385304  
-1.077769475  
-0.2805082107  
-2.703033048  
-2.087709415  
-0.4074835442  
0.1465008732  
-1.351783562  
-1.833064748  
-1.351413784  
-0.8576149029  
-1.972494974  
-0.9753946179  
-0.6559353628  
-1.436174528  
-1.070901184  
-0.4609806498  
-1.154786115  
-1.609176276  
0.03834097095  
-2.057726195  
0.08513634193  
-1.625723231  
-2.447736452  
-0.6999331696  
0.3793514314  
-1.016463847  
0.267274997  
-0.5902333987  
0.006346923371  
-0.5965394295  
-0.5506568379  
-1.428399071  
-2.05640579  
-1.31518323  
0.3836090161  
-2.00953092  
-0.2326396515  
