-0.558199909  
0.5618395719  
-0.09542650686  
0.7528409648  
-0.8481089481  
-0.2907284708  
-0.7011975119  
0.4188984068  
0.08075097776  
0.3436692734  
0.460713826  
0.2575942272  
1.357852702  
1.148169115  
-0.3528892384  
-0.9146521579  
-0.6440403722  
-1.463139798  
-0.7496316839  
-1.04159438  
-1.248710417  
-0.7987647981  
-0.03755161184  
-0.3857032221  
-0.6462344834  
-0.6322080561  
-1.387008129  
-0.2679465831  
-0.5207379963  
0.6713275101  
-0.4887830357  
0.3296908066  
0.3696305354  
0.8333613219  
-0.6485751896  
0.5675895641  
0.2195999599  
-0.7440307438  
-0.7691636624  
0.6985479914  
-1.043439028  
0.3108352383  
-0.2806697007  
-0.619438276  
-1.845904176  
0.1420697031  
0.254286566  
0.1911864798  
-0.9675827265  
-1.265215429  
-0.07385986046  
-0.2436417162  
-0.4554686648  
0.1952611133  
