0.2720406023  
-0.4559582801  
-0.4170578797  
1.67073902  
0.5472762093  
-1.542151132  
0.5212143602  
0.8837806757  
-0.01995709304  
-0.2922213009  
-0.7032542386  
1.879254062  
-0.395059699  
-0.7023568801  
-0.1397495533  
1.029830681  
0.7915767956  
-0.1886690478  
-1.035910799  
1.33120259  
-0.6723515948  
-1.231422328  
0.00787645693  
0.9671631389  
-1.573661923  
-0.7398578526  
-0.2577880862  
0.5916221516  
-0.2328682911  
-0.006031117044  
-0.8548076611  
0.325341669  
-0.8313335567  
-0.2479228721  
-1.500520351  
-1.195649307  
0.2027565755  
-1.363676113  
0.06631273508  
0.1375291544  
0.58927671  
-0.3293302686  
-2.308214741  
0.4199498769  
0.1822710566  
0.392121745  
-0.8126401629  
-0.09074683444  
0.7310530993  
1.3711091  
-1.454810296  
0.2846344813  
-0.1491681084  
-0.02662748851  
