-0.01192508703  
1.699440554  
1.444666057  
1.212433208  
0.3565444324  
0.5844159697  
0.8714644744  
-0.1239577793  
0.9653306603  
0.6315629215  
0.920453564  
0.5162745483  
0.7736399893  
1.385448302  
0.4059359003  
-0.4108327132  
0.08358204915  
0.3313268845  
0.3990663255  
-0.7245780884  
-0.8466433507  
-0.3943898733  
-0.2658949013  
-0.6565712102  
-0.7512776351  
0.9569868556  
0.9698846366  
-1.950332432  
0.6204117647  
1.402004927  
1.753243441  
0.2635216807  
-0.5292795645  
-0.4236075794  
1.595926892  
-2.214742495  
0.958348218  
0.1826490665  
0.9816780039  
-0.6396529287  
-2.765074974  
0.8842248285  
2.008434995  
-0.422973878  
-0.1205865838  
0.249078795  
-1.56880989  
-0.2245454205  
1.735385485  
-0.6054317355  
-0.2315786575  
2.04252539  
1.531924128  
0.5577211051  
