0.1606486113  
0.6060014043  
0.5830735574  
-0.1404609811  
-0.1574972363  
-0.2650127838  
0.9653221531  
0.09370701517  
0.03235142889  
-0.6613849401  
-1.536892842  
1.821838037  
-1.265679333  
0.8569984413  
0.838632675  
0.522832443  
-0.2522621121  
0.904820685  
-0.156130011  
1.916680427  
-1.398856437  
0.7164768995  
1.362272115  
-0.7879039768  
-1.228932292  
-0.9760057847  
0.1631705959  
0.238064079  
-1.399862588  
0.6341356885  
-0.7221158549  
0.7418292958  
0.475517662  
0.8280470967  
-1.284716066  
-1.91586072  
1.818772168  
0.8023409801  
0.3870520671  
-2.089233922  
0.5838854938  
-0.944983209  
-0.2281377834  
0.1206820231  
0.03698905298  
0.03641296016  
0.2385187253  
0.4735780725  
-0.5852546642  
-0.7367248844  
-0.1207692145  
0.259796396  
0.5890136944  
0.7363443498  
