-0.5893876263  
-0.1723376888  
0.4609621472  
-0.1573055017  
0.9713702861  
-0.1421172564  
0.3610962364  
0.7169138958  
-0.8422880652  
0.7628398713  
0.2034257317  
-0.3991550209  
-0.3788796306  
-0.3496993845  
0.63146355  
-0.3200878819  
0.6078712853  
0.4422892182  
-0.6636266887  
-2.272779651  
0.6924192144  
0.6444206646  
-0.6831296598  
-0.6722729452  
-0.2231399392  
0.4151217636  
0.3050314052  
-0.5991425142  
0.7533073647  
0.433174645  
0.5867028975  
1.002300892  
0.358047595  
0.1694499185  
-1.039661944  
0.9064821215  
1.071861311  
-1.475941207  
-2.420796068  
1.012586536  
-0.09708507521  
0.6285876835  
1.113518187  
-0.8216174795  
-0.1515587928  
0.489109935  
-1.062002798  
-0.5087348838  
0.6114095057  
-0.4888066606  
-0.5742865041  
0.5939304344  
-0.1656997385  
2.1871518  
