0.1461026437  
0.3378556802  
0.08901726827  
-0.9797633387  
-0.3428580768  
-1.24066822  
0.75463607  
0.2143699978  
0.02701319592  
0.691958282  
0.2336043101  
-1.214263707  
-0.4369358362  
-0.5770491844  
1.062908716  
-0.999135042  
0.04377879308  
-1.07083123  
-0.2527715769  
-0.3881351687  
-1.062912761  
0.4480805783  
-0.2389929403  
-0.1307562186  
-0.3418097771  
-0.03856919673  
0.50341394  
-0.8840598  
-1.641372061  
-0.1527695047  
-0.5080248804  
0.8331512699  
-1.060169566  
-1.428991504  
-1.038777712  
-1.541626724  
-1.747183088  
0.9532615815  
0.7644699585  
0.5506599092  
-0.5658630632  
0.1125795912  
-0.6047925993  
0.6985503268  
-0.3913546919  
0.3436569665  
-0.6614484254  
-0.6833356658  
0.1732994991  
1.866544034  
0.6106495295  
0.2305490085  
-1.392066194  
1.073640419  
