0.284690261  
1.242298471  
-1.98925908  
0.1749259989  
0.3985402382  
0.1003154499  
0.4160203405  
0.4816342303  
-0.2511977313  
-0.809279058  
0.5312385669  
-0.1091998868  
0.6622333332  
-0.6578735194  
-0.8962486235  
-0.3558543571  
-1.203575458  
0.1795068018  
0.6632590625  
0.02836794601  
-0.3801879787  
-0.4859500777  
1.018953802  
0.5286106877  
-0.00495423332  
-1.266901522  
-1.377212966  
1.10371324  
0.6064321875  
-0.09154273003  
0.06748009011  
0.9911298013  
0.1065186286  
-0.8119375965  
-0.5361221956  
-1.955693434  
0.1276169435  
-0.909753091  
1.281181742  
-0.3792684558  
0.7874623848  
0.1525563641  
-0.4900938593  
-0.6937198082  
-1.246912016  
-0.3311701472  
-0.4902558051  
-0.1837745112  
1.294824399  
-1.049378365  
0.5823470425  
1.457897489  
1.614905885  
-0.4705019707  
