-0.4735013956  
-0.7450879903  
1.394288515  
1.13647604  
0.3399729204  
0.8834181409  
1.049013411  
-0.09768036575  
0.3059977411  
-0.298242682  
-0.4952530271  
-0.6379619822  
-1.900389588  
-0.9834788636  
0.2579595793  
-0.2627972407  
-0.9048422058  
0.687123791  
2.200714313  
-0.0067790805  
1.826997674  
1.526486096  
-0.7682733801  
0.7872251289  
-0.5253308584  
0.6367279389  
-0.1375139465  
-2.123498657  
0.3368307766  
0.55200571  
1.560021032  
0.5456850472  
-0.8033668519  
-0.7251078005  
1.318034161  
-2.210069853  
0.169063252  
-0.3844914558  
-0.5182118011  
-1.596825777  
-0.3228403413  
-0.5307044385  
-1.034125354  
0.04315083569  
-0.01509594885  
0.196707997  
-1.569554508  
1.29748224  
-0.2172874063  
-0.3216177211  
-0.3489461982  
1.259510499  
1.890351492  
1.003794604  
