-0.2883183347  
0.08675060632  
-0.2036072763  
0.377525614  
0.3544126982  
-0.3295416887  
-0.2942368266  
-0.2049251588  
-0.9076352406  
0.4651265446  
-1.041690597  
0.1564492927  
-3.530862539e-05  
-0.04824427321  
0.09169439809  
0.821138566  
0.1459062974  
0.3500188187  
1.072450764  
0.285361699  
-0.4218174789  
-1.832933296  
-1.977555916  
-0.8475764134  
-0.7319237298  
2.367605982  
-1.344054065  
-0.7147276654  
-1.319241682  
-0.7090602953  
0.0451645609  
0.8303273916  
-0.8218977699  
-0.09065583818  
1.702861363  
0.03499620821  
0.3559821896  
0.005000767824  
-0.6926912844  
-0.5416651974  
-0.6823831098  
-1.116131575  
-0.2087975659  
0.6124111478  
-0.03995998613  
-0.3800347635  
0.1396043898  
0.2355656125  
-0.8260100358  
0.1260536695  
-0.5611266144  
-0.4884890758  
-1.221081007  
-1.723897379  
