0.4136474134  
2.579946326  
0.5333588947  
-0.7763571621  
-0.4816566583  
0.6293212672  
0.5323494977  
1.314829333  
-1.700183322  
0.9961958359  
-0.2416906039  
0.3474959338  
-0.2866879952  
0.02628238888  
1.870798277  
-0.7231607635  
-0.599578306  
0.2651769606  
-1.731963042  
0.54725816  
0.2835498135  
1.379158549  
-1.346469221  
1.378135889  
-0.01177461826  
0.3479211376  
1.499665027  
0.08189784914  
-0.2598794863  
0.4285651423  
0.1958947511  
0.3978367491  
-0.5722276137  
-0.05573700854  
-1.126112766  
1.700214503  
0.7212555885  
-0.3381745734  
-0.6599249325  
0.5440384979  
-1.120039347  
-1.027951023  
-0.7230000945  
-0.5746768927  
0.5022509416  
-1.339714345  
1.172764481  
-0.8561421911  
1.582357047  
-0.3193708982  
-0.1332086013  
0.6252456894  
0.6096780462  
2.097584853  
