-1.539236654  
2.0848895  
0.6889009613  
-0.4893142433  
1.011443637  
-1.78035451  
0.121811014  
0.05824371116  
-0.9813467886  
-1.387423901  
-1.351952654  
2.018441459  
0.5941754605  
0.4266544041  
0.1367199293  
0.1649778897  
1.204843149  
0.7183817804  
0.2423040439  
1.589949215  
-0.8882827652  
1.405877347  
-0.1443206397  
-2.601277377  
-0.8887187132  
1.250490374  
-1.764956454  
-0.001409363487  
0.4331868181  
0.3435824436  
-0.3693380688  
-0.2756086275  
-0.1426314851  
-0.1326900555  
0.6040125432  
-0.06878711445  
-2.288664528  
0.5813028051  
-0.8085166397  
1.896908693  
0.901943739  
-0.7633570488  
0.1535535321  
-0.3336924312  
-1.02719643  
0.671263501  
0.4269648042  
-0.6359190207  
-1.62379085  
-0.1910149254  
-1.117725313  
0.7414058314  
1.388638205  
0.8287356846  
