1.953066779  
-2.810165451  
-0.7075382827  
-0.9209709451  
0.4466412679  
2.494942157  
-1.108304275  
-0.6759960768  
1.448912312  
-0.7523282196  
2.048871836  
0.7363677974  
1.272878667  
1.811169378  
0.233261789  
0.6537362643  
0.4908217949  
-0.4357305574  
-3.084366275  
0.6039999012  
0.7014797576  
-1.367400483  
-0.9744827274  
1.899573543  
0.9713851492  
1.880555677  
-0.160758472  
1.513325725  
1.594220723  
1.157737671  
-0.09786261132  
-0.8098219257  
0.4385604912  
-0.2019511923  
-0.1981173028  
-0.2223972105  
-0.08273012742  
2.768141684  
0.08213540912  
3.40864402  
-3.281966723  
-0.5022442609  
-0.65431207  
1.239780364  
-1.422976751  
0.2384639026  
-0.6552942282  
1.674242968  
2.919799924  
-1.180671371  
-0.9257375374  
-1.052508498  
1.026348994  
0.1723659774  
