-0.8156402574  
1.818039388  
0.3870243482  
-0.7162773808  
0.1208350098  
-1.14796569  
1.558615804  
-0.1041760134  
-0.1878411867  
0.592394017  
-0.2164021811  
1.122494884  
2.043075536  
0.3582064283  
0.7293698982  
-0.0362464475  
-0.634789646  
-0.1979417558  
0.5226012716  
-0.03366120143  
-0.2281429707  
0.1510979063  
1.796283406  
-0.08199292  
-0.5569158307  
-0.1978127666  
-1.769964977  
-0.2577219858  
0.7905840953  
0.3524062232  
-0.8650249677  
-1.628348478  
-1.268105788  
1.131085797  
1.389377401  
1.0800021  
0.3926535388  
-0.2387032295  
1.275429572  
0.1041776386  
-0.2171149555  
0.4864675007  
0.5319553766  
-1.809129943  
0.6113028854  
-0.157579421  
0.9957291205  
0.0365708522  
1.628440127  
1.790534104  
1.158719753  
1.856709507  
-1.495013584  
0.7026199018  
