0.07578131305  
-0.4555272369  
-0.1840083168  
-1.769817293  
-0.5817948304  
0.5528590886  
-0.3058743815  
-1.193117118  
-0.2523023149  
-1.243303165  
-0.5475561204  
-0.05894976449  
2.346683132  
-1.997665452  
2.022689518  
-0.4128903847  
-0.04093634985  
0.6445349196  
-0.1626211939  
3.107938938  
-0.3213601066  
-0.4877705898  
3.064646615  
0.4039500119  
-1.003905756  
-1.484104229  
-0.5779045691  
1.039006831  
0.01210682993  
2.419137037  
-0.4022788448  
-0.406819455  
-1.991586157  
-0.6496642276  
-0.8340081028  
0.9344646642  
1.441892292  
0.4232716742  
2.518694454  
2.511677412  
-1.335499146  
-1.906055806  
1.019006239  
0.4124411674  
-0.409782052  
-0.5754034015  
-0.8761102168  
1.009904731  
-2.013308706  
0.3467757498  
-1.564756875  
-1.423618538  
-0.6272261169  
0.6056856171  
