-1.210985997  
-0.9148100187  
0.1335544196  
-0.07650552698  
-0.9184107978  
-0.8374556165  
0.2219262275  
-1.220093172  
-1.853910381  
-1.202120195  
-0.2245520239  
0.4313299406  
0.6720771618  
-0.3057498542  
-0.1588573499  
0.2329313664  
1.855316038  
-0.726808098  
0.4243469549  
0.4893463082  
0.511168065  
0.281750282  
-1.372864761  
-1.866650143  
-0.1747037377  
1.168341927  
-0.812120518  
-1.136119157  
0.4412763327  
-0.1417097967  
0.5549158718  
-1.256167978  
-0.1139384085  
0.704151229  
1.718696913  
2.383729769  
-0.8737831313  
0.1693380919  
-1.307437849  
-0.0811061638  
-0.3968243667  
-0.800754206  
-0.99814336  
0.6630923533  
0.5674375558  
-0.1622975007  
0.5353148638  
-0.2531937818  
-2.543179382  
0.3550051963  
-0.5222454746  
1.284766117  
-2.060204319  
0.7660132813  
