0.3472372014  
2.586601589  
-0.482133555  
-0.777936259  
-0.4953028339  
0.8067051405  
0.5286717774  
0.7095129136  
-1.614365106  
1.169494108  
1.407962848  
-0.2200502744  
0.948415729  
0.480935141  
-0.8608412454  
1.300403527  
1.95597269  
-0.9170660777  
-1.88395183  
1.571012183  
0.5035550393  
1.472132939  
0.2857365258  
0.170995031  
-0.1452539196  
1.228195501  
-2.040944429  
0.9807572762  
-0.2434738485  
-0.1342204617  
0.6010256932  
0.08928674773  
0.9043781205  
-0.04072955186  
0.7632474426  
1.173899052  
0.6722733506  
-0.4127516855  
-0.4882587437  
1.324091499  
-1.366487832  
0.3739052901  
0.8063957065  
0.9543447242  
0.9135728595  
-0.6393956885  
1.161273306  
0.7066809785  
1.305737493  
-1.599133393  
-0.1863781967  
0.8858686028  
1.103871015  
2.528176829  
