-0.9976421193  
-0.3824351852  
1.10123686  
0.3355607198  
0.1386312382  
-0.117151918  
-1.038518711  
1.230436775  
1.111083728  
0.4433993532  
-0.2341474964  
0.05904729097  
-0.3977983014  
0.5317416982  
-0.8803972544  
0.935523667  
0.08098716686  
-1.798690659  
1.39383007  
-0.7980872886  
-1.357243588  
0.1205757707  
-1.192059509  
-0.4860420711  
0.4010013305  
-0.07798273813  
2.877940142  
0.3977950363  
-0.3580365323  
-0.005137158619  
-0.2908519451  
1.557810314  
-0.8256608598  
0.8349405608  
0.6223578025  
-0.7065501571  
-0.7729506145  
-0.7753471965  
2.031792967  
0.2495671921  
0.09836089979  
0.293865912  
0.04543380366  
0.7849409639  
-1.256813288  
-0.6688451041  
-0.5302559068  
-0.4626084283  
-1.159722666  
0.07377997276  
0.6676443035  
-0.9444955526  
-0.4323505271  
-1.22936185  
