-1.839928374  
-0.4376370363  
0.322337733  
1.315795565  
1.581096374  
0.2749157846  
0.7686842405  
-1.246357984  
-0.5493421246  
-0.8218497861  
0.01793354337  
-2.222016962  
-0.7325052645  
0.4829452783  
0.09808965497  
-0.09310501563  
-0.6763563033  
0.3269165416  
-0.4269457276  
-0.6744473525  
1.024409798  
0.02575558967  
2.338666377  
-0.7381118113  
-0.5685854389  
2.227268755  
0.9498385793  
-1.530901115  
0.5172440747  
0.5205723595  
0.04335616691  
-0.5055457452  
0.5338241415  
-0.3924736772  
-0.4984577506  
1.830288488  
0.8994082637  
1.551393928  
1.319855287  
0.1206204214  
-0.967608654  
0.4853809385  
0.8514545874  
-0.7715935752  
0.5788045849  
0.5568260802  
1.076554459  
-1.092345126  
0.6647957249  
-0.88614036  
0.2572050138  
2.556508909  
1.366284938  
0.5676226048  
