-1.506596872  
-0.6015536591  
-1.255922742  
-0.03371493454  
-0.6342914089  
1.190598951  
-2.390861107  
-1.573793862  
-0.588450632  
0.9660905104  
0.2966935252  
-2.013899521  
2.437174079  
0.3102373951  
0.1687332955  
-0.5927558399  
-0.4616637889  
-0.5560901994  
-0.9957540152  
1.090905469  
-0.4283285931  
-0.6556810192  
0.5395078529  
0.08774446016  
-2.287585912  
0.5820434861  
-0.1659454157  
0.8568451994  
-0.05851820792  
1.909831611  
-1.68896669  
-1.001668274  
0.02242361673  
0.04508278843  
2.078390505  
0.7008354418  
1.023011921  
0.8462958848  
0.9194586063  
2.69318394  
-1.008703178  
-1.764958367  
0.9416538566  
0.7412241927  
-0.1953677945  
-0.503745534  
-0.5678809277  
0.2170534391  
-0.5368217994  
-1.494368512  
-0.7670679735  
0.9414043256  
0.3180983562  
-1.061008302  
