3.617653138  
-2.55513438  
0.01319811801  
-2.597017635  
-1.870232134  
2.807871103  
-2.95080311  
0.6802500558  
1.934174139  
-0.621839846  
0.7511482729  
0.7852096888  
1.897779017  
4.478989166  
0.8855458743  
-1.97773652  
0.5865893186  
0.9600382493  
-1.880731869  
-0.7511397613  
-1.231056516  
-0.7996342283  
-1.172811386  
1.256081426  
-0.5679146921  
1.434759067  
3.738633902  
4.352047303  
1.342124168  
3.589845854  
2.707275303  
1.485939403  
1.194573115  
0.606779644  
1.730451628  
0.7040398665  
-0.2550066893  
2.664576774  
2.308509243  
3.284252728  
-3.464408118  
-2.627874588  
1.145902531  
2.013326422  
-2.343624925  
-0.1243163874  
0.5389792523  
2.240344413  
3.091133486  
2.064017892  
-2.868124457  
1.432563272  
2.008474493  
-0.3909810595  
