-0.1475977165  
0.1901673723  
-0.8883861985  
0.7987589946  
0.9020267263  
-0.5614669127  
-0.5522362843  
-0.1963101568  
-0.5678775123  
-0.0829710549  
-0.4388075026  
0.05881713533  
-1.555809827  
-0.8823444137  
1.05522108  
-0.2856793031  
-0.4924029766  
0.09242428645  
0.4555412039  
0.6507296075  
-1.789868378  
0.03542540133  
-0.1060979373  
-0.2220563642  
-0.1350424406  
0.9187718886  
-0.9115953934  
-0.2667320292  
0.5003822804  
-0.4906852306  
0.2837231233  
1.06961343  
-1.895134078  
0.1755815979  
0.137350916  
-1.745581674  
1.82157647  
-0.780670114  
-0.412875495  
-2.510282781  
-0.6280898462  
1.144497771  
-0.5069539191  
0.209425478  
0.3638122862  
-0.2521179491  
-0.4319591185  
1.173137125  
-1.063070179  
-1.089741882  
0.1500437729  
-5.626224953e-05  
-1.328834816  
-2.776625219  
