-0.7231571341  
-0.7991959064  
-0.06896282328  
-1.526944057  
-0.615286308  
0.0134458993  
1.75174852  
0.4151714933  
-1.729287946  
0.8131461386  
0.8958872362  
-0.8938931266  
0.141493423  
-0.7272341676  
0.03824333276  
-0.4045909033  
1.531013596  
0.749308946  
0.2625262086  
1.065469079  
-0.6788107516  
-1.21194542  
-0.008684383017  
1.485971631  
0.2915712211  
-2.136902908  
-0.4833263327  
0.01378977752  
-0.4343869879  
-1.214698861  
1.401286949  
-0.02391579116  
-0.3413172921  
0.8962367974  
0.08346726162  
0.06083651899  
-0.4018701915  
-0.2806946577  
-0.3036074639  
0.8204109274  
0.7692399901  
0.4125240301  
-0.2343914936  
0.6107079686  
0.2664208594  
0.7229407926  
0.8050694854  
0.7572150483  
0.9546201921  
-1.654728588  
0.7749292886  
0.9546815196  
-0.8810434869  
-1.8408591  
