1.157176573  
-1.100929706  
1.427911082  
1.147558628  
0.3315108612  
0.4309163533  
0.4441946251  
-0.09093736906  
0.7570293167  
1.215436243  
-0.2333432656  
0.6553339931  
2.407422335  
0.1514117172  
0.06566758276  
0.2245155348  
1.178487013  
-1.749861833  
0.3190332968  
0.6903980624  
-1.721077845  
-1.686512929  
-2.357679525  
0.467297537  
2.323877018  
-1.069261182  
-0.9130471961  
-1.265191103  
0.03765450483  
0.9244675105  
1.289722694  
0.6119590926  
0.5274780539  
0.8065433165  
0.3095486727  
-2.253213551  
-0.106072496  
0.09062513993  
-0.5365018106  
0.1727346542  
0.6479943343  
0.355950437  
-1.251833257  
1.43677002  
-0.6892260255  
0.2197310442  
-1.572296057  
0.7185170835  
0.3582166357  
0.8977283408  
-0.6195504111  
0.9033291171  
-1.868816824  
-0.6658933461  
