-0.8995956841  
-0.01591542841  
-0.4985194728  
0.6462691984  
0.74819874  
-0.7104610457  
0.6752894566  
0.1009832368  
-0.2580399635  
-0.07803775949  
-0.5577164807  
0.9906051489  
-0.1283658551  
-0.5818963808  
0.235354371  
1.165268788  
0.6723160577  
1.453632698  
-0.3157915662  
1.035767787  
1.987592619  
-0.8682061576  
-1.15125189  
-0.3758838459  
-0.8501092095  
1.682957271  
-2.863554628  
-0.1047782148  
0.1487613924  
-0.4819965149  
1.155973078  
-1.138694184  
-1.684512698  
-0.2441788335  
-1.392051875  
-0.214225562  
2.254968591  
0.2228853249  
-0.3096883007  
-0.6273515361  
0.4962299029  
0.5844303253  
-0.5899238084  
0.3715132594  
0.2430275682  
-0.716128334  
-1.36786961  
0.3317361114  
1.315996271  
0.2540162948  
-0.6624009585  
-0.4209253326  
-0.8771185085  
0.9180398577  
