-0.5933726119  
0.1127632702  
-0.9137995688  
-1.785959397  
-0.5361596095  
-1.068361525  
-0.2448792645  
-1.094648997  
-0.3262450241  
0.171938898  
-1.147253103  
0.05296828371  
1.25846749  
-0.111853688  
0.1260867237  
1.644196731  
-1.383472272  
-0.6568875169  
1.825176161  
-0.1620926093  
0.03240228606  
0.3732806046  
0.2733832515  
0.4764528365  
-0.2536206275  
0.5178548764  
-0.1546082082  
-0.6350026668  
0.3674532646  
-0.3003026027  
0.07755322088  
0.26038844  
0.4982624515  
-0.01724633145  
0.4951021108  
-0.870031467  
0.5591650608  
-0.3381636695  
-0.05243297496  
-0.1752541284  
-0.9936626463  
-0.4159770712  
0.7447327589  
0.5469441139  
-1.263792399  
-0.724104111  
-0.6310567713  
0.2725132552  
0.581405743  
-0.1734160011  
0.1833159922  
0.244874342  
0.8571562344  
-0.7978523898  
