-0.7851075413  
-0.2397230932  
-0.7855980628  
-0.9208012149  
-0.7332007474  
-0.4471738971  
-1.303720431  
-0.7981459149  
1.002256866  
1.241672696  
-0.7843884087  
-0.2394678319  
3.725651959  
0.3735024265  
0.9829616961  
-0.8793941373  
1.092126906  
0.02190625117  
1.213486954  
2.290983324  
-0.8124128365  
-0.8183506087  
1.304189691  
-1.296811579  
-0.8382491852  
0.662733713  
0.7271409582  
0.9804177258  
0.3564376687  
3.817641103  
0.3414503947  
0.5135921401  
-1.509852138  
0.3711159562  
0.7239688638  
0.6534015604  
1.989414987  
1.712682303  
0.820037278  
2.940500587  
-1.066974583  
-1.372503246  
0.7664722865  
0.8577974147  
-0.778084223  
-0.3701709926  
0.3342343831  
1.486424481  
0.9128589695  
0.9734182112  
-0.8266276771  
-0.0240632145  
1.606404125  
-0.698114689  
