0.60576272  
-0.03061849855  
0.3523061616  
-0.261493237  
-0.2409072488  
1.460268347  
0.4012054338  
-1.255838874  
1.058021047  
0.9533955048  
0.9953872309  
0.7659503788  
0.103446223  
-1.309021527  
-0.2526054969  
1.167403724  
0.6913463794  
-0.7563063277  
-1.010404284  
0.6775600282  
0.4816215719  
0.4681239404  
-0.07219749495  
1.201307828  
0.1329643794  
0.34808739  
-3.194511621  
-0.6276251927  
-0.2976885388  
-0.660690098  
-0.1454110669  
-1.386316327  
-0.5821017547  
0.462136347  
-0.4751111601  
0.5966250702  
1.664218014  
1.208545397  
0.03512918277  
1.232763386  
0.5495801519  
1.32216861  
-0.5063839873  
0.4723349207  
1.55257414  
0.1819730582  
-0.2682849383  
0.2380856709  
1.726141244  
-1.10591394  
0.8104294749  
1.119619894  
1.255649963  
0.429076556  
