-0.9384303252  
0.5747442618  
-2.758027942  
-0.3652911596  
0.02300332681  
-0.03283850201  
-0.6341230523  
0.7909617677  
-1.681742817  
-0.3061802652  
0.149038637  
1.479291302  
0.2444578786  
0.1542500786  
-0.577354064  
-0.1411367149  
0.1277938271  
0.932996447  
-0.3847863127  
-0.7507731144  
-1.275793672  
-0.0317811046  
1.192142729  
-1.695604221  
-0.1676058303  
0.3353719815  
2.110895652  
0.2758434826  
0.6706494796  
0.7075061387  
0.5783813748  
1.108223962  
0.1008344574  
0.324980373  
0.8097062072  
-1.128307173  
0.6045164599  
-0.9140316148  
0.790335638  
-0.4303890784  
0.9471630927  
0.8634061165  
0.2532671246  
-0.07463324876  
-0.1018676042  
-0.6986500263  
1.584329557  
-0.6086513496  
-1.705318437  
-0.446532975  
0.7338140545  
2.969696024  
0.679305754  
-0.9561300479  
