-0.9805013947  
2.599351277  
-0.4306129352  
-0.7820766108  
-0.4877420774  
-0.1461357962  
0.5150634572  
1.054353567  
-2.066190046  
0.8085145108  
-0.1847746572  
-0.7681748922  
0.6006247935  
1.820847054  
-0.9684122464  
-0.2573339178  
-0.8977641946  
0.5011106976  
-1.577255599  
0.8548451374  
-0.2441153372  
0.8570834278  
-0.5157356706  
-0.8925365106  
-0.7320700444  
0.3016209844  
2.465602875  
1.072906975  
-0.2238739692  
0.07389687192  
0.6246558162  
0.5086716418  
-0.2308472486  
-0.8447849548  
-0.1598593251  
-0.4445763284  
0.5731692084  
-1.126079583  
0.3644669318  
0.861061768  
-0.3818031869  
-0.1061066005  
-0.3860077101  
0.07762919658  
-2.293398791  
-0.8219358826  
1.158655701  
0.1201998382  
-1.13424264  
0.02720349071  
-0.1538277305  
-1.466975933  
0.3273761523  
1.88397312  
