2.910935797  
-1.494001188  
-0.06268654569  
-1.983905378  
0.04150330777  
2.040682803  
-1.212625243  
2.562928599  
1.47647078  
-0.3719399163  
1.861665315  
1.042966628  
1.843312191  
1.198021928  
1.402004725  
0.8762313886  
0.8690458837  
-0.2063985937  
-1.194862595  
0.6468561188  
-1.947980054  
-0.3922157571  
-0.311842478  
1.053776579  
1.054246334  
-0.597149204  
0.6795610041  
3.6487227  
2.426297282  
1.496907576  
1.648309933  
1.933062749  
-0.1604154593  
0.6953509097  
0.03814199316  
-1.987865324  
1.706269584  
0.5121629279  
-0.6380786938  
2.537539115  
-2.668165206  
-0.5620122707  
-0.9652946151  
1.16830892  
-2.180749755  
-1.005016432  
-0.1260704994  
1.97382101  
1.861266483  
1.693257563  
-1.030969266  
-1.086254665  
2.34942771  
-0.7168201195  
