0.7104126588  
-0.5420596603  
0.3763397132  
1.031704089  
0.4978398769  
0.4787727513  
0.07840792367  
0.4944946034  
-0.8242888839  
0.4530256901  
1.551864202  
2.007981826  
-0.7555502744  
-1.001756483  
-0.2691057897  
-0.7302807838  
1.150882392  
-1.643051806  
0.8764885574  
1.614997396  
-0.8762731549  
0.9475562155  
0.8159357046  
1.234391735  
1.261688435  
1.109964247  
1.002137384  
0.06882639035  
0.7151435691  
-1.566548732  
1.987784266  
1.006805251  
0.409984076  
-1.267684528  
0.7489679257  
1.692114618  
0.5002916646  
-0.2333229124  
1.376282456  
0.3929821816  
-0.483063357  
-1.176012354  
0.8343795065  
0.5679497593  
-0.2151392685  
-0.5375564505  
0.1196786507  
-0.8532314885  
-0.9407437421  
0.7376613881  
-1.019084669  
0.3217918973  
-0.1581926265  
-0.2714969393  
