-0.2870146544  
0.7497815606  
0.842683257  
0.3142190454  
-1.368198561  
-0.5108271567  
-0.9184002164  
-1.183505996  
1.155467408  
1.382480795  
0.4312387645  
0.3943303364  
1.286072236  
1.332761905  
-1.369778516  
-0.7348927034  
1.033570948  
1.538445477  
-1.777887267  
1.694469224  
0.9388940922  
0.001112495104  
0.2248565036  
-0.2647623157  
0.6306717027  
0.4082827474  
0.542902303  
1.167638792  
-1.356307099  
-0.4500123016  
-0.7138495355  
-0.8075551204  
-0.553835931  
1.487734918  
-0.4899822303  
-0.9793098964  
0.0108413923  
0.5570779112  
0.7355821755  
0.6241904996  
-0.05904022977  
0.6016020172  
-1.377177594  
1.21609137  
0.1486042864  
0.3571149558  
0.594790173  
-0.6256309391  
0.6947486449  
1.302098603  
-0.241846405  
0.1086092794  
1.55010838  
0.436175991  
