-0.6309912355  
0.200385437  
1.252365208  
1.024358696  
-0.7574943762  
0.07710320875  
0.5671284974  
-0.02062258488  
0.05263620312  
0.4042905539  
-0.2231281288  
1.036901411  
0.2130696222  
0.3252946869  
0.4441733318  
0.05114051357  
1.775553599  
0.6104586214  
0.46808846  
1.255467313  
0.8944927253  
1.28207041  
-0.4029020581  
0.6072414379  
-0.8369367121  
-0.9738068797  
-0.5656879928  
0.8770483907  
0.7810864349  
-0.2312059546  
-0.1168271497  
0.8124985908  
0.2017861377  
0.6755634248  
0.05669474155  
-0.3226003773  
-0.3090521051  
-0.2153354525  
0.9099992231  
0.5244178018  
1.00216409  
0.9425995603  
1.450377712  
0.3901313697  
2.18008487  
-0.2941162115  
-0.0002394016832  
-1.131969657  
0.8141624603  
-0.2332928818  
-0.3467483774  
-0.476738853  
1.514192838  
1.458139741  
