-0.04202638008  
-1.304876906  
-0.3667811752  
0.8649669863  
0.0874398706  
-0.8036761929  
0.5464212451  
-0.6056071028  
1.456745194  
-0.1388857379  
0.3625610007  
0.3390049506  
-0.2212555946  
-0.4809377078  
1.10297162  
-0.01751394132  
0.7598750392  
0.5527287643  
-0.840602769  
1.748990329  
0.413662458  
0.3651772462  
0.8314958788  
-0.1188670423  
0.02158833873  
-0.09261590205  
0.6972178265  
0.6565816704  
0.1311875772  
-0.9579794761  
0.8353824198  
-0.5689913109  
-0.2331112143  
-0.5081760743  
0.09521339275  
-1.367174708  
2.069523086  
-0.2755705649  
-0.2298953997  
0.3466281085  
-0.2438102065  
-0.364703339  
1.176033488  
-0.03556267768  
1.220499613  
-0.3969749247  
1.638312991  
-0.01627021395  
0.9077889196  
0.1203119233  
0.7277273418  
1.075320072  
1.70238267  
-1.305546527  
