-0.4254866654  
0.04798299074  
1.631366486  
1.444549949  
0.3360635448  
-0.1760463588  
-2.438625298  
-2.854510894  
-1.066911249  
0.05898533575  
1.35293568  
-0.4495764924  
-0.6904158227  
1.581517129  
0.8120477263  
-1.44105332  
-0.1563978664  
0.9528152958  
-0.1744109906  
2.023099505  
1.577879098  
-2.250963096  
0.3264042598  
-0.2368100679  
-1.85151613  
-1.826727766  
-1.142453077  
-0.1242897332  
-0.1911248954  
-0.2472280327  
-0.881849321  
-0.63829857  
-0.8448267022  
0.7370569564  
2.557798797  
-1.315701774  
0.5362433147  
-0.8307060063  
-1.168888447  
-0.2896227047  
-0.7863591589  
1.666274699  
0.008182304353  
-0.7602484383  
-1.387350253  
-0.08947548345  
-0.3976066142  
-0.6079558119  
1.056990639  
0.06063501667  
-0.2018228769  
0.9881890349  
0.1069124615  
-1.990943765  
