-0.1643578185  
-0.6783671554  
-0.2449665591  
0.1658499654  
1.639257078  
0.7362381622  
0.2927060557  
-0.1900709249  
-0.1280809231  
0.2149664576  
0.1390891945  
0.3817802809  
-0.4335144162  
0.4862123306  
-0.319265328  
0.01883774288  
0.2532414988  
-0.3294366755  
0.10148554  
0.1286844378  
-1.420234115  
-0.07413286548  
0.1159559716  
-0.4424812388  
-0.2328795608  
1.118177504  
0.3551098436  
-0.1879430441  
0.3728566469  
0.1350021238  
0.8202092685  
0.8764349498  
0.8571324456  
0.2970928117  
0.1492052818  
-1.033508333  
-0.5349104268  
0.8661328424  
0.4148676515  
0.2522722301  
0.0873183718  
-0.05413120016  
-0.7476080372  
-0.3691182734  
0.3225862461  
-0.8532441974  
0.3638284868  
0.2362540395  
0.9705758171  
1.893977052  
-0.3848373491  
-0.3380791955  
-0.2694268445  
-0.03215221502  
