0.8269272298  
0.1215606589  
0.05520699844  
-0.5429675769  
-0.274648458  
-0.4251808211  
-1.989378324  
0.2399053209  
-1.171111633  
0.2970869102  
0.4036158417  
-0.04878456821  
-1.719900033  
0.6522321592  
0.2650993174  
-0.7591419388  
0.4547946798  
1.175092271  
0.1058227655  
-1.277932377  
-0.08025487587  
-0.03860206306  
0.9069570281  
-0.3458069954  
-0.5015230379  
-0.5621015564  
0.3349881249  
-0.2392392274  
-0.07625034885  
0.05671621859  
-0.5852737851  
1.06928563  
0.08445720542  
-0.03494888581  
-0.03062489778  
0.7276292532  
-0.3671838856  
0.1158323046  
0.7037570223  
0.3278455865  
0.02102291584  
-0.2124661464  
-0.3144700224  
0.7570425796  
0.9019472588  
-0.6354033306  
-0.2163367196  
-0.9576166149  
-0.2729001065  
0.6427643513  
-0.4890069779  
0.1504059704  
0.2227651887  
0.1301700573  
