-0.9309953522  
-0.9364711836  
0.604422187  
-0.3160847451  
-0.1593115147  
-2.043700349  
0.1572334461  
-1.048273088  
1.410598852  
-0.5488604285  
-0.5570753589  
-0.82329909  
1.167922747  
0.9708238939  
-0.3589151203  
0.3677416181  
-0.8733104486  
0.2836949147  
-0.2783314854  
2.016965544  
-0.01291059554  
-1.055055269  
-0.3356867867  
0.1200201819  
-0.6007166754  
0.7622580126  
1.784102097  
-0.7608494215  
0.7763203345  
-0.1408143083  
0.5414695649  
0.8878934756  
0.7967235625  
0.7890807955  
-0.1343758386  
-0.4283405462  
1.013225307  
-0.3184337836  
0.07348042987  
0.196420569  
-0.1238447662  
0.4649271708  
0.2980980769  
-2.032997063  
-0.8549449558  
-1.024898478  
0.1381569436  
-1.112632814  
-0.5958199665  
0.2685779884  
-0.004329662398  
-0.8324544579  
0.3517362632  
-0.2266967818  
