0.1447337504  
1.278485098  
1.362436895  
0.9839455585  
0.5289372757  
0.8002610989  
-0.9799185231  
0.8568824556  
-0.7661816124  
0.6150235663  
0.2412144648  
1.789848545  
0.7885604361  
0.9320566747  
1.649326883  
-0.3053389618  
1.591582935  
0.9458641589  
1.195413457  
2.405661356  
0.1496699691  
1.261614968  
1.877448867  
0.6934295368  
0.8987312097  
0.3995534524  
0.8744849782  
1.152670461  
2.154102217  
0.04109714627  
0.3622081637  
1.876258299  
0.8602255545  
1.249349998  
3.112304616  
0.8539518237  
1.047530186  
1.155268843  
0.08865904845  
1.740423237  
0.2985652555  
0.7436258461  
0.9893602923  
0.9959995195  
1.808932174  
1.097044858  
-0.7359971087  
-0.7545424484  
1.16977463  
2.338346662  
0.8765039328  
0.1100054301  
1.919048657  
-0.3149898014  
