0.00175441131  
0.7263812691  
0.1896130227  
0.760060171  
1.415816916  
0.2970027409  
0.06069195187  
0.5608286083  
0.7028997186  
-0.4532904034  
0.06524035521  
0.06345756599  
-0.7268085668  
-1.005247223  
0.1879304179  
-1.402963676  
0.9210691717  
0.7987358063  
0.4435864372  
-1.105967318  
-0.006445393059  
0.2264570512  
0.1963504834  
-1.008499052  
-0.1251458213  
-0.1987676617  
-0.2957429595  
-0.6527855461  
0.02939718612  
1.010096075  
0.00414480865  
0.8214491338  
-0.829634653  
0.4768253691  
0.2325659022  
-0.7935544804  
-0.3117293943  
-0.4562199139  
-0.6783951898  
0.4278193901  
-1.280598935  
0.4671032028  
-1.094836301  
-0.5487350275  
0.4291984554  
-0.1727479443  
-0.9766702868  
-0.065421395  
0.8892437942  
-0.3482699392  
-0.6541945603  
1.045695634  
0.7699799761  
0.632611977  
