-0.5930467349  
1.011460332  
-1.090435708  
-0.08030538596  
-0.6179450236  
0.5607931478  
0.6750658345  
0.231735553  
0.4224029411  
-0.8506680835  
0.6272977781  
1.486110054  
0.02731607687  
-0.7513031518  
0.3434716761  
0.2308515615  
-0.7183255933  
-0.8622767244  
-0.4456444569  
-0.3993543204  
-0.3792720072  
0.4418502151  
0.1380902473  
-0.6382807547  
-0.7716899324  
0.2991564423  
-0.6733722672  
-0.128888952  
-0.8210791864  
-0.4651591877  
-0.05624671504  
1.006789131  
0.1100775818  
0.4070211034  
-0.7032568045  
0.1478925149  
0.09807361718  
-0.65521501  
0.09379195161  
-1.254103544  
-0.6596839547  
0.5026831291  
0.01482282504  
0.9096904017  
-0.1683306176  
0.3505787542  
-0.02063553808  
-0.37409668  
0.5013615865  
0.4666927737  
-0.4340146795  
-0.1823355298  
0.0462515831  
-0.9178988745  
