-0.1332815178  
-0.3239502408  
-0.508883889  
0.1917359814  
-0.6216461249  
-0.05288778692  
-0.3726786457  
0.7487246141  
0.03220066577  
-0.201224301  
0.080503764  
0.4645251691  
-0.7888775595  
-1.283495729  
-0.3982137568  
-0.3462236792  
1.349807479  
0.8863233157  
-0.2675963812  
-0.6549117658  
0.5482711003  
-1.012594083  
0.6718095347  
-0.9070703046  
-0.2288506877  
-0.9089022845  
0.1941716954  
0.7420679554  
-1.353428534  
-0.3319303251  
-0.3434541225  
-0.6179321608  
-0.4869367264  
0.89347818  
-0.7969195788  
0.00283251619  
-0.354587408  
0.7123999912  
-0.08974470943  
-0.8412783851  
0.433718285  
0.2837216765  
0.5179041678  
0.2587734576  
-0.7226079643  
-1.602200113  
0.2023235084  
-0.1134944056  
0.4757728033  
1.221212059  
-0.3256660618  
0.8116022121  
-0.09446068183  
0.2484951308  
