0.2721859494  
0.6503239088  
-0.1498144783  
-0.0536354579  
1.876478668  
-0.9437805194  
-0.34988009  
-0.266120334  
1.0458154  
-0.2984211257  
1.26371391  
1.189332325  
0.610699259  
-0.2603706341  
1.07712698  
0.5544233521  
-0.1974766985  
-0.3004641224  
0.8604980607  
-1.081331426  
0.3929441802  
0.05014335997  
-0.1077431941  
-0.06644736584  
-0.616913165  
-2.275581157  
0.6616990294  
1.063208196  
-0.469817648  
0.6419760998  
0.2669212736  
-0.278709029  
0.2164253421  
-0.05508851351  
0.4386027448  
0.892199109  
0.2201921541  
-0.4926702021  
-1.268345953  
-1.632523476  
0.9922964565  
-0.6878854247  
-0.2476022198  
0.9091430608  
0.1019050119  
0.633165662  
0.7212588981  
-0.691099301  
-0.2183273405  
1.109649861  
0.7441455156  
0.544606457  
-0.8609211326  
-0.5953484419  
