-0.4091086018  
-0.0956283927  
-0.5549691139  
-0.2551613255  
1.031136277  
-0.511177678  
-1.742880332  
0.4855447143  
0.7160445854  
0.3213387338  
-0.3739679511  
0.2418315608  
0.4778783869  
0.2709856458  
0.353981425  
-0.01738991998  
-0.3116247062  
-1.515529935  
-0.4791817171  
-1.238060689  
0.1310596729  
-0.4373874381  
-0.04580435976  
-0.2890049957  
0.2296403252  
-0.4473373513  
1.006567452  
0.2438568093  
0.4389327772  
0.7492519878  
-0.9826006062  
0.7588335536  
-1.027179945  
0.1295653982  
0.6076541387  
-0.2765309997  
-0.8952504663  
0.7325440073  
0.4257126425  
-0.2423124008  
0.03258405477  
-0.0009628243744  
0.2101824831  
-0.8142501447  
-1.128470996  
-1.254966107  
-0.5660848601  
-0.02585320175  
-0.6086687778  
0.6189350452  
0.1880744755  
-0.4086441625  
1.312718669  
0.1379167629  
