0.525758639  
0.6721981123  
-0.1158493843  
1.023248678  
-0.3606108136  
-0.4787170589  
0.8219014009  
-0.1778411727  
-0.6995254194  
-0.3530191956  
0.8946991012  
1.2689886  
-0.2345006764  
1.203894457  
0.3527735304  
-0.1725361682  
0.4573210206  
-0.5431429461  
0.3776613347  
0.3031546321  
0.1279453827  
2.184636953  
-0.7135650361  
1.314729542  
-0.3520891199  
0.6190641466  
0.6851607196  
0.2524936974  
-0.3440070802  
-0.6783369809  
-0.06395436134  
0.7912902271  
0.7022099569  
1.413508247  
0.4458144378  
0.3642881922  
1.011611199  
-0.7623055108  
-0.9543661682  
-0.206926278  
0.1863645885  
0.9032589827  
1.510347021  
0.2179307129  
-0.8741364237  
0.6552139305  
1.01752066  
-0.7505311422  
0.07508504111  
0.09222288774  
1.470115292  
0.7053224195  
1.041684303  
-0.1356642401  
