-0.276525549  
0.3302286637  
-0.3139964759  
-0.5628135061  
-0.8301121035  
0.117539056  
-1.964847921  
0.09681460336  
0.5687990605  
0.5662613079  
0.8682792895  
-0.1408525147  
1.140216235  
0.4463852737  
-0.01914170403  
0.6701481428  
-1.835798727  
-0.1846987896  
1.32548862  
0.9468005371  
-0.05656936523  
0.2871599469  
-0.3401442804  
0.1209831402  
0.8783524067  
0.5053223988  
-0.3062910561  
-0.8471698619  
-0.2440398719  
0.07845103405  
-0.5318749804  
-0.6052730393  
-0.03979194574  
-0.1272601992  
1.221409873  
0.208383532  
1.506020298  
1.213060549  
-1.797541472  
-0.6237760922  
-0.295920109  
-1.559562276  
0.6294297979  
-0.9401484564  
0.9535860309  
-0.3186889248  
0.6966000492  
0.1032818202  
1.613069071  
1.259793388  
0.2272712351  
-0.02649725154  
-0.3786786046  
0.6456458203  
