1.155723204  
0.6599123724  
0.1193699185  
-1.114577805  
0.4913286351  
-0.2919825066  
-0.7257873736  
-0.5297764972  
0.5481828243  
0.8139527264  
-0.2236981491  
0.9654645663  
-0.6261225828  
-0.76016478  
-0.3864363609  
-0.235816176  
0.7621738803  
0.4508174035  
0.6470997996  
-0.5729115515  
-1.230410603  
0.07654556318  
0.6254076394  
0.7669694766  
0.1506836588  
-1.089644945  
-1.542768224  
-0.5467462614  
-0.6869119994  
-0.9483932296  
0.9129824176  
-0.1234613367  
-0.9907743856  
-0.1126198247  
1.067857005  
-1.227201419  
-0.5315081622  
1.267082783  
-0.93155297  
-0.03412232883  
0.2823739727  
-1.068334706  
-0.07629863098  
-0.219641792  
0.1254044868  
-1.189184369  
-0.3995279334  
-1.336135581  
-0.2172614438  
1.637140755  
-0.3130439259  
-0.5342746995  
-0.4073085174  
0.5571786687  
