-0.1459289379  
1.389760915  
0.6694982536  
0.08038155604  
-0.5124435967  
1.3782756  
-0.5667027462  
-0.3015269287  
-0.6231895521  
1.368049804  
1.255716586  
0.6702510595  
1.256193976  
1.672541897  
0.7693452217  
-1.27643544  
0.8673350103  
2.062628514  
0.6736552596  
3.559786043  
1.406152725  
1.540793236  
0.574903016  
0.4220326677  
0.9485648744  
-1.461530979  
1.863217244  
2.246576944  
1.625771013  
-1.11859437  
-0.8702187426  
1.388057273  
1.553003651  
0.9141610131  
4.364129335  
-0.8799779557  
1.629083502  
1.49803182  
-0.1448580593  
1.858759517  
0.1078726083  
1.208677614  
1.78450996  
0.3885569997  
0.6669274181  
0.855490237  
-0.8316228241  
1.10284756  
1.665705891  
1.958910576  
1.191034998  
0.9359629482  
1.147639029  
-1.451150078  
