-0.7218749583  
1.299251822  
-0.4151003646  
-0.5466253571  
-0.726015972  
-0.2975244977  
-0.3460108599  
0.6428807519  
-0.3543952301  
0.7895506148  
-0.841171528  
-0.3520218682  
-0.4513041425  
0.1815326236  
0.8148169194  
-0.6786021482  
-0.1412225857  
-1.252452414  
0.5886853606  
-0.05332488678  
0.2494431157  
0.9114269294  
-0.5458180646  
0.3234354986  
-0.6564799555  
-1.299280513  
0.345756695  
0.7583186537  
-0.6916430127  
0.4391615976  
-0.2549284538  
-0.8679787097  
-0.237624515  
-0.4871201128  
-0.5049943721  
0.4605867463  
0.06521996865  
-1.498774781  
-0.5289564833  
-0.7529513589  
0.2068878645  
-0.4058220105  
1.106305631  
0.7031921372  
-0.3900040622  
0.5029605493  
-0.05099122524  
-0.6397795917  
-0.8682101905  
-1.708155864  
0.5316534819  
0.2176571466  
-0.4176791668  
0.5541536212  
