-0.0335713625  
0.3475167107  
0.533024393  
1.998594809  
-0.4061306249  
-0.9674807448  
-2.216855239  
-2.077052003  
0.08653591946  
-0.2572549473  
0.123893106  
1.008019759  
-0.6480588999  
1.58338314  
1.44479588  
0.002559725009  
1.25061878  
1.472640605  
0.9786471384  
1.691905561  
0.08642616197  
-0.723611901  
-0.2406676043  
0.4744887859  
-1.065899645  
0.5680130042  
-0.02807602845  
0.01715598106  
0.7675764129  
0.09403659552  
0.0183596622  
0.1460576132  
-1.901113779  
1.074546067  
0.612334507  
-0.8176694563  
0.5197997105  
0.3843573202  
-0.7884526886  
-1.315042561  
-1.56382423  
1.696141817  
0.1197134451  
0.1448414618  
-0.9926775292  
-0.4801418766  
-0.02591524497  
-0.5690734096  
0.9324748148  
3.573329455  
0.9829855114  
1.787417123  
0.4297286005  
0.7750098774  
