-0.5815156106  
-0.8170695385  
-0.6529214811  
-0.4215737928  
-0.1593115147  
-2.035010207  
-0.1566943686  
-0.743934644  
1.608806757  
-0.09703130797  
-0.891095753  
-0.3593711175  
0.5117629949  
0.9894916093  
-0.6845188789  
0.02318920344  
-0.9311114021  
0.2599870241  
0.5500449981  
1.188681674  
-0.496120587  
-1.661105403  
-0.8735822229  
0.1040808306  
-0.2337710797  
-0.01321193315  
0.5499949437  
-0.9529296637  
0.9475432038  
0.764465306  
0.1954575658  
0.7394389584  
0.09220237937  
0.9415023103  
0.3322032755  
-0.08642713372  
0.4285833777  
0.1299909026  
-0.134343615  
-0.08237521276  
-0.3489825189  
0.1793974576  
0.01252321415  
-1.338980129  
-1.177260831  
-1.12685822  
0.1381569436  
-0.7365156334  
0.8548172951  
0.417244669  
0.3362234913  
-0.9219617717  
-0.3969607621  
-0.2266967818  
