0.2737003214  
-0.1335651949  
-0.6255719368  
1.054125317  
-0.6151165465  
0.157423136  
0.09665324725  
-0.3967189498  
0.6153754702  
-0.7846293106  
-0.5602008622  
-0.1761751546  
0.6319017978  
-0.7555210648  
0.1183682103  
-1.153595041  
0.8458256034  
1.714241538  
-1.160855216  
-0.1546263423  
-0.7053824931  
0.3713813262  
0.6828001678  
0.2757571666  
-0.6414927555  
-1.413411343  
-2.882320648  
0.5172207895  
0.1644785922  
0.1039851617  
0.7253305327  
-0.2475623593  
0.4218135297  
-0.6860944267  
-0.4070041731  
0.3253300338  
0.7880210876  
0.04749094564  
1.153097548  
0.4426333165  
0.4410091437  
1.013882915  
0.506380819  
-1.066851905  
-0.3957814427  
0.3516253713  
-0.2727202781  
0.6805035591  
-0.03239283934  
-0.5072944418  
-0.4985915028  
-0.2866074499  
0.06699235858  
1.219009052  
