-1.979517007  
0.296001531  
-0.6839250982  
-0.5236656802  
-0.8301121035  
-0.3873206437  
-1.169480823  
-0.08320094673  
-0.3536862677  
0.1101568108  
-0.215825307  
0.5577850655  
1.204517093  
0.5653767459  
0.2420265414  
0.7994565595  
-1.008093037  
-0.565341802  
1.295852984  
0.3046321967  
0.4187252948  
-1.487945849  
0.1117437236  
0.07229380077  
0.5492072374  
0.3972084399  
-0.7984961022  
-0.9671861231  
0.4318047585  
-0.2675208703  
-0.7971072532  
-0.4962600745  
-0.0406981189  
-0.6747948301  
0.3237445237  
-0.2147901177  
0.9592977108  
1.088578868  
-1.447477819  
-0.6606392752  
-0.8593345644  
0.005966876308  
0.6729539701  
-0.3286140226  
1.173237479  
-0.4013381528  
0.6966000492  
0.1134431966  
1.052991751  
2.197341247  
0.4875768878  
0.3808405153  
-0.7069634545  
0.6456458203  
