-0.4328495257  
0.179084956  
0.4760898862  
0.9530323461  
-0.7526027249  
-0.753017915  
0.5931307942  
-0.9203145154  
-0.08841254654  
-0.01456371881  
1.01643146  
0.5671975456  
-0.3576035283  
-0.4420701925  
1.252021664  
-0.3273661133  
-0.1971826632  
0.1444254773  
0.608656808  
0.5793591164  
0.2007912917  
0.1922825329  
1.194167784  
-0.5574090239  
-0.7391062332  
0.6760645084  
1.768085259  
0.2149789043  
0.763443863  
-0.5829614013  
-0.002992055379  
0.06349819284  
-0.110863024  
-0.09362533614  
-0.1374289094  
-0.3030742856  
-0.3575917433  
-0.7336957713  
0.5377142483  
-0.2442678619  
-1.038573678  
-0.3596637778  
-1.239262982  
-1.127534248  
0.111723448  
-0.3778626006  
-0.008424890973  
0.302142147  
-0.282131898  
0.7714331184  
1.127091917  
-1.233553985  
1.985494837  
0.9018345866  
