-0.2990056984  
0.1645291135  
0.2787018133  
1.102886643  
0.0840108227  
-0.01325263828  
-0.4792685442  
1.102688416  
0.5454143442  
0.5865422363  
1.136558411  
1.932301202  
1.120661397  
0.5714757644  
0.05407380397  
0.2472611815  
1.085514471  
-0.4202359892  
1.420507294  
0.9866739333  
0.01708553154  
1.564997814  
0.02175520454  
0.6063256349  
-1.0506226  
-0.474302944  
-0.3005494334  
0.2735469208  
0.6640828092  
0.5465756055  
0.2735525176  
0.6129215211  
0.5960129187  
0.1609798722  
-0.2586327656  
0.7077348726  
1.179994379  
1.037625633  
0.6909034025  
1.680657795  
0.2006926019  
0.2217466261  
1.130343113  
0.5015789367  
1.173873212  
0.4743363045  
-0.1888547406  
0.3002118237  
0.6541882969  
-0.3025554338  
0.4124897011  
1.962521338  
-0.02418195475  
1.814451903  
