-0.7276394647  
-0.2260755427  
0.1973641384  
0.7271346394  
0.3360635448  
0.4697343573  
-1.766523778  
-2.024550644  
-0.312467632  
0.5917919047  
0.7196566161  
0.09695827481  
-0.1879313704  
1.508784906  
1.04835775  
-2.232644425  
0.4321419857  
0.9225670785  
-0.02214116789  
1.359241307  
1.87261679  
-1.854833242  
0.6166454075  
-0.6202958118  
-1.76802464  
-1.597280894  
-0.8197682769  
-0.1496720597  
-0.0729237007  
-0.3908265719  
-0.6473899279  
-0.1573299012  
-0.6380977236  
0.303904823  
2.865964009  
-1.230451773  
0.6981412984  
-0.1246934973  
-1.152062966  
0.4728698295  
-0.5564005047  
1.424916593  
0.6553377651  
-0.1675307503  
-1.57740745  
-0.4420959049  
-0.3976066142  
-0.4430783145  
1.823840865  
0.1274253281  
-0.1022168532  
0.9827077121  
-0.1333633944  
-1.990943765  
