-0.4389014155  
0.03818815262  
-0.01860758038  
1.51173687  
-0.4061306249  
-0.5400571004  
-1.120972786  
-0.9154343463  
0.1537980154  
-0.2701811147  
0.1508614942  
1.111957655  
0.4088433563  
1.87134071  
1.132031522  
-0.9772346994  
1.380734186  
1.901456408  
0.4506405363  
0.5645149041  
0.3827979803  
-0.9854983032  
0.4631914407  
-0.02103007021  
-1.076276609  
1.194330303  
-0.4820808593  
0.1691244304  
2.044727461  
0.5903725691  
0.4993848763  
-0.1391071695  
-1.533097299  
2.138275911  
0.691501509  
-0.9236762605  
-0.2486095297  
1.013956132  
-0.5468574855  
-0.756932968  
-1.671077266  
1.774847249  
0.2311773616  
1.577356288  
-0.4974532373  
-0.3788911786  
-0.02591524497  
-1.464084388  
2.093091501  
2.437376975  
0.6983586691  
2.096148151  
0.2374143188  
0.7750098774  
