-1.473859469  
0.2318208367  
1.098375529  
1.265635298  
1.700543084  
-1.063728549  
-2.197204411  
-2.525253246  
-1.410039926  
0.4123183012  
0.9838555614  
1.302956807  
-0.5765055684  
2.436100557  
0.3231378643  
-2.03749189  
-0.4476937078  
0.2933174741  
-0.4178388186  
3.044811779  
-0.2295396046  
-1.409946785  
0.1410245705  
0.5939403892  
-1.114698211  
-1.167012965  
-0.5671208106  
0.2530803949  
1.575235224  
-1.478703417  
-1.072406012  
-0.978512232  
-0.4175184454  
0.9673680099  
1.305672053  
-1.709800993  
-0.5494095137  
-0.8696687747  
-0.7373676329  
-0.8850212127  
-1.820097599  
1.08407332  
0.1367474696  
0.4855576366  
-0.8964866206  
-1.634263449  
-0.8459356613  
-0.2517573134  
1.670787769  
2.222731957  
0.4755694687  
2.045063296  
0.287133662  
-0.2528158404  
