-0.06316157728  
2.359781552  
1.32071693  
1.691985203  
1.488425101  
0.6584017321  
-1.711338669  
0.2702083968  
0.2924995989  
1.371974742  
0.17356355  
-0.7917755573  
1.325341214  
0.9436116798  
1.67690402  
-0.3146158814  
1.776252732  
1.772388706  
0.6743199665  
3.197980808  
1.609566636  
1.583367068  
0.1203072175  
0.9968090877  
2.015636342  
0.156980557  
0.2455235809  
1.298787576  
2.071962711  
0.1004712146  
0.3738236584  
0.4235255364  
0.8404767945  
1.450723892  
1.169743557  
-0.5441012904  
2.435869917  
1.084476494  
0.01767973155  
3.09250413  
-0.2610338658  
0.946479547  
1.134207844  
-0.8144287221  
2.674397938  
0.7734275953  
0.03507210286  
-1.237198197  
2.983071108  
1.282036107  
1.214616839  
-0.8945433063  
3.324072018  
0.3439881597  
