0.3205428293  
0.5956619664  
0.08264688335  
0.5431766912  
-0.3606108136  
0.1985358044  
0.7219586508  
-0.1725356251  
-1.252959457  
-0.2484778972  
0.5148116842  
1.477713308  
0.0493018372  
1.86213498  
1.087366981  
0.7151641762  
1.146450374  
0.2727994811  
-0.3401099989  
1.27397103  
0.7965785205  
1.444446832  
-0.6095020898  
0.6528174739  
-0.8970586462  
0.9604229367  
0.4512734041  
0.2515130896  
0.3298340142  
-0.6252056845  
-0.4046219915  
-0.09608765141  
0.3012124757  
1.256336547  
0.2594899155  
-0.0676975254  
0.7899627544  
-0.4944161139  
-0.2693274342  
-0.1244075779  
0.2233475044  
0.4992512053  
2.21575421  
0.2441085847  
0.4509858107  
0.2981796529  
1.01752066  
-1.540860869  
0.4317757972  
1.052100358  
1.538202676  
-0.1853335105  
-0.1431641613  
-0.1356642401  
