1.118719832  
0.123398609  
-0.4092498992  
1.536361257  
-0.6151165465  
-0.7336508416  
-0.6367110805  
-1.23904133  
0.1528758681  
-0.1012557245  
-0.1038916616  
0.8515683189  
1.133152466  
-0.02916345198  
-0.1281009518  
0.1057549112  
0.5201815  
1.72007214  
-1.440411101  
-0.3347015389  
-0.4977564082  
1.385294525  
0.7699421953  
0.04055424836  
-1.060066926  
-1.929220611  
-1.902428925  
-1.262119874  
-0.5516443368  
-0.3284080202  
0.8662340961  
-0.6637328701  
-0.924313638  
-0.7894465327  
-0.2501066084  
0.05765034324  
0.8510099444  
-0.1923263587  
0.6882605415  
0.3849397075  
0.5266509686  
1.054718716  
1.391687843  
-0.7349829465  
-1.983447836  
0.3633148663  
-0.2727202781  
-0.2035746029  
-0.02858090252  
-2.126636806  
-0.003758652322  
-0.5022797763  
-0.1440400505  
1.219009052  
