1.182045258  
0.8175204679  
0.4687580007  
-0.1666430973  
1.209608947  
0.5730332836  
0.02659702678  
-0.1526853643  
-0.2335302718  
0.3330028047  
0.2944670945  
-0.5108699856  
-0.382886933  
1.12265003  
-0.2573470411  
-0.9577791363  
-0.3853169564  
-0.1279833298  
-0.76252378  
-0.5506824292  
-0.6707027484  
0.3900461505  
-0.6095669033  
-0.4016584635  
-0.02888065241  
0.8380750189  
0.6615965733  
-0.4598721373  
-0.009201408736  
0.7270330254  
-0.8152966332  
-1.218544556  
-0.8022477413  
-1.397263897  
-0.4638566051  
0.2779036723  
-0.7361672629  
-1.16144811  
0.09161368869  
-0.8292765461  
-0.7891461459  
-0.05289313272  
-0.4258299103  
1.054421098  
-0.08515943643  
-0.4413391308  
-0.3704195347  
-0.05205712328  
-0.5296454273  
1.104067776  
0.767097367  
0.08024665061  
-0.300680916  
0.958062809  
