-0.0009991531726  
1.472019244  
0.4999251284  
1.373790278  
1.488425101  
0.2397175115  
-1.151955642  
1.154058993  
0.3956934534  
0.4236813881  
-0.6060852613  
0.3569734077  
1.273810536  
1.116675507  
1.228680388  
-1.425739266  
0.5948423564  
0.981654866  
1.482897938  
1.575252178  
0.4010236785  
1.70052003  
0.57998951  
1.199762018  
0.5936794007  
0.2124377415  
-0.4404940903  
1.419226756  
1.341431492  
0.5733858256  
1.13643111  
0.7967807106  
1.232242106  
1.19422943  
0.9257564105  
0.01533457339  
1.812760222  
1.294153148  
0.2230357785  
2.623593521  
0.6118370457  
0.04931903859  
1.452182618  
-0.04183233529  
1.760708898  
0.7692580305  
0.03507210286  
-0.9742107414  
2.245120912  
0.3476483189  
1.36803032  
-1.155770961  
1.657609554  
0.3439881597  
