-0.1131233566  
0.8726015938  
-0.4362071193  
0.8607935242  
0.0834471195  
-1.329930624  
0.6831594966  
-0.5841642767  
1.061893845  
-0.5794379529  
-0.6053533107  
0.4897610171  
0.4044472488  
0.2235000113  
0.8209593937  
-0.1820307029  
-0.6957149651  
1.511092504  
-0.9998837136  
1.583777117  
-0.1440383181  
1.825888729  
-0.006788763404  
0.2994914241  
0.7690606065  
0.2697894233  
-0.5969029981  
0.5900180656  
-1.348819  
-0.2154660936  
-0.2727930595  
-0.1376659684  
-0.1079585678  
1.038100685  
0.04569546729  
-1.402770123  
-0.4564495149  
-1.285298841  
0.1133373478  
-0.2900993168  
0.4856869921  
1.412938921  
-0.215446653  
-0.6281553861  
0.04222263908  
-0.3740531086  
1.654047011  
0.544698377  
0.6069168407  
0.7051602527  
0.813228716  
0.1158074315  
0.1725973949  
-1.109625866  
