0.6581347167  
0.1662786397  
-0.7283489119  
0.9747632854  
-0.7316639083  
-0.2377076848  
0.5872978911  
-0.09247972183  
0.6910616763  
0.2565034673  
-0.3317188375  
0.8219017914  
0.825718439  
0.3984698718  
0.06081122942  
0.1516200021  
0.1361413509  
0.7960125669  
-0.06432277896  
0.479242903  
0.636863666  
0.6033113886  
-1.017986  
-0.2641681138  
-0.5462848132  
0.7356353991  
0.06967275776  
0.816448392  
0.7804443735  
0.5809123755  
0.09181452841  
0.6261222104  
-0.2554507606  
0.9955670714  
-1.341156161  
-0.9256918631  
-0.3152087552  
-0.07643457092  
1.441680743  
0.7790970795  
-0.230789832  
-0.04350440176  
0.05037726238  
0.9117342576  
-0.5819165565  
-0.5411129552  
-0.00430392368  
-0.01040457971  
1.551508302  
0.3696779773  
-0.5874658395  
0.9526950633  
0.2530663036  
0.9083457839  
