-0.7109979734  
2.121324321  
2.00293029  
0.2931882866  
-0.5124435967  
0.8510127194  
-0.9502010837  
-0.8406575095  
-0.06983994432  
1.684847219  
1.214055663  
1.280236717  
1.734787089  
2.694203031  
1.462300053  
-1.794850413  
1.547433405  
3.694293962  
0.3464728751  
5.663322705  
2.619315182  
2.418593054  
1.189971282  
0.578198057  
1.894424617  
-0.6656024814  
1.712359497  
2.796581918  
2.599035384  
-1.497534741  
-1.825028974  
2.230488479  
1.934017278  
1.594047302  
4.885987222  
-0.8473584573  
1.911349848  
0.7551170951  
0.8562134773  
2.65642392  
-0.9895444378  
2.412047274  
1.874010758  
0.05326743126  
1.92633719  
0.1304130897  
-0.8316228241  
0.2006558776  
2.385747468  
3.407220086  
1.577934557  
1.56591472  
2.792573613  
-1.451150078  
