0.001826810837  
0.9289057776  
0.890075114  
1.485032312  
0.0840108227  
1.19716926  
-0.932551755  
0.07076245709  
0.3421915717  
1.201345946  
0.4070202034  
0.1901148528  
1.15137668  
0.2115048771  
-0.5187319182  
-0.05780326659  
0.7324914366  
0.20745251  
1.134160381  
1.801455281  
-0.03042656286  
1.199596049  
-0.007749832608  
-0.477067199  
-0.3519241996  
-0.7982558735  
-0.7750575572  
0.332564001  
0.6165597351  
0.1800998642  
-0.4076752421  
0.5147315405  
0.5816363802  
0.1109736857  
-0.1610548262  
0.3643203333  
0.7610243781  
1.307970514  
0.2742936684  
1.28290869  
1.083121333  
0.8334661633  
0.7324171871  
1.245906161  
0.8211908911  
0.2293686416  
-0.1888547406  
-0.9785310435  
1.13829299  
-0.0762340337  
-0.2220743918  
0.1641354455  
0.1460335964  
1.814451903  
