-0.352470871  
1.416188704  
1.918267027  
0.9761770904  
0.5289372757  
0.3217318496  
-1.199476632  
0.8369364541  
-0.2395796508  
1.792623921  
-0.2144148547  
1.666565478  
1.113057283  
1.525229646  
2.127022391  
-0.608087571  
1.798259325  
2.125477803  
0.55995574  
3.242594391  
0.9094287336  
1.849377159  
2.967492637  
0.9374761529  
0.8430459952  
0.2884643883  
1.663504329  
1.62284379  
2.645781551  
-0.4851908352  
0.02193867564  
1.842648867  
0.4038645551  
1.549549439  
2.992330097  
0.1651172653  
2.491760334  
0.7122670332  
0.1890523016  
1.677603329  
-0.1444892708  
1.837716272  
1.134444189  
0.9090381291  
2.507453765  
0.4847716115  
-0.7359971087  
-0.6605674143  
2.489458567  
2.830408389  
1.04089096  
-0.2861759238  
2.864565487  
-0.3149898014  
