0.2019838035  
-0.3697066671  
0.6073673181  
-0.2628391042  
0.4340794829  
-0.8310294259  
0.6715090057  
-0.9252075782  
0.3306206435  
-1.006037368  
0.2484261943  
-0.6960689055  
-0.4618038118  
-1.392561533  
0.8878734041  
-0.06500664512  
-0.6279222671  
0.2229947882  
-0.04998696633  
0.2679681439  
-0.1497614341  
0.5885422243  
-1.251502626  
-0.1100895032  
-0.8117084245  
0.4070680961  
-0.1519966383  
0.2395358637  
0.0729760136  
-0.6379948959  
-0.7788884522  
-1.411742786  
-0.3335246464  
-0.5790391922  
-1.870564398  
-0.2834762439  
0.5416794353  
-0.6435033578  
-0.6292541879  
-0.5341996641  
-0.06258689202  
-0.2150537521  
0.3587882187  
-0.2607920427  
0.2663267298  
-1.278958286  
-1.128490433  
-0.4483778486  
0.2897104685  
-0.5532299418  
0.4754573405  
-0.6415614752  
0.5252726698  
-0.3612851829  
