-1.234260337  
0.1447463927  
1.176474477  
0.8116476391  
1.700543084  
-0.6733330816  
-1.177296168  
-1.341620308  
-1.086948052  
0.4972018044  
0.2532239631  
1.030085467  
-0.6068421271  
1.941044849  
0.9398379941  
-1.086384555  
0.05481877513  
0.3691065125  
-0.6120807781  
2.441995944  
0.7876973435  
-2.318182901  
0.1935674942  
-0.1817337584  
-0.5591694765  
-0.08448744426  
-0.06299576126  
-0.01530948672  
1.741218337  
-1.121060256  
-0.2114285722  
-1.024425377  
-0.1755268447  
1.545534036  
1.52737122  
-1.568218816  
-1.080946515  
0.2789345656  
-0.3192192331  
-0.09299637303  
-1.102081415  
0.7714764576  
0.9791894145  
0.5537773135  
-1.259040992  
-0.8089876007  
-0.8459356613  
0.3749069922  
2.016574368  
1.874825945  
0.4974446342  
2.008689147  
0.6587895341  
-0.2528158404  
