0.01963297278  
0.8419693675  
-0.7557811022  
-0.04376508025  
0.5226021618  
-1.301107568  
1.123910074  
-0.1889611442  
-0.5905412881  
-0.7339646363  
1.15487817  
-0.9213843081  
0.5328334454  
1.692319421  
0.6271912523  
0.4776060544  
-0.7851313185  
-0.378754926  
0.1720954502  
-0.7100584503  
1.356205689  
-0.1491965309  
-0.4509934567  
-0.4984030807  
-0.2197926162  
-1.166902664  
0.3664613239  
0.2451570591  
0.1594738968  
0.3640347614  
-0.2723499022  
-0.2547349311  
1.317298834  
0.3901017301  
0.9131350841  
0.9243244946  
0.9754069122  
-1.9453875  
-0.3691289613  
0.2068856746  
0.1817591056  
0.08626877889  
-0.3879975155  
1.440377124  
-1.083872527  
1.539584252  
0.3406401083  
0.2374179646  
-0.5807867419  
1.361413615  
0.06045356691  
-0.2821152694  
-0.1750044778  
-0.05023856102  
