1.51276794  
0.4358864655  
-0.2176930732  
-1.543669489  
1.714672786  
-0.4582633097  
0.1958542963  
-0.5673376024  
0.4508029772  
-0.885844903  
1.066940796  
0.6783057526  
0.2825494306  
0.872055009  
0.2934441596  
0.2950770361  
-0.1701352  
0.7771229193  
0.5960417336  
-0.7859816797  
0.5099597726  
0.4748912109  
0.5896121548  
-0.3035735789  
1.050764832  
0.1178893212  
-0.1884286283  
-0.03504936546  
-0.5037525758  
-0.7133599475  
0.7471083738  
0.4619301707  
0.8843001481  
-0.1370892085  
0.6531522544  
0.08244372774  
0.01707698642  
0.5754276374  
0.2459972311  
-0.2413194928  
0.5308663983  
-0.6460467197  
-0.2614735007  
1.181074874  
0.7817031587  
0.1320318293  
0.7605986329  
-0.2837138693  
-0.1818744231  
1.443442118  
-0.1053348889  
0.3467379429  
0.240768484  
0.003078025021  
