-0.07385931415  
0.721575378  
-0.372518236  
0.8863147557  
0.07743973238  
0.4676399251  
-0.136837719  
-0.5819580998  
1.417737988  
0.821323606  
-0.1735381594  
-0.3649263874  
0.2799744854  
1.139924206  
-0.7341080371  
0.06747356863  
1.059754284  
-0.3832804034  
-0.6532830483  
1.076246697  
0.5259644024  
0.1930036739  
1.820474581  
0.5189093595  
-0.2454935141  
-0.3874757688  
0.3890765712  
0.2276646981  
0.7381854497  
0.8512326527  
0.9748835757  
1.684704246  
0.6420191042  
-0.3042142386  
0.5451432731  
-1.36932938  
0.3649132717  
-0.2964472837  
0.4828631431  
0.1728428267  
-0.5388270631  
0.5917133635  
0.4196578683  
1.520934618  
-0.6176567797  
-0.3422609715  
1.651744749  
0.7189632211  
0.7162689995  
1.30299879  
0.2602462694  
2.265040061  
0.4570131501  
-1.54329912  
