-0.05093052238  
-0.05965207344  
1.233317371  
-0.003411692451  
0.4340794829  
-0.4926003158  
0.8676759299  
-0.7452824609  
0.2949530667  
-0.5456485748  
0.2555863645  
-0.4518655702  
0.3571768461  
-0.1082265078  
1.086764114  
-0.1402273635  
0.3558023306  
-0.6472842753  
-0.9330115422  
0.112521277  
-0.9490843624  
0.06670741178  
-0.499797473  
-0.5229305794  
-0.3205257013  
0.1463133909  
0.1820045017  
-0.5077086009  
-0.1836770302  
-0.7477087151  
-0.6363212103  
-1.34028645  
-0.209998982  
-0.5676555693  
-1.627396899  
-0.8227066948  
0.3156863555  
-1.042891435  
-0.4612651581  
-0.7034649793  
-0.1619124669  
0.2036533955  
-0.1462323554  
-0.1897827506  
0.650190511  
-1.021762481  
-1.128490433  
-0.4274565727  
-0.04928109106  
-0.003934772685  
-0.04359874465  
-1.092582388  
0.6063120626  
-0.3612851829  
