0.5391456411  
-0.7225643  
-1.059825245  
0.8859719703  
-0.06734055088  
0.8914882025  
0.3653979758  
-0.9861947246  
-0.4635283724  
0.1426915102  
0.3116553536  
1.082528775  
0.3022247831  
2.055859336  
0.9789154913  
0.3384358432  
-0.6039047373  
0.8924829313  
1.556959816  
1.436600773  
1.77981995  
-0.1596933782  
0.7912507202  
-0.04904024108  
0.232680292  
-0.172719073  
-0.2001918455  
-0.01811995164  
-0.2656839073  
-0.5141060761  
-0.4909672759  
0.7314611465  
-1.166495116  
-0.7831638783  
1.062292795  
0.0880790116  
-0.1771625985  
1.616493682  
0.797675449  
1.792802012  
-0.3988390991  
1.087192348  
0.6985269335  
0.8774818444  
-0.5355530768  
-0.03795349163  
-0.2193432521  
0.4749378935  
1.047951869  
0.07578319491  
0.2983196386  
1.438232556  
-0.5142268925  
-2.21595592  
