-0.1230100747  
0.1899839473  
-0.04639658783  
0.02195015663  
-0.1061861569  
-0.08864970943  
0.09253965268  
-0.2777497604  
-0.04675156706  
-0.02688940354  
-0.06316059869  
-0.07984102184  
-0.2848265858  
0.347712576  
-0.01934801235  
-0.2334833833  
0.03430345009  
-0.6092619645  
0.2058800551  
0.2009810181  
0.04098215127  
-0.05594059818  
0.3897054596  
-0.289672825  
-0.2988328922  
-0.3156902919  
0.1194626531  
0.04865917319  
0.003100324215  
-0.2067703854  
0.3626815008  
0.07768474949  
-0.06306349196  
-0.2782018262  
-0.1071061239  
-0.02066573775  
-0.007650547074  
-0.02469720757  
-0.4743673517  
-0.2130696334  
-0.1203153872  
-0.1956902506  
0.1808567226  
0.2644557423  
-0.2225019492  
0.1442192692  
-0.01694675756  
-0.185485122  
0.2087921384  
-0.2403339145  
0.2049616211  
0.2620134258  
-0.06862209096  
0.3576535436  
