0.2423959585  
-0.02467718103  
0.1329901957  
0.02090340287  
-0.4578730467  
-0.4835608291  
0.4383069689  
0.1076402206  
0.8494736459  
0.9022275066  
-0.06078815626  
1.011999901  
1.374711129  
1.0200308  
1.561490098  
0.9009478256  
-0.3208123869  
0.2683353693  
0.4048026621  
-0.5373413281  
0.130570962  
1.067031041  
0.680816109  
-0.6763601417  
-1.230830077  
0.3486436009  
-0.2437038041  
-0.5427400048  
0.02590789715  
2.152256136  
-0.3213218682  
0.1110607077  
0.9490825826  
-0.6651692713  
0.1165082833  
1.711664693  
1.237385669  
1.079103919  
1.822439109  
0.7414440883  
0.2875643501  
0.2217066828  
0.1141895284  
0.7701071976  
0.8711913537  
-0.1393644545  
-0.149783572  
-0.4559584556  
0.3803420428  
0.3623244945  
-0.5460946607  
1.084611473  
0.08582720449  
0.5891948847  
