0.08371747518  
0.2117913991  
0.5660626896  
0.2369003407  
0.3691676353  
1.183423374  
0.8429691798  
-0.4430031475  
0.3258755936  
0.2060961372  
-0.4487743506  
-0.2631128948  
0.8928051113  
0.4831574028  
0.276687588  
-0.8073580132  
-0.157072843  
0.3372158154  
0.04920644196  
0.9940490463  
0.6960022309  
1.506184393  
0.9970021627  
0.3001444266  
1.124769877  
-0.8035116568  
0.5447079753  
0.4864958377  
-0.1701424698  
1.401174026  
-0.1827256978  
1.294047025  
0.1604638634  
-0.5696264624  
0.5174287627  
-1.202311645  
0.04918590157  
0.15134502  
0.2753716864  
-0.6879901888  
0.06484191676  
0.8258210207  
2.037051739  
0.7868056001  
0.412783628  
-1.211789788  
1.420922388  
1.499324791  
0.5818043193  
1.356199027  
0.570433264  
1.638202027  
0.5391527657  
-0.6821175951  
