-0.283498306  
-0.407145959  
-0.3849948981  
-0.00883093766  
0.2107022081  
0.1508595273  
0.01808958789  
-0.06220033354  
0.04881121149  
-0.04756448066  
-0.1472654856  
-0.04937829753  
0.11306199  
0.064707608  
0.01114284903  
0.2011825431  
-0.1245612957  
-0.1612583356  
-0.06388524299  
0.08669573553  
0.0241492539  
0.03797539168  
-0.2866293606  
0.2525985982  
0.0474055242  
0.06362155666  
0.1439404314  
0.09611642124  
0.1679326377  
0.3148938239  
-0.2339251503  
0.1971019963  
0.2138856716  
0.2504403958  
0.08024127333  
0.04865928595  
-0.0786907934  
0.0672098938  
0.4087115421  
0.1809244578  
-0.1573280997  
0.2160267723  
-0.289982495  
-0.08189493694  
-0.1055254331  
-0.1359425262  
-0.1912971287  
-0.04867918645  
-0.0381285938  
0.3654728387  
-0.09019927458  
0.05660513026  
0.2176380855  
-0.1433043882  
