0.6947888621  
-0.7966834746  
0.3734641673  
1.310627162  
-0.06734055088  
0.2817412251  
0.2889675963  
-2.032047539  
-1.182264379  
-0.1812184449  
1.289858361  
1.243332266  
0.4351271218  
1.67415474  
1.120813855  
0.6552237114  
-0.5674246021  
1.299347636  
1.910296338  
1.771670342  
0.9182320012  
0.2566533014  
1.376589524  
0.01570374094  
-0.1829311474  
-0.7525362377  
-0.2162339542  
-0.005813522092  
0.2547105493  
0.7394497104  
0.3397963907  
0.5055252021  
-1.54403581  
0.004082707412  
1.118078741  
0.9641360074  
-0.5521381891  
1.65414209  
1.628729774  
1.144538909  
0.4312555262  
1.439251052  
0.9440244645  
0.4583000536  
0.2646647826  
0.7180580535  
-0.2193432521  
0.5904319811  
0.6911424694  
-0.1262629732  
0.104270381  
1.292524334  
-0.582712417  
-2.21595592  
