0.1374870916  
0.09331535952  
-0.1634562167  
0.04612373224  
0.09317548497  
0.05328917983  
-0.04963916244  
-0.3052248949  
-0.08921110539  
0.07436073061  
-0.07443090491  
0.3143240405  
-0.05996848957  
0.3572504556  
0.007719973482  
-0.01347600084  
-0.002584960174  
-0.2065433941  
-0.02041256208  
0.02764232771  
-0.02051203774  
0.2317970777  
0.0262960448  
-0.1564206492  
-0.1760590952  
-0.2309132382  
-0.02654414524  
0.2591028866  
0.08975027952  
0.06449078824  
0.3050300085  
0.0649835627  
-0.01999994304  
0.05198579566  
-0.01409114358  
0.0476267878  
0.05400652549  
0.3845363042  
-0.01876752651  
-0.024545023  
0.05997413162  
-0.07628041038  
0.09566237053  
0.2706125828  
0.03570669922  
-0.1044158518  
-0.1105539018  
-0.346915582  
0.1675235853  
-0.2152549135  
0.01934681922  
0.1428243481  
0.2571006859  
0.02554908702  
