0.005536278796  
-0.1954043793  
-0.3325067528  
-0.03244738736  
0.8200071093  
-0.1599378856  
0.1598379713  
0.03142430261  
-0.0831021706  
-0.4344387472  
0.4845821043  
-0.0713680716  
-0.003261844947  
-0.3396624625  
-0.1660750128  
-0.2057054597  
0.03008073354  
-0.04325526057  
0.1669947609  
-0.03194498167  
0.07306386959  
0.0425912951  
-0.02139608644  
0.07217320438  
-0.02685938015  
-0.4895815189  
-0.01589450868  
-0.1798750592  
0.01104579935  
0.09818326268  
-0.2457584634  
0.06651253146  
0.093659664  
-0.05741911607  
-0.05561083304  
0.2022211111  
0.1055212665  
0.08796001205  
-0.1666209084  
-0.2056266373  
-0.2486852432  
0.03198162311  
-0.1172482949  
0.119842375  
-0.1167789061  
0.03766599579  
0.08400129023  
0.1570345288  
0.3109052261  
0.1182348871  
0.1208002115  
-0.3410340416  
0.1692250415  
0.1155742259  
