-0.3757058995  
-0.780454425  
-0.4504941704  
0.6661506502  
-0.6658008324  
-0.3441939066  
-0.7430080262  
-0.1184713366  
-0.1195103287  
0.1218882304  
-0.4430475045  
0.399511186  
0.3445371325  
1.121775945  
-0.3301736917  
1.487652833  
-0.4972133037  
-0.2374888405  
0.9235353102  
0.4117848883  
-0.09341155841  
-0.2488942638  
0.1741657046  
-0.947390085  
-0.4475393655  
-0.3289970884  
-0.9252513784  
-0.6075133849  
0.6751833562  
1.017738867  
-1.809753543  
-0.5309076196  
0.007675913507  
-1.081577387  
0.3966085286  
-0.5879550468  
0.4592988839  
1.039531006  
-0.2493996245  
0.9048502318  
-0.06159566583  
0.04746042216  
0.8126691072  
-0.7557733739  
-1.059724363  
0.2181037306  
1.707389956  
0.8727095933  
0.1077474785  
1.271149949  
0.8939358711  
0.687348994  
0.6038694004  
1.739539394  
