-0.5020580594  
-0.241621256  
-0.3754785263  
0.1137463426  
-0.3968745231  
-1.218227063  
0.6018971964  
-0.5540594196  
0.6998898657  
0.1911461726  
0.4861803279  
-2.125956224  
0.3095422887  
0.4041394257  
-0.1084135464  
-0.5043451689  
-0.2970786614  
1.533912802  
-0.1515291303  
1.362812358  
0.9461941358  
0.2050814883  
-0.4577060186  
0.5228658829  
-0.7484900175  
-0.6265322458  
1.382765911  
0.5697476342  
0.4504035877  
0.604580852  
0.462944959  
0.5269540203  
0.5396103571  
-0.3168732539  
0.9450863746  
0.0956011964  
1.44561236  
-0.6179160381  
-0.06434655355  
0.1469602181  
0.1025019018  
0.6990505262  
-1.057586659  
-0.7603336173  
-0.2698438242  
-0.7357985287  
0.6163333071  
-1.330510201  
-0.07793000996  
0.6801107223  
0.1899511239  
-1.138235315  
0.290544937  
-1.322039653  
