0.09632438401  
-0.1343905966  
-0.1840241729  
0.5971180284  
0.455029708  
-0.06317045678  
0.1705904661  
-0.04639419913  
0.1008471468  
-0.1635354147  
0.196761518  
-0.1863318178  
0.03076363436  
0.1555520003  
-0.2428710494  
-0.06550099393  
0.2115026396  
-0.189690895  
-0.09030412693  
0.190891028  
0.3971602463  
0.05563030552  
0.005650404427  
0.1277918254  
0.01215210556  
-0.1639790949  
0.119250715  
-0.1122856648  
-0.1840271595  
-0.1158300816  
0.02257255503  
0.4119792131  
-0.06441767394  
0.2714634147  
-0.113709515  
0.05878400044  
0.2093201211  
-0.4570441738  
-0.217063132  
-0.1465936738  
0.0372862786  
0.02690353245  
0.006631774207  
0.3656892317  
-0.311531652  
-0.1064742295  
0.02216429893  
-0.05737433858  
-0.03333462106  
0.1520581448  
0.2506757818  
-0.1693572559  
0.08188837677  
0.213385423  
