0.02816940375  
-0.09106950986  
0.1583669903  
-0.10072022  
0.8438753105  
0.09089399543  
0.2015079385  
0.08647820698  
-0.2392616623  
0.3482448301  
0.0758756048  
-0.230864814  
0.04911834484  
-0.1497834731  
0.07757188049  
0.1804228273  
-0.2001237929  
-0.3328733491  
-0.05900194962  
0.1131831519  
-0.3018127139  
-0.02377010385  
-0.01862272606  
-0.07895789547  
0.01841848459  
0.05521850536  
0.2470786458  
-0.03442102409  
-0.2060447092  
0.142737538  
0.05970325449  
-0.4830321153  
0.06140293419  
0.08273820855  
0.1398754281  
0.01372478187  
-0.09182052121  
0.02687392006  
-0.1761882237  
0.0913414249  
-0.04364188729  
-0.2262429539  
0.08462634007  
0.03319902311  
-0.001108575405  
-0.07673135376  
-0.308829253  
-0.1077926392  
0.03372518249  
0.306892868  
0.1965406057  
0.08208019068  
0.1804663667  
0.462113082  
