-0.2919577974  
-0.1998873027  
0.6789770609  
1.259731191  
0.1225961838  
-1.403163095  
0.655887518  
-0.6071557804  
-0.4552044896  
-0.6240736054  
0.2425672696  
-0.1814832126  
0.6835275963  
0.7790564078  
1.388700468  
-0.18333457  
0.2703291105  
-0.2148726417  
-0.5346961811  
0.2838770833  
-0.1383046158  
-1.093335398  
-0.06300270337  
0.7990500252  
0.3019227758  
-1.078430055  
-1.680432578  
0.5252443584  
-0.3947156322  
0.8410011411  
0.07675192778  
0.4670819953  
0.3573843546  
-0.5820314703  
0.1026432397  
0.7905360151  
0.8752376984  
0.5461547133  
0.5760927891  
0.1212739922  
-0.08627940739  
0.1321295658  
1.005096284  
-0.5363194748  
-0.5081672055  
-0.03777192561  
-1.080054886  
0.9971252599  
-0.6271633503  
-1.329735693  
0.5478406406  
0.4208157128  
-1.389639247  
1.739984888  
