1.575362042  
-0.1377291781  
-1.090416599  
2.328087357  
-0.1695285891  
0.6944125224  
0.1928858789  
-1.385741714  
0.2693383097  
-1.191812934  
1.317305282  
1.170894776  
0.6076775898  
1.528366549  
-0.07962950388  
0.6736558591  
0.4092912877  
1.159915719  
1.577089578  
0.02365873699  
-0.2505000667  
0.1539255863  
2.751245724  
0.4482764094  
0.927263873  
1.6702415  
-0.06367638818  
0.4339747647  
1.349041208  
1.410676213  
0.4235368048  
1.002904527  
-0.7939389746  
0.2144826923  
0.8533239135  
0.100602175  
0.6396417985  
2.502557309  
2.073970614  
-0.03394734956  
-0.003388742054  
0.9102578605  
1.242854875  
2.66431271  
0.2391000288  
-1.012772142  
-0.06721625537  
0.4916612764  
0.6720261614  
1.747727771  
-0.09421652669  
2.722462944  
0.5512166653  
0.6097276214  
