0.2649793812  
0.0838184801  
0.3088395661  
0.02749701072  
-0.165386059  
-0.3339450606  
-0.06981374579  
-0.2384112517  
0.07893881995  
0.1390078803  
0.04802131487  
-0.0570676284  
0.05475811964  
-0.2772611883  
0.3147748205  
-0.08873089555  
-0.1592758294  
0.3530626344  
0.3736765876  
0.088229395  
-0.2690592534  
0.1345428376  
0.07216422991  
-0.08589860553  
0.1218931836  
-0.1922587273  
-0.1044633013  
0.2462753334  
-0.1493897921  
-0.07470522511  
-0.09921980031  
0.3245674162  
-0.1876516634  
-0.04283921001  
-0.1083734356  
0.1410447559  
0.007835733463  
-0.2664766086  
0.01270291294  
0.142362125  
0.02717103809  
-0.01812461485  
-0.1846905217  
-0.3407340511  
-0.374441783  
-0.3499688426  
0.3123738505  
0.1422575816  
0.1894309864  
0.1873938101  
0.4863017869  
0.5108562849  
-0.05444248084  
-0.1206007511  
