-0.5451655507  
-0.09980477379  
-1.411546815  
0.4902871279  
-0.3968745231  
-1.541406838  
0.1889061765  
-1.166570688  
0.6354058918  
0.3661875217  
-0.2970726322  
-1.104455115  
-0.1685262574  
0.6628571158  
0.2247122302  
-1.415151476  
0.08292535437  
1.110455112  
0.07786724764  
0.4134810943  
0.05433719081  
-0.2378845036  
-0.04637124189  
0.943511422  
-0.1093443989  
-0.856782511  
0.3806865179  
-0.313894727  
0.3328030548  
0.4891163683  
0.7535579999  
0.4775665093  
-0.4092194368  
0.06452502186  
1.048066343  
-0.1492257482  
0.5715248106  
-0.2825500981  
-0.3719598789  
-0.7470077336  
0.3692591686  
0.7580537882  
-0.9541554821  
-0.6407572778  
-1.369433715  
-0.9133404573  
0.6163333071  
-0.9692015166  
0.6785277485  
0.6594915391  
-0.3286271499  
-1.189389023  
0.04989134127  
-1.322039653  
