-1.025379836  
0.4324709926  
0.4918134948  
0.2526512077  
0.3816697493  
-0.1756237258  
0.6677169597  
-0.4436154877  
0.7948670633  
-0.8613726473  
1.328348367  
0.4895010301  
0.6903521586  
1.144807029  
0.1689933907  
-0.911862289  
-1.043084862  
2.271910893  
-1.412113057  
0.6068153416  
1.226463819  
0.3313009683  
0.6805615315  
0.693957602  
-0.08813071721  
-0.01619617809  
-0.5964161245  
-0.2892812902  
-0.9857494144  
0.4890726651  
-0.003423366006  
-0.7441883069  
-0.1211293803  
-0.04915286801  
0.6495370161  
-1.168728695  
-0.6175568088  
-0.9535642109  
-0.00882515087  
1.293420112  
1.353600213  
0.3643390168  
-1.259789775  
0.435181671  
-0.3841354285  
-1.197290201  
1.425496269  
0.729050683  
0.2165171173  
-0.2604479203  
-0.1163555735  
0.05738972345  
0.7992627447  
0.3027206475  
