0.2230856167  
-0.4044281203  
0.02259536446  
0.6611837889  
0.3318351668  
0.1987817991  
0.1490977768  
-1.247722706  
0.9301047434  
1.129267325  
1.036896284  
-0.1152899006  
-0.2073335355  
1.456363417  
0.7219444895  
0.4684245373  
-0.5102645657  
0.1465036227  
1.168066339  
0.3619280798  
0.8688499051  
-0.1440481733  
0.9745382754  
1.179257437  
0.9439959632  
-0.3529901424  
-0.9755463524  
0.7348564243  
0.2636696798  
0.0273013424  
0.8336873587  
0.7541355676  
0.883211095  
0.2278485553  
1.109876669  
0.1081759632  
-0.427641083  
1.564359884  
1.010073126  
0.2529304276  
-0.105453633  
0.301993038  
1.893890141  
1.327823358  
-0.1906239347  
-1.562144926  
0.2168538075  
0.09476213087  
2.613365729  
0.8414428602  
1.328310171  
1.776450219  
0.7972416934  
-0.6088304072  
