2.302057008  
0.5808729998  
2.054286815  
0.4220134284  
0.3407852245  
4.929704993  
0.8478819183  
1.259291483  
0.335067632  
0.8975067974  
1.287075445  
1.790008993  
2.662563221  
1.305970547  
1.855290733  
2.203610045  
-0.4327385569  
3.319243628  
2.206437728  
1.260135232  
1.051417968  
2.575874086  
0.6831264337  
1.109236481  
1.621831413  
-1.121006296  
2.548920112  
4.745871228  
1.400632154  
2.215867845  
3.953018946  
1.517475177  
1.783860997  
0.5426047019  
2.823251942  
3.358419363  
1.275231382  
3.686996922  
0.8243502055  
3.092228636  
0.3224315929  
1.65176076  
0.884073416  
2.575854785  
0.7119586976  
1.343668598  
0.5251408216  
2.595050868  
2.641479313  
2.269060273  
2.226656908  
0.2390853999  
1.092103982  
-0.9706955249  
