-0.01143149238  
0.4788693532  
-0.1280725823  
-0.1846683032  
0.1726596059  
-0.1484762528  
-0.06056702735  
-0.1922079627  
-0.1271522338  
-0.06102437481  
0.03566942322  
-0.1131537761  
-0.1201349387  
-0.168701711  
0.2390112633  
-0.06256480798  
0.03518314515  
-0.3753325604  
0.006929234471  
-0.4006667923  
0.006385123323  
0.3130106565  
-0.06826359986  
0.08463576753  
-0.1399313638  
-0.06016601056  
0.08113144235  
-0.1658250431  
0.1510935027  
0.4054769901  
0.08635217324  
-0.1767447326  
0.2924679832  
0.121937464  
-0.05819335718  
0.01834192534  
0.002400051044  
-0.3666380506  
0.1429390642  
-0.1031504858  
-0.2822214977  
0.1543161212  
-0.1940567104  
-0.5293908757  
-0.1507325873  
-0.2350404476  
-0.253954028  
-0.189479292  
0.1695039997  
-0.2412634519  
-0.1139784437  
-0.0796314424  
0.1683878671  
-0.2206153799  
