-0.2855317402  
0.67106994  
0.4314385269  
1.544087318  
-0.8200493172  
0.07168148658  
0.4149271194  
-0.1630043049  
-0.1585217455  
-0.2095817532  
-0.766084963  
1.722594779  
0.6470733179  
-0.1929440711  
0.6091736421  
0.4785584035  
0.9091236232  
-0.7533218789  
1.385873936  
0.7658092004  
-0.2408884391  
-0.4048475656  
-0.07705563238  
-0.1245549131  
-0.3101488572  
1.402784321  
0.5021697289  
-0.03978121153  
0.07124713077  
0.5186351224  
-0.8514836985  
-0.6418158765  
-1.426024397  
1.341165436  
-0.3927636831  
1.672022478  
-0.9710967168  
1.013463325  
-0.2062427023  
0.09766121947  
0.4971825895  
-0.4620971825  
-0.8722705183  
-0.6889974027  
0.5446355283  
0.1534623286  
1.693255568  
-0.05823160057  
0.2421605241  
0.3254413777  
1.251319875  
-0.8309953165  
0.3681128416  
-0.5036932435  
