-0.6256548642  
-0.7989836001  
-0.2069437208  
-0.04051379436  
-0.6658008324  
-0.0542509412  
-0.6647696719  
0.2618970075  
1.213138328  
0.505505186  
0.02365064536  
-0.6020459648  
1.089694362  
1.038093518  
-0.7044980022  
1.439870529  
-0.7175113175  
0.7000249586  
0.4077387397  
0.09467303656  
0.07719725364  
-0.3628870716  
0.3007302536  
-1.063304314  
0.08788585994  
1.074392741  
-1.083648323  
-0.9624032789  
0.1850017916  
1.139917392  
-1.359998085  
-0.5546452246  
0.7029256127  
-0.6904813013  
0.4496225152  
-0.01597028943  
1.079836246  
0.8028519046  
-0.05688264497  
0.3483709379  
0.07264699328  
0.3254359004  
0.5652958113  
-1.430269809  
-0.8479275371  
-0.4585402542  
1.707389956  
-0.0373875809  
1.321422176  
0.7321996176  
0.3035035238  
0.2834691138  
1.063234947  
1.739539394  
