0.137649706  
-0.1938626629  
-0.1902097121  
-0.147367866  
0.02025271121  
0.4366084297  
0.05106965673  
-0.1299363142  
-0.09416924079  
-0.04565770145  
-0.3184615465  
0.1898181449  
-0.02500346558  
-0.08085645196  
-0.2785614472  
-0.3248787594  
0.05796116722  
-0.008656532918  
-0.2545573829  
-0.09333066582  
0.04662446326  
0.03740805901  
-0.1981698061  
-0.1402020156  
-0.1458931503  
0.2720222701  
0.04687448032  
-0.1629159843  
0.2581709455  
-0.009633812915  
-0.0402426899  
0.1546595144  
-0.1177306119  
0.1147653314  
0.1645002024  
0.02220234054  
-0.3797949092  
-0.353994433  
0.00369791264  
-0.2143385586  
0.12191424  
0.2146885108  
0.02773714103  
0.1433313631  
0.1046582145  
-0.01921120862  
0.2543829903  
-0.0371762549  
0.0631445022  
-0.08826274508  
-0.1358264473  
0.08681112587  
0.1856339828  
0.007702391763  
