1.235198287  
1.512295959  
3.827382761  
0.7178536409  
0.3407852245  
4.813788984  
1.627364437  
1.123225784  
1.59844737  
2.205120327  
2.17559243  
2.725716297  
3.57286417  
2.058395528  
1.863720637  
1.751986501  
0.6457187377  
4.718061132  
2.574546787  
3.430398233  
1.456987532  
3.717254356  
1.480102933  
2.388098236  
2.737695601  
-1.117820664  
1.946178294  
5.318745632  
2.152496402  
2.976184492  
5.194012924  
1.831241358  
3.155833898  
1.364893642  
3.657454078  
4.408032036  
1.378541473  
3.101634815  
2.433483789  
3.530733096  
0.6833202381  
1.850216787  
1.928102803  
4.109518042  
1.145820563  
1.602426826  
0.5251408216  
3.199301773  
3.152794731  
3.453752655  
1.902635016  
0.2202506856  
2.74815484  
-0.9706955249  
