0.4094264735  
1.254925111  
0.7452566802  
0.8190298496  
-0.4578730467  
0.8338356364  
0.908424491  
0.4904616239  
1.121868817  
1.078328325  
-0.04400128195  
0.4299854437  
1.584151669  
0.6512250962  
0.7258194971  
0.01934003373  
-0.3913786184  
-0.2384941332  
0.5531332305  
0.3278932775  
0.07210552534  
0.7459216946  
0.794153746  
-0.8390485042  
-0.5281506275  
0.4688239495  
-0.2099100482  
-0.1254635136  
0.2680144402  
1.593459264  
-0.6554093293  
1.173803748  
-0.1420074696  
-0.5245161742  
0.000217704844  
1.214738396  
0.6781841781  
1.637715231  
1.010852154  
1.653070689  
1.022681257  
-0.589150244  
-0.8971832726  
1.007440216  
0.2007376626  
-0.2828759022  
-0.149783572  
-0.8241518826  
0.47163087  
-0.05098536948  
-0.1544488659  
0.7130809709  
0.7123616038  
0.5891948847  
