0.1491759796  
0.423955258  
0.3837122143  
1.633097962  
0.1225961838  
-0.4009790778  
1.155974789  
-0.3933889999  
0.01497964582  
-0.3240800309  
0.05411764538  
-0.5361756003  
0.3572226775  
0.5348158064  
0.7343389516  
-1.334867745  
-0.03992528716  
-0.1572094287  
-0.3919585827  
0.5833507223  
-0.1292980811  
-1.439418884  
-0.07453752883  
0.7528220014  
0.2303939414  
-1.110346657  
-2.32786576  
0.2234006894  
0.4737248108  
0.9430994054  
-0.2350556576  
0.621932594  
0.1895210206  
-0.01037805538  
-0.282226715  
0.06523211342  
0.5355170921  
0.2174593097  
0.640467291  
0.09278731349  
0.1168680829  
-0.127736346  
-0.08608930958  
-0.5305890216  
-1.616231735  
0.5961137298  
-1.080054886  
1.486779005  
-0.7028827084  
0.6824504266  
0.01520068792  
0.7193855048  
-0.7942247874  
1.739984888  
