-0.04474166822  
-1.05914179  
0.4671965337  
0.8456804425  
0.3318351668  
0.04871885092  
-0.5700142743  
-1.337512376  
0.2079447441  
0.7937231322  
2.563359379  
0.6574652184  
0.6676092317  
1.446858177  
0.9820805966  
1.573248109  
-0.2231569371  
-0.570096459  
1.852946042  
0.9106892252  
-0.524761339  
-0.06818279348  
1.369611746  
1.023922869  
0.9965442881  
-0.5910405096  
-0.803411165  
0.3063293224  
1.642851875  
-0.4543052484  
0.017163667  
0.5910933445  
0.6487683441  
0.1432254886  
1.260961402  
0.893289325  
-0.06013796009  
1.501643396  
1.134684721  
0.1070067763  
0.4737943936  
0.9090718228  
1.648076113  
2.06356718  
0.4654378514  
-1.340705813  
0.2168538075  
0.7905709089  
1.927846935  
0.6197368051  
0.7383762008  
1.520408774  
0.1716770439  
-0.6088304072  
