-0.205018737  
0.8320501574  
-0.05947744618  
1.549163046  
-0.2850838768  
-0.8309526971  
-0.04855257495  
-0.239181846  
0.3844796605  
0.709242577  
0.1753684734  
-0.4181723449  
-0.1685074882  
-0.2370857099  
0.2167081526  
0.5842365857  
-0.04067920223  
0.7636999166  
-0.3171963225  
0.6173967155  
0.976412761  
-0.4295918714  
-0.5966534974  
0.8556725749  
-0.2877984026  
-0.1571479908  
1.83164351  
1.838895482  
-0.6254164941  
0.4672153232  
0.6420222026  
0.4062061067  
0.4297402994  
-0.8271265603  
-1.127344448  
0.3842772748  
-0.06799424612  
-1.257582167  
1.039708131  
-0.4836275228  
-0.7647309011  
0.428516722  
0.4617361541  
-0.2639109671  
-0.4639271339  
0.4192210078  
0.06365270519  
-0.453316352  
0.8060888722  
-0.3400656064  
0.9741179825  
-0.8104747114  
0.6744221431  
0.6385543717  
