0.5587594293  
-0.3370302911  
0.5732785422  
0.2626878907  
0.3832036695  
-0.6932537165  
1.257333975  
-0.4307578737  
0.05381012008  
-0.3620447654  
0.05912611578  
0.06783136696  
0.9998609558  
-1.15001902  
-0.09955407965  
-0.9978171288  
0.7613999835  
0.08133953613  
-0.7150981746  
0.6238458003  
-1.255190519  
-0.3668025922  
0.4191249849  
-0.2434793838  
0.7571274339  
-1.257619969  
0.1207790088  
-0.2761879832  
-0.3753633574  
-0.6676681736  
0.1232935671  
0.8485132984  
-0.1686950118  
0.2436397152  
-0.3770682639  
-1.246735963  
1.466710585  
-0.08998349506  
1.868712885  
1.669771043  
-0.8405506738  
-0.7718107624  
0.6903381181  
1.176165111  
1.624834746  
-1.229052289  
1.409511032  
0.3265835805  
1.871551858  
0.3374544473  
-0.288251966  
0.6384060924  
0.4814702339  
0.01577457965  
