-1.108920323  
0.4528681762  
-0.3235772856  
2.525955462  
-0.8200493172  
0.01759553438  
0.1519412704  
0.572730269  
0.1157557822  
-0.2824534501  
0.04816455796  
1.222698401  
0.2927779251  
0.1683242026  
-0.4084365391  
-0.1873341973  
0.2402760231  
-1.229246715  
1.098634759  
0.3147925002  
0.2134566478  
-0.1257125309  
-0.3238400305  
-0.06501514547  
-0.2124838986  
1.722995586  
0.03637717579  
-0.05080754538  
0.8892525739  
-0.1520376597  
-1.087614478  
-0.6085446048  
0.1273135377  
1.303601425  
-0.5112143678  
1.490266085  
-0.3102615489  
0.4316912193  
-0.9377148221  
-0.02362561371  
1.321736532  
-1.083442868  
-0.7217400256  
-0.8396313365  
0.3302174996  
0.8563829465  
1.693255568  
0.1069060515  
-0.483211477  
-0.9650263322  
0.9580591811  
0.4258385013  
1.640451369  
-0.5036932435  
