1.696131493  
1.171502166  
2.332486472  
1.285774644  
0.9772012043  
3.946152594  
1.443785649  
1.330278498  
2.54792004  
1.484264687  
2.109074825  
0.810220625  
3.851814547  
1.111692496  
2.06222264  
1.600162768  
0.2291757448  
3.307581212  
1.624957276  
2.079626375  
0.8610051605  
3.922162031  
1.428849464  
0.9350927065  
2.706037005  
1.189342238  
1.096825703  
3.259998757  
1.799026746  
2.688067914  
2.641091172  
1.106140931  
1.512379812  
0.4419546634  
3.776778139  
2.392874328  
1.452628347  
4.638463346  
0.3152795041  
1.435150031  
0.579309728  
1.232728632  
1.935698375  
3.09637238  
2.870315101  
1.168850108  
1.576595079  
2.203377438  
2.428711081  
2.06416327  
2.920021619  
-0.7499686868  
2.334629292  
-0.1603550722  
