0.09133894807  
0.8575670258  
0.6096736679  
1.588846339  
-0.2925586005  
-0.01520635943  
-0.03213306432  
-0.1616468059  
0.6483010781  
0.2656675887  
0.2676156019  
0.3131216713  
1.502212127  
0.5826253376  
1.086413471  
0.6787291377  
-0.6124789152  
0.559345278  
-0.01695801  
0.4936017176  
0.9746542439  
0.2932372302  
0.5742726125  
-0.292888063  
-0.5726470771  
0.3860914389  
0.4434880834  
1.621325865  
-0.6056490685  
0.8265333555  
0.3259048359  
0.1819987078  
-1.219917439  
-0.4254749217  
-0.2473116863  
0.3488044181  
0.003008942396  
-0.1008264987  
1.136914963  
0.2166582482  
0.9628967864  
-1.713965868  
0.3231195236  
1.681923867  
1.801284074  
-0.004015426272  
0.07734220828  
-0.211176383  
0.8626789602  
-0.1768612748  
0.5221673456  
0.7195726  
1.100246931  
1.245539694  
