1.38908356  
-0.5167669133  
-0.2205306496  
0.712470863  
0.8655078424  
-0.8383083369  
0.6099969316  
0.199955392  
-0.6626976874  
-1.008276035  
0.2558050111  
0.5009931567  
-0.2243348612  
-0.7339057784  
-0.4454341949  
0.09410995452  
0.256131696  
-0.1355206117  
-1.108081095  
-0.230758523  
-1.098708292  
-0.8067556039  
-1.04032476  
-0.274283031  
-0.836956794  
0.4838199811  
-0.6266818095  
-1.404394867  
-0.6806442905  
-1.277330625  
-0.2248709994  
-0.5311627592  
-1.02082624  
-0.1508403405  
-2.102082937  
-1.883383346  
0.06786338183  
-1.439309945  
0.9081156188  
-0.3383508201  
-0.377981124  
-0.5788871529  
-0.6593044911  
0.5976678003  
-0.007431120901  
-0.7356589405  
-1.001868147  
-1.414605671  
0.9615106452  
-0.771950106  
-1.260113032  
-0.6957806371  
-0.3182061024  
0.2847544979  
