1.006479293  
0.9149093534  
0.5856543778  
1.303009699  
1.61331703  
1.545936866  
0.132994042  
0.7453080981  
1.762592848  
0.8441679558  
0.8269619606  
1.220853849  
2.274769261  
1.077378457  
1.564318644  
2.071204533  
-0.4707690506  
2.289606976  
1.591670733  
-0.2874534046  
-0.01196089014  
3.000368774  
0.3304235144  
0.4550859106  
1.038251333  
1.134402511  
-0.1288762505  
1.153774336  
0.6580087167  
2.565126135  
0.609510089  
-0.0724367116  
0.9029610452  
-0.2280463201  
1.268173066  
2.305741266  
1.599084805  
3.989674935  
2.503369232  
2.220730064  
0.8824689109  
0.66512628  
0.4440753926  
1.935743838  
1.752742347  
0.1507984801  
0.8137988109  
0.3750967696  
2.331609727  
0.3682080643  
0.9798602463  
-0.02449830841  
2.16159836  
-0.6167312334  
