0.4375097457  
0.828236664  
0.3050105692  
1.587290719  
-0.2628090191  
0.05044942482  
-0.02873536545  
0.1261111116  
0.5832988129  
-0.9862665717  
0.4929142221  
0.3519124869  
0.3624850223  
0.1353151113  
-0.2983185357  
1.043511537  
0.7072449372  
1.161187702  
-0.001942482985  
0.621465249  
-0.4298130662  
0.06190880295  
0.434060388  
0.1053735678  
-0.5717094644  
0.9551815239  
-1.867750038  
-0.7580854215  
-0.6130900399  
0.0152432586  
-0.4757583495  
0.8684564658  
1.818087568  
1.479249888  
0.2349542495  
0.1085188246  
-0.02097361518  
0.7815055176  
0.2976439836  
0.05327604007  
0.07024119587  
0.3367752663  
-0.03019151974  
0.04854403791  
-0.07088850718  
0.5218009893  
0.07440948455  
1.246292113  
0.5739187548  
0.421874574  
-0.0432361567  
0.3732831765  
0.3908517251  
1.345668351  
