1.303611948  
1.755764688  
1.386393681  
2.323000091  
1.61331703  
2.352949082  
0.8853665654  
0.7206558207  
2.063926309  
1.05686639  
1.445690389  
0.5006417781  
2.569388429  
0.7829756535  
1.683993992  
2.63407806  
-0.05795022983  
3.574233186  
0.7995638101  
0.6697111422  
1.326081438  
3.332557053  
0.6971929291  
0.7947666215  
2.118714737  
1.576022421  
0.04024843985  
1.441593939  
1.481565498  
3.037266259  
1.185222939  
0.3947877307  
1.039199263  
0.2840124993  
2.351082352  
1.905459492  
2.046518155  
3.986674794  
2.439081068  
2.855924386  
0.5189438536  
-0.7641444449  
-0.3117669441  
1.639534458  
2.471917409  
0.4150780203  
0.8137988109  
0.4925717779  
3.145105359  
0.6672764207  
1.598359418  
0.05289962508  
3.272772101  
-0.6167312334  
