0.05300602955  
0.197506875  
-0.1883637853  
-0.1095552232  
0.5256324044  
-0.11456242  
-0.07541752269  
0.06245880015  
0.1820241084  
-0.1598106016  
0.1247696966  
0.1366086384  
-0.05070752016  
-0.2182755796  
0.1136159486  
0.07580543524  
-0.04783338036  
0.2845518474  
0.187525966  
0.2608845001  
0.2231798028  
0.09088915048  
0.003925142879  
0.07114966269  
0.1949715478  
-0.05204019833  
-0.003866616637  
0.2199637996  
0.1696362318  
0.06845704351  
-0.1920345564  
-0.1791053977  
0.06756517126  
0.04812147386  
0.02361590495  
-0.01936990594  
-0.1674993802  
0.09710184412  
-0.1073431672  
-0.3962956497  
-0.1822934969  
0.1892151104  
-0.09359530113  
0.1859851811  
-0.1352024983  
-0.3322266655  
0.5739745805  
-0.02313009146  
-0.3791372707  
0.137130757  
-0.06658379816  
-0.0658400248  
-0.01259309357  
-0.1219510073  
