0.04493189265  
0.03888091793  
-0.1727262531  
-0.08745129822  
0.2586020746  
0.03267580356  
0.1333892657  
-0.4273664593  
-0.06511159783  
0.04287417881  
-0.05194459976  
0.3482467943  
-0.1421234199  
0.0586054194  
-0.1251076827  
-0.04503217795  
-0.08010365762  
-0.1780263379  
0.5211901491  
0.1777052301  
-0.04034410146  
0.3721387117  
0.1842347203  
0.05980754423  
-0.09856271387  
-0.1258824672  
-0.1238781715  
-0.1649935252  
0.3013027642  
-0.02327607538  
0.04800859439  
0.3063544579  
0.0386763571  
-0.1210573241  
0.05001232639  
0.3050375185  
-0.3563689717  
0.3961404223  
-0.1002602131  
-0.1627496863  
0.1515430195  
-0.08387531713  
0.3183953169  
0.07498559494  
0.04784044917  
0.09945255718  
0.1458557173  
-0.1820301821  
0.3317661357  
0.3136725631  
0.06484492109  
0.2148675907  
-0.00709107325  
-0.09092065519  
