2.626525432  
1.09689041  
1.576757157  
1.154695776  
0.9772012043  
3.27235004  
1.664169073  
0.117577824  
1.373261415  
1.353971482  
1.679431382  
0.812350867  
2.818817688  
0.7177420801  
1.670141666  
1.394137944  
-0.5912570974  
1.19108389  
2.339171542  
1.52308055  
0.1577652562  
3.357978099  
0.7591299705  
0.2039081624  
2.179191965  
1.13271113  
0.3293905446  
2.58255535  
1.216556393  
2.801077255  
2.597735201  
0.9543255057  
1.393571104  
0.2083334506  
2.849353431  
1.963074975  
0.9744212054  
4.252474442  
-0.1472099522  
1.987881589  
-0.4813607289  
0.6828809155  
1.142873616  
2.075466385  
2.511202267  
0.6086412086  
1.576595079  
1.609288696  
1.13315608  
1.624080544  
2.099869556  
0.3740005654  
1.481607455  
-0.1603550722  
