0.2464343935  
-0.6052764744  
-0.0794762934  
0.9958274579  
0.8655078424  
0.06155599821  
0.4845956923  
0.6396930959  
0.1352941614  
-1.548102066  
-0.04212659432  
0.7974850198  
0.5155110726  
0.6662193591  
0.3987806806  
0.393448421  
0.07077193843  
-1.297642981  
-1.502576459  
-0.5743382386  
-1.354355375  
-1.370409521  
-0.7324687143  
0.1670322435  
-0.4582178699  
0.7454239191  
-0.2270866048  
-0.3893240137  
0.212307962  
-1.435812402  
-0.07537078066  
-0.03227047739  
-1.193123173  
-0.01754065172  
-1.458568046  
-1.685183214  
-0.1771033408  
-1.547404911  
1.223830531  
-1.375670297  
0.9945443938  
-0.06975324721  
-0.326051908  
-0.1248487819  
0.1488077985  
-0.1621391527  
-1.001868147  
-1.829136292  
0.8146434021  
-0.2776490114  
-0.6648335487  
-0.9337980458  
-0.3562287142  
0.2847544979  
