1.612666356  
-0.3347010476  
0.4445152475  
1.893346835  
-0.1695285891  
0.5926358818  
0.2227777024  
-1.082961219  
-0.4822305298  
-1.14197324  
1.332652195  
1.502242188  
0.4717478391  
1.470415547  
1.290049928  
1.622422657  
0.5630142597  
0.486224257  
1.512524567  
0.8543711443  
-0.3937295082  
0.9355969863  
2.395330074  
-0.2158111798  
0.9038228506  
1.409141358  
0.6742445276  
-0.82503222  
1.267569432  
1.088691425  
-0.5045474911  
1.46226323  
-1.218739785  
-0.1570078502  
0.9296605722  
1.17736036  
0.8061460394  
2.57870479  
2.394002634  
0.06302438676  
0.526091832  
1.20186767  
1.5705286  
2.155406601  
0.2691957689  
0.09438459937  
-0.06721625537  
1.230172834  
-0.1238507895  
2.433247207  
1.142897302  
2.50630099  
0.2585092604  
0.6097276214  
