-0.2382389377  
-0.1431011225  
-0.06804904  
0.114527554  
0.062493311  
0.0589543214  
-0.06171155527  
0.2549997424  
0.1388470213  
-0.1100904336  
0.08726105839  
0.1431757079  
0.06414114587  
0.08466465992  
0.1511703939  
0.09469776587  
0.07342663714  
0.05693178765  
-0.1512113038  
0.04099764482  
-0.1355567683  
0.1890063774  
0.03054489283  
-0.2209091817  
-0.338747647  
-0.2548002815  
-0.1577429218  
0.1226489497  
0.03415234722  
-0.105907606  
0.1741423941  
0.01728313014  
-0.1636394416  
-0.1193511785  
0.2268845447  
0.07435335619  
-0.2533412967  
-0.09568068061  
-0.006053310922  
0.1578851242  
0.06078817392  
-0.05581892658  
0.1009973225  
-0.2536106708  
-0.1759672319  
0.1009977296  
0.702476491  
-0.01978279195  
0.3464715523  
-0.2222294151  
-0.09604320965  
0.03507474882  
0.289125348  
0.3348943535  
