-0.3736672425  
2.687305103  
-0.2482330129  
-0.7098853607  
-0.6110191607  
0.8731081272  
1.077247025  
-0.6702994291  
-1.183911337  
0.3358804406  
1.347173771  
0.7050505159  
0.09104109279  
0.1245364526  
0.3332440856  
0.470851656  
0.1681313609  
0.3330474639  
-0.5665718714  
-0.4550963741  
0.7165544994  
1.707918221  
-1.447766762  
0.7533204096  
0.3214096999  
-0.1118048304  
1.054007859  
0.1501543414  
0.5935752811  
0.2270922874  
-1.215111225  
-0.1455281873  
-0.6513638578  
-0.744466938  
-1.819829528  
1.174592791  
0.2449694405  
0.6480112057  
-0.1201373131  
0.8736925284  
0.7044270048  
-0.3052255764  
-0.6961459243  
1.089296894  
0.5741971893  
-0.840207897  
0.156818261  
0.2486496113  
0.8221848159  
0.06030098819  
-0.9115540596  
1.188585969  
1.118738718  
0.6940018436  
