0.3661557292  
-0.6007754144  
0.3156298305  
1.960901119  
0.3946505702  
0.9097350534  
0.6626679943  
1.831325184  
0.2456880477  
1.086940037  
0.6791424159  
0.4908861484  
2.068404836  
-0.8214409089  
0.5753247019  
-0.1061196854  
0.6340204838  
-0.3459570597  
-0.273937673  
1.583946908  
-1.188339165  
-0.04426845932  
0.7813121313  
0.6672981995  
1.53183846  
-0.4249964174  
-0.2607183578  
-1.159015723  
1.674039377  
1.012488584  
0.585529724  
0.3706165521  
1.120284369  
0.02221933362  
0.4905858368  
-1.49990958  
0.2104648424  
-0.04945830484  
-0.4678533875  
0.9597991501  
1.352106765  
0.8324123154  
-1.729358555  
2.808811648  
-0.6529345985  
-0.5235136007  
-0.6188581437  
0.09013397871  
0.3167997379  
0.8043770478  
-0.2995970247  
1.171502006  
-1.299026584  
-1.267544426  
