6.022024781  
1.388917947  
1.112053532  
-2.056782076  
1.66181771  
4.384023131  
0.1166334474  
1.787157448  
4.152240146  
2.106871044  
3.016671501  
0.7302104105  
2.112906354  
1.648258998  
4.991809676  
0.3388130117  
1.377634931  
-0.3059238793  
-0.3231647548  
3.634051909  
-0.3047642062  
1.905135101  
2.386151471  
2.065849641  
3.286337184  
-0.2440837206  
3.239701898  
4.284846929  
4.756715567  
3.779633256  
3.698972896  
2.101767818  
0.8139591922  
1.058506682  
1.54244059  
-0.7589572805  
3.181186332  
4.025142846  
1.7482108  
4.816428254  
1.203396963  
0.9142290294  
0.3996834627  
4.388354566  
1.319836719  
-1.441304971  
2.909612718  
1.130760925  
2.576012429  
1.106498484  
-1.697861375  
1.429823046  
2.832698495  
-0.3279079062  
