0.02231059096  
2.889837875  
0.3264749814  
2.006844226  
0.4172636998  
0.9532797943  
0.996589808  
1.86207248  
-0.1081952466  
-0.01377363737  
0.1521723766  
0.2637784897  
0.8918474573  
2.085281756  
0.8908221752  
-1.361989607  
1.443664833  
-0.2767686163  
-0.6910898642  
0.8814129089  
-0.1616391356  
1.408019931  
0.7218471201  
0.5776068557  
0.6310580465  
1.537257337  
0.901054901  
-1.25938464  
0.8839320659  
0.5746563104  
0.45050908  
0.167394635  
-0.7467855605  
0.4692646083  
0.6214358345  
-1.462009653  
2.606994821  
-0.1333036179  
0.4845606113  
0.3326203629  
-0.4277585575  
0.07588678148  
4.74153103  
-0.9069607707  
0.3298217669  
-0.5074649727  
-0.6264640549  
-0.1785107207  
3.044608389  
-0.9982476489  
1.02394343  
0.8215037356  
1.284559729  
-0.4305619501  
