-0.2528470117  
2.696338769  
0.06429044019  
-0.6872617241  
-0.6122023408  
0.2068938534  
1.065676851  
0.07982292819  
-1.146451261  
-0.654839604  
0.9051203448  
0.3312586693  
0.7612153258  
1.496307098  
1.439733147  
-0.9014910863  
-0.82653451  
0.03049318961  
0.3890319153  
0.1817115945  
0.1093240034  
1.024870527  
0.871150572  
0.1210517753  
0.3895073425  
1.226015451  
2.218689013  
1.189006344  
0.643108487  
1.756867009  
1.146107933  
1.515221491  
0.3788918053  
-0.0671958929  
-0.07782192907  
-0.03492221287  
0.1820108388  
-0.83894937  
0.4166018852  
-0.4231468467  
0.2352699471  
0.7507815702  
-1.015445977  
-0.0281142292  
-0.6393773169  
-0.8408970727  
0.1505913691  
0.666887829  
1.103719155  
-1.11259501  
1.298950649  
-0.9497910588  
1.049842202  
3.382024823  
