-1.136952441  
0.5777347126  
-0.02448884105  
-0.1073826463  
0.8660015632  
0.557589736  
1.611768675  
0.2796654302  
0.1270568706  
0.8712084949  
-1.309792075  
-0.4844068051  
-0.4505786628  
-1.239983189  
1.150842327  
0.4426112108  
0.8288335662  
1.224132064  
0.2159534909  
1.121460676  
0.3596662592  
-1.298776001  
-0.08794675749  
-0.2714687391  
-0.4078364758  
-0.2979077013  
-1.591239125  
-0.9266586717  
0.3773348466  
-0.1818825267  
1.150511447  
-0.05736422082  
-0.6866597056  
-0.5996361613  
-1.75495653  
-0.004715200213  
1.142169995  
-0.3888492107  
1.531199364  
-0.7044869305  
0.3877333823  
-0.01723745273  
0.4887205462  
0.4352195342  
0.6489840981  
0.2702794305  
-2.13327303  
1.390214022  
0.941727875  
0.06336264877  
0.5542292422  
0.5134683542  
0.539267805  
0.285520588  
