0.6391904999  
2.695367387  
0.7339462085  
-0.6817454417  
-0.6389575979  
0.6425445724  
1.093653378  
-0.185894056  
-0.9139065351  
-0.04841565401  
0.2527023132  
0.05426974907  
1.02847202  
0.5959470814  
0.7017618463  
-0.2223060524  
1.377461157  
0.6579334589  
-0.6401289324  
-0.0936557388  
1.439631166  
0.9285947857  
-0.01779433766  
0.4978593515  
0.4173631304  
-0.09609126231  
-1.006192407  
1.639527201  
0.5961703536  
-0.3130065922  
0.6717175726  
0.9943265622  
0.8386189084  
1.697732477  
0.1725773324  
0.9188381087  
0.2752370884  
0.6334380407  
0.6804855564  
0.8863473347  
-0.6856297894  
-0.3474402949  
2.361022663  
0.9745778644  
1.13167862  
-0.8274865132  
0.1597593539  
-0.1196714767  
0.5226176499  
-0.5414944643  
-0.7129079895  
0.6585001782  
0.9719296705  
3.371477727  
