0.5719042649  
0.5862718591  
0.2148489302  
-0.1724896733  
-0.4226487042  
0.5606436537  
1.440021431  
-1.422222358  
0.6229085374  
0.6879885107  
0.1499993274  
-0.04036688005  
0.2837303747  
-1.025155533  
-0.8946065984  
0.2790563765  
1.141116244  
0.4219291552  
-0.3231744256  
0.8488313962  
1.070366759  
-0.151219511  
-0.2341010506  
0.5337015464  
0.2765016539  
-0.9164870037  
-2.073660118  
-0.2873527386  
-1.322155831  
-1.641490378  
-1.100880623  
-0.7765395692  
-0.9959195989  
1.517155418  
-0.08579677707  
0.7918439878  
2.246571251  
2.396515727  
1.410935902  
1.246064118  
-0.03329738537  
0.02569256735  
0.2391876348  
1.222471022  
0.756092794  
-0.1886012527  
0.2011025656  
-0.08997832476  
0.9023310809  
0.1890092682  
-1.061838802  
0.6684620877  
0.6067135421  
-1.003473534  
