-1.033100588  
0.5224205234  
0.9621279753  
0.951503611  
1.859618477  
0.5795555848  
0.9824261815  
1.148018438  
-0.9958941159  
-0.2810537598  
-0.8573976008  
-2.654259486  
-0.5019895903  
1.940631409  
0.06843036642  
-1.580526528  
-0.2480674644  
-0.6138167444  
-0.6098229712  
-0.1456541265  
0.9159088769  
0.7492935769  
-0.08815203793  
0.03288139568  
1.034550243  
2.30594459  
0.7315317192  
-0.1071528449  
-0.7059257217  
-0.2943528628  
0.5819197132  
-0.2936731501  
-0.1372483439  
0.45148922  
-0.3911526304  
1.786043399  
1.33384101  
-0.5885526954  
0.9868692088  
-0.3931066533  
-0.7366479318  
0.1699484362  
2.480009737  
-1.953451501  
0.1419598856  
0.6543775436  
-0.1667334043  
-0.6902452063  
1.473188417  
-0.6908561909  
2.054459643  
-0.2199142457  
1.12568369  
0.04444110448  
