-0.1114624265  
-0.2230985124  
0.2878928177  
1.93483926  
0.4133514445  
0.5730928916  
0.8486234161  
1.858942951  
-0.1657395778  
1.722261134  
0.4613562973  
-0.4207318555  
-1.170619573  
-0.05332770271  
1.680702996  
-1.49057944  
-1.648587524  
0.09904964214  
-0.07254032068  
2.090722681  
1.286821063  
1.098489888  
0.07145500075  
0.6583497235  
-0.5701023336  
1.49209454  
0.6572885873  
-0.7961927017  
-1.09239972  
1.6521608  
0.9627832328  
1.471554682  
0.3326259319  
0.3019508078  
0.2177114685  
-1.430307787  
-0.6092065003  
0.3259290146  
1.078750585  
0.1649800392  
-0.5444221757  
0.382022063  
-1.000047009  
1.3029589  
0.5890545957  
-0.535973863  
-0.6069065061  
0.9888930691  
-0.3965102306  
0.1754652897  
0.1300926192  
-0.5644357154  
2.115051899  
0.1371377275  
