0.8063568061  
0.8424850101  
0.8525053308  
0.2385506086  
-1.171272694  
1.110194128  
-0.2882566703  
-0.3945882396  
1.740295195  
1.440867544  
0.5300043201  
0.6970528955  
0.9954929029  
0.6647902025  
0.8433276463  
-0.7520266493  
1.288173182  
-0.02468023781  
0.3905810368  
0.2515395423  
1.127373204  
1.160447119  
0.7036883535  
0.9427376952  
0.05978257341  
0.3963468413  
0.5858646438  
1.303408712  
-2.361794783  
-0.6273863855  
-0.2550276016  
-0.4879489628  
0.06547540973  
2.53660514  
-0.6090695167  
1.742370833  
0.9746470499  
0.868499192  
-0.5673655608  
0.5087570474  
1.587657625  
0.6639103188  
1.716705109  
2.457725431  
-0.978507285  
0.6951800359  
0.2358715508  
-1.409345037  
-0.3834156652  
1.1108239  
0.7869196771  
-0.2526492791  
1.724269262  
0.780875568  
