5.214767163  
0.04600292829  
0.6909685491  
-0.7376652526  
-0.2414392129  
5.942289429  
0.7615151006  
4.580320987  
4.071224813  
2.259581623  
3.993082313  
0.8132785736  
3.238911197  
4.855806558  
4.145283352  
0.1333089206  
0.8004393317  
0.8759539488  
0.6742710435  
6.279237299  
1.920368785  
3.364214715  
1.009659062  
2.558166854  
2.696389514  
0.497268001  
5.514472308  
6.516015497  
3.956341008  
5.548450389  
7.040910194  
3.876686308  
1.783753207  
1.787635899  
3.320198825  
2.015027733  
1.907114275  
5.840799347  
5.720647732  
6.647366139  
1.585188698  
-0.252193077  
5.200325031  
4.638489119  
1.602116613  
-0.4246775758  
4.426727469  
2.175800739  
3.91953263  
1.415357975  
-0.451695372  
3.896347153  
3.541708225  
-0.1178859768  
