1.634229849  
-1.61741827  
0.6103233392  
-1.094339458  
-0.43669427  
2.002208282  
-0.1339596419  
2.619854321  
1.374553298  
2.678685515  
1.098722718  
-0.3296349434  
4.663367156  
1.805426167  
2.157932936  
0.9575811965  
1.519767265  
-0.3308435284  
2.541744722  
4.513291889  
1.121489806  
1.139039221  
3.419657862  
1.043843692  
0.8505204705  
1.142926772  
3.359929477  
2.011206271  
3.492390428  
3.659379971  
3.328704609  
2.092718302  
-1.208490514  
3.074002724  
1.653006272  
2.733292341  
2.18049097  
1.796400256  
1.118001174  
5.669669484  
3.625336808  
2.201639336  
3.729803608  
2.796537309  
0.5391693137  
0.2553480914  
0.5300287116  
2.330253216  
1.805028783  
1.03796208  
0.4726150651  
2.069494985  
1.226447338  
0.3186796374  
