3.295009174  
-0.9600805265  
0.7188364512  
0.9920872928  
-0.3004930233  
0.5842463814  
0.4577111736  
0.7578660496  
-0.8533610079  
-0.9181908919  
-0.1062080447  
1.683027071  
0.2469303195  
0.05706088053  
-0.4563127601  
-0.1933808765  
0.2619264041  
-0.8281235123  
0.6446632275  
1.692765892  
-0.01987499612  
1.41066567  
2.12694935  
1.809875857  
0.9673115155  
0.3997781796  
0.5864821151  
-1.16571719  
-0.1586490329  
-0.2880152519  
0.8117858346  
1.695542062  
0.09089055645  
-0.3535363441  
-0.7573657389  
-0.2326388275  
0.7635837092  
0.1840004189  
2.275396078  
-0.5643056399  
-0.6389113839  
-0.1710544689  
0.9411455229  
-0.2149865918  
-1.519640098  
0.1869946541  
-0.418300601  
-0.3908048251  
-0.05142495757  
0.7168425776  
0.9705732921  
0.1428127158  
-0.2387512426  
0.1337624386  
