3.50377045  
-0.8653007573  
0.6038095743  
-0.8448715424  
3.019465162  
4.62697598  
1.274669099  
2.332261109  
3.541913808  
2.1903337  
4.112210493  
1.054101745  
2.18177189  
2.667019193  
2.43611106  
-0.8873499789  
0.4219445145  
0.9657319928  
-1.907231827  
2.212998144  
2.872032978  
0.7902692797  
0.660567003  
1.827008266  
2.733197301  
0.6580348266  
2.752446646  
2.625291928  
2.893612777  
2.162730956  
1.897928135  
0.2828983339  
0.8417106469  
2.328971753  
0.7423216159  
0.899623132  
1.076456024  
4.700541429  
4.118718371  
5.640184014  
0.6509268452  
-0.3019236372  
1.185999275  
2.935395896  
1.379768538  
-0.7007204018  
3.399560654  
0.2613685965  
3.417113185  
-0.09029824094  
-1.778161357  
1.027266372  
2.932501915  
-1.604584149  
