2.042668329  
-1.429954713  
1.502784304  
-1.188549575  
1.38468734  
2.176857762  
2.100748927  
3.547004318  
1.38661518  
2.135941892  
0.7893525274  
-0.1677842415  
4.866279247  
0.8068111302  
3.545106599  
1.389969556  
1.831730921  
0.4416695723  
1.413328221  
4.276230189  
1.829684926  
0.1711507291  
4.931101718  
2.151709989  
2.041495041  
2.902247225  
2.881266975  
0.8663946481  
3.456771895  
2.418751621  
4.136427293  
1.49750266  
-1.565939058  
2.102980877  
-0.2929681474  
2.926232453  
2.77420652  
1.892080153  
3.09645348  
6.428984423  
3.260535522  
2.372646922  
3.575286528  
2.751190105  
-0.2373407876  
0.6342233274  
0.5780310659  
0.5854134689  
1.592336843  
1.584239226  
1.509221012  
1.865525326  
0.4635506058  
0.2096843627  
