1.254364016  
-0.1123369577  
-0.04012833391  
0.1020786903  
0.1061347472  
2.900216229  
0.4736872994  
3.646556195  
1.77585266  
3.004805217  
0.9500610128  
-0.6531186837  
4.360823706  
2.811405534  
0.7551659575  
1.076058469  
0.3310907619  
0.5610945406  
1.810741744  
4.018723445  
2.432358122  
0.2021047559  
3.906083772  
1.361825127  
0.7028053567  
1.925981572  
2.88346186  
1.27728655  
3.334356969  
2.808273784  
2.994188787  
1.532198031  
-0.08208431322  
0.2555874201  
2.103485318  
3.041053262  
1.974623832  
2.328339841  
2.17109015  
5.269281301  
2.876179602  
2.462888709  
3.187195547  
2.362035577  
0.7492852053  
0.5171391387  
1.292532729  
0.7208110223  
2.100843439  
-0.259322559  
0.6178143351  
1.823430909  
0.9871471438  
-0.6339038976  
