-0.290400182  
0.3234752761  
-1.944744683  
-0.509760166  
-0.1396855888  
-1.178300698  
-0.1106355806  
0.7628079747  
-0.5415649964  
-0.5827886066  
-0.4623068652  
1.57339686  
1.300542825  
0.6530873829  
0.8928664769  
-0.2241780871  
0.3582655192  
-0.05263514853  
-0.2362550022  
0.2022673105  
-0.3915068756  
0.554051211  
0.7600742622  
0.8203918239  
-1.331678671  
-0.1220023834  
-1.595268081  
-1.086495437  
-0.05013100895  
-0.5143632036  
0.3212998899  
-0.5887767641  
-0.5721693429  
0.3826248453  
1.448455299  
1.001753688  
1.232613112  
0.8485595324  
1.840518531  
-0.570714748  
0.7474780827  
-0.8712227137  
0.6771909423  
-0.8106958751  
2.150702808  
1.238108016  
0.7175022652  
-0.6143176435  
0.3512302154  
0.6970298111  
-1.035057093  
1.395794302  
-0.2911963929  
0.5188778205  
