-0.2755267686  
-0.238937339  
-1.895105362  
-3.316111618  
-1.290814141  
1.172732267  
0.1112760115  
-0.454044431  
-0.7702425209  
-1.994759024  
-1.689138647  
-2.864365359  
-1.684556127  
-0.6383324034  
-1.448251599  
-1.92203998  
0.1554479028  
2.845716357  
-1.119229914  
-4.988993628  
-1.145795122  
-0.8722685039  
-3.317402193  
-1.640028008  
-1.005396935  
1.125125083  
-2.610006175  
2.697371643  
-0.8828334101  
-2.582288563  
-0.6279379387  
-1.952143484  
-2.660117149  
-0.1103485078  
-0.5079609685  
1.753953518  
-0.0763081784  
-0.9155779415  
-0.8797669974  
-0.5893894343  
-3.290170256  
-3.659451286  
0.2639318614  
0.2642099079  
-3.184758484  
-0.3907127058  
0.4120438935  
0.2733340125  
1.294838459  
-0.4072479432  
-1.67258703  
0.3540025005  
-0.07149302794  
0.01719684485  
