-0.283312069  
-1.594656573  
1.089121826  
-1.482833919  
-0.5614316107  
-1.510547602  
-0.8217350189  
0.3001391248  
-1.03187016  
0.02191792967  
-2.073635734  
-0.02848960045  
1.334836274  
0.5148585825  
0.8846310361  
-0.7309801363  
0.8192533117  
-0.3315461485  
-1.921446277  
-0.987700494  
0.6275762253  
1.123474588  
-0.4252267219  
1.876804305  
0.008794402122  
0.3608387638  
-1.596249825  
-1.154234818  
0.3724294596  
0.4587334797  
0.1395627343  
-0.6542298318  
-0.4655712345  
0.3573627369  
-0.2175541071  
-0.6550077843  
0.007276149363  
0.4793395816  
-0.6368547117  
1.081706911  
-0.9535118259  
0.4826869344  
0.5808964778  
1.886656861  
1.618976672  
0.6737375452  
-1.376287331  
0.4149734537  
2.100838509  
-0.8919399439  
-0.2800877825  
-0.06707494209  
-0.06174788562  
-0.6549624562  
