0.1829731986  
-0.1519095783  
-0.5025147578  
-0.3046987607  
-0.2573809616  
-1.127261719  
1.075346297  
-0.7566052278  
0.3051143108  
-1.133823114  
0.8166625447  
0.3394408765  
0.2630794558  
-0.5491828625  
0.07233670623  
-0.3454668493  
0.311543702  
0.5526349677  
-0.389394294  
0.4802478916  
1.696019796  
0.1153642911  
-0.5853982788  
-0.3219613934  
-0.01833451966  
0.02744274431  
0.4663938691  
0.3320989812  
-1.159384161  
-0.5191369781  
-1.509011858  
0.3427772402  
-1.040711305  
0.6936811064  
-0.4566894058  
-1.798062033  
-0.07813498621  
0.4456729435  
0.09850002101  
0.09183654665  
0.2214068145  
1.043827707  
-0.6146352836  
1.448014945  
-1.434229384  
1.44603248  
0.03392366154  
0.3784551153  
0.3024400312  
0.2298411859  
-0.3940608824  
-0.9273725707  
0.145983121  
0.8150588641  
