1.429306746  
-0.7009873862  
-0.6146466142  
1.497754298  
-0.2486054223  
0.8947844423  
0.5432392787  
-0.6699708965  
-2.062973953  
0.4529990831  
0.248821682  
1.842216194  
0.7526939673  
-0.03961020108  
2.137419475  
0.3420250805  
0.8403573847  
1.890682452  
0.2455940195  
1.296680296  
2.303110937  
1.414284635  
-0.0299306187  
0.4493235381  
0.3552014756  
-0.7071171243  
-1.718138254  
-0.9365099321  
0.03775097078  
-0.2306970472  
0.6718738803  
-0.07127853855  
-0.4430139524  
-0.8850842913  
-0.4586236903  
-0.09334649855  
1.566046847  
-0.3518463125  
0.7890400699  
0.6175932528  
-0.6255637309  
0.2721756962  
0.1822735969  
0.00594487331  
1.523455938  
-0.8315856117  
-0.5093069602  
-0.7073962415  
-0.2095783664  
-0.4350665314  
-0.4498583725  
-1.166700564  
0.1911773165  
0.4702275346  
