-0.7127584004  
0.427586001  
-0.1677390383  
-1.110402451  
-0.7441212423  
-1.507958907  
-0.03751333927  
-1.275609882  
0.3731574936  
0.3772382943  
1.381628811  
0.3200583098  
-0.1172718498  
1.233581082  
0.9529519441  
0.2646642232  
-0.623170845  
-0.3339720646  
-0.7220720102  
-0.4899155162  
1.005311304  
0.03459785258  
0.6060306444  
0.5331340697  
0.3677684077  
-0.464406351  
0.02609269983  
0.6077513321  
0.5807949164  
-0.1691966416  
-0.7608798618  
1.296972572  
0.801548385  
0.9051872732  
-0.03409507374  
-0.7923929211  
0.3786717513  
-0.2522403619  
0.4298117844  
-1.748287996  
0.1153123868  
-0.009912285954  
0.02829964107  
0.01719849257  
-1.775268483  
-0.5752641939  
-0.1107246201  
0.5256544852  
0.1397618492  
-1.222571034  
0.3766806666  
-0.506197852  
1.130612736  
1.3606645  
