0.9532612504  
0.7338672618  
0.04775686852  
0.8912031104  
1.636854244  
-0.4618002872  
0.08395964735  
-0.1746190439  
-0.7899887022  
0.1137387291  
0.1541291298  
-0.3969271169  
-0.857820837  
-0.9512020581  
-1.136906664  
-1.00298979  
-0.03937486808  
0.4153431668  
-1.676134215  
-0.8264596893  
-0.08954611193  
0.4184094899  
-1.195047813  
-0.1988887802  
-0.9250537149  
-1.756584593  
0.7032727044  
-0.1753242434  
0.01607048325  
1.558419857  
0.9166027351  
-0.7133763827  
0.513386227  
0.6040647398  
0.8073434639  
0.3362455559  
-0.03419390693  
-1.162107755  
-1.50354694  
0.585662793  
0.394394066  
0.9000983958  
-0.5014449209  
-0.9889486771  
0.3842347571  
0.2770110998  
-0.07754772084  
0.9987472745  
0.8289024544  
-0.1732612041  
-0.4485086429  
0.1069185212  
-0.6414772193  
1.80232183  
