-0.7261502177  
-1.038276298  
0.6476762369  
-1.065182476  
-0.726914337  
0.1430612894  
-2.800871697  
-0.6804990072  
0.01790116624  
-3.114904261  
-1.212676814  
-0.4057064296  
-1.784271667  
0.4559453407  
-0.7134885283  
0.2672598668  
-0.6902600105  
1.706124854  
-0.7626399414  
1.166253101  
-1.458568119  
-0.5343087448  
0.630113403  
0.6126081207  
-0.650591121  
-2.509587195  
1.099811208  
0.3845905264  
-0.1891105084  
0.06602650798  
-2.327615899  
-1.250544772  
0.3994719225  
0.3849385542  
-2.585752123  
-0.8438245676  
-0.4247821971  
-0.7159587306  
0.1522506575  
0.9150874836  
-2.67997692  
-2.296584867  
-1.400302339  
0.327119168  
-1.620580359  
-0.7873408753  
-0.6927527251  
-1.761625703  
-0.1275160615  
-1.841533027  
-1.544346806  
-0.4025524764  
-0.7518727612  
0.7126961127  
