0.9112679304  
-0.5801328766  
-0.4569280433  
-0.3845311925  
-0.6624944999  
0.6098756898  
-0.824569046  
0.01578943007  
0.5451445569  
0.662635165  
1.608502703  
1.040024396  
1.328709124  
-0.1499744796  
-0.6246943648  
0.7226763542  
0.1776325327  
-0.2634243081  
-0.5619049118  
-0.05856217547  
1.397560909  
-0.6938663202  
0.301114792  
-0.07616456639  
-0.159366514  
-0.266582357  
-0.8374629335  
0.08545127925  
1.331255531  
-1.548380663  
0.5249047238  
1.148645381  
-0.01082692792  
-0.4896637605  
0.0070253087  
0.2185174806  
-0.8549665883  
0.390615767  
0.02285163927  
0.2215663178  
-0.1312719614  
-0.1611602276  
0.1513500545  
0.1960808881  
0.4816097971  
-0.1180369622  
-1.48215303  
-0.02911560651  
0.260120257  
0.7907600643  
0.3121609839  
-0.6655960108  
1.016316824  
0.4876969786  
