0.172582231  
0.068620433  
-1.136151665  
-4.264023085  
-0.533728974  
0.6392998265  
-0.2003068676  
0.2442937262  
-0.7319458732  
-3.604455862  
-1.78462029  
-2.054270594  
-2.238647337  
-1.637622267  
-0.2171923618  
-2.630719099  
-1.304142092  
0.1956691394  
-1.217268488  
-1.453381797  
-1.389118373  
-1.228515364  
-1.358648957  
0.05011193123  
-0.400242494  
-0.5223351042  
-2.524164604  
2.189337446  
-1.305356447  
-1.656735704  
0.4450680866  
-1.211196469  
-1.755398336  
-0.1735985842  
-0.8577880274  
-1.772505429  
1.81437997  
-0.726304046  
-1.816223706  
-0.6638377143  
-3.665068254  
-3.198684547  
-1.010502164  
0.3615311343  
-2.261993799  
-0.6389076598  
-0.1877673591  
-0.6235646378  
-0.3706572697  
-0.4315777135  
-2.249331256  
0.2415020342  
0.7483598515  
-1.209184507  
