1.771478133  
-0.573634303  
-0.579850292  
1.552626453  
-0.2486054223  
1.31345912  
-0.2456894836  
-0.3332520026  
-1.077839529  
-0.7979882302  
-1.792110731  
2.009820958  
0.815412778  
0.1129931749  
1.994916651  
1.34659437  
1.128548732  
1.620883756  
-0.585563961  
1.090162627  
2.488811804  
1.57876585  
0.02326931308  
0.3384044791  
0.5353671947  
0.8993595042  
-0.5778832882  
0.364049264  
0.1338239794  
-0.1669892267  
0.07935899962  
-0.6624026158  
-0.2758922024  
0.5047329235  
-0.7224148125  
-1.60180066  
1.688561039  
-0.8923751116  
-0.2483073374  
0.3055999034  
0.1134740151  
1.63814884  
1.060495286  
1.427743339  
1.90619415  
-0.2487678987  
-0.5093069602  
-0.9927395168  
0.1850629234  
0.5045220259  
-1.236416756  
-0.5831413285  
0.3246312243  
0.4702275346  
