-0.5400073636  
1.306809326  
0.596077415  
-0.6485159  
-0.4126376343  
-0.6417672659  
-1.600031932  
0.4720300995  
-0.1144889676  
-0.6258288138  
0.5167864727  
-1.302180291  
0.9090644262  
-0.2865492281  
-1.69373397  
-0.4129590923  
-0.4033204069  
-0.1719349502  
0.2686057173  
-0.4780676216  
0.3914427161  
0.1941348575  
-2.570943137  
0.02612250112  
0.6116664658  
0.601095439  
0.1565156567  
-0.8786314345  
-0.3212318389  
0.6366169859  
-1.356388072  
-1.107176181  
-0.7636335587  
1.417472768  
0.5102843593  
1.152589015  
-0.7265244596  
1.024527057  
-1.405721691  
-0.4556248134  
1.022214962  
-0.3471292479  
0.09778784215  
1.377264764  
1.596016416  
-0.2717951329  
0.3115036581  
-0.367537129  
1.422925737  
-1.46867066  
0.5723463152  
-0.4421130434  
-0.8324391751  
0.8859941802  
