0.335870102  
-0.1738347887  
0.2578007462  
0.2987894429  
0.8114135365  
-0.03543016356  
-0.6997839368  
-0.1018034359  
0.7322914042  
0.7629599513  
0.4681801151  
0.1301764458  
2.408851643  
0.3397825933  
0.6562997879  
0.9561860156  
0.5526455388  
-0.5161483314  
1.260060264  
-0.9257489236  
-1.132112523  
0.01453192972  
0.7501223447  
-0.3694821684  
-0.02042657013  
-0.2605176339  
0.1433895083  
-0.8453922818  
0.1548998724  
0.8363680294  
-0.1664266468  
-0.1331562438  
0.6076513924  
-0.8206148069  
-1.510068238  
-1.349630386  
0.4364476521  
0.6523302984  
-0.1066510624  
-1.311117386  
0.8713611006  
-0.2569566514  
0.4256810099  
0.3270139973  
0.1010561074  
0.4085229343  
0.6159383303  
-1.218197456  
0.5705428768  
-0.4974102273  
-0.01739291686  
0.8406858385  
1.047396911  
-1.459106882  
