-0.6573424271  
-0.02574901448  
-1.356763876  
0.544410456  
0.7070416255  
1.808048982  
1.322566287  
0.0672761594  
1.002556769  
0.07758134065  
0.074220986  
-0.6563601444  
-0.8026393925  
-0.2264288391  
0.5832210084  
-0.858651428  
0.1400804789  
-0.896652278  
0.3384465691  
-0.3542708192  
0.4946200107  
0.1840736284  
0.1678583862  
0.03435802749  
-0.8495437031  
0.04133765333  
-1.492284901  
0.8851898246  
-1.534826023  
0.6722089858  
0.0794603034  
0.1959750076  
-0.1871250176  
0.6525918146  
1.118737387  
-0.7393613822  
-0.7251665469  
1.302842572  
0.7113769228  
0.5458426827  
1.327265279  
0.1119325452  
-0.377165854  
-0.02198708947  
-1.389813799  
-0.03758450701  
1.759169908  
-0.2173933387  
-0.5861310533  
0.7703112533  
-0.1975795242  
0.02806404598  
0.5271342728  
0.3538192992  
