2.23318546  
0.08014774778  
-0.4320814986  
-0.2941929456  
-1.250629522  
0.7708080237  
1.249310012  
-0.1972641467  
-0.2960221016  
0.1024161594  
-1.447157068  
2.364926702  
-0.5730012971  
0.355869482  
-0.2751082132  
0.6333752775  
0.5515582065  
0.3817368601  
0.5595478672  
0.1730678586  
0.4412076017  
0.6364940531  
0.3369191802  
0.1289978655  
-0.5485522948  
0.3952721397  
-1.158480504  
0.8674502083  
-0.051132837  
2.542205886  
0.6240747459  
-0.7269261792  
0.09473641713  
0.8749591017  
0.4845547506  
-0.6047236311  
-1.091670961  
-0.2989436152  
0.3130568001  
-0.3414973169  
0.1764711589  
0.7206894469  
-0.222019309  
-0.2893643795  
-0.02760815207  
0.3472145953  
-0.8370057245  
-0.3425917634  
0.3450034642  
1.092225129  
-0.4903013474  
-0.08916384147  
-0.2103242862  
-0.1369631611  
