-1.010587566  
-0.285532184  
1.802425835  
2.82191211  
-0.1405892509  
-0.02278688902  
0.6590313473  
-0.3524755862  
0.3473929869  
1.005988807  
-0.6404072968  
1.490383344  
0.5830573669  
3.59144477  
-1.392401867  
-0.8974515324  
-0.3611331278  
-0.3978758861  
-0.419985397  
-0.3697817624  
1.038256683  
0.3703575788  
-0.3397541641  
-0.2260491964  
-0.6840703494  
-0.9295056923  
0.4994021242  
-1.025021301  
-0.8295856739  
0.4808563011  
-0.2350429052  
-0.3190766376  
1.178210796  
0.2275792369  
0.2508224909  
2.681662493  
1.59897816  
0.187564479  
0.673253287  
0.647408379  
-1.562090341  
0.9631787505  
-0.006668384006  
-1.342272914  
0.04174020079  
-0.6998129992  
0.08437782236  
-0.08116564465  
1.574282262  
-0.3843782737  
-0.1718609631  
2.243274199  
-0.7396927037  
0.847965363  
