-0.1532809372  
-0.379980656  
-0.08776918136  
0.2964180485  
-0.2573809616  
-1.118553426  
1.377784468  
-0.6652629111  
0.1495000204  
0.303551327  
0.3702128501  
0.08173050162  
0.05416722492  
-0.351509966  
-0.06668592595  
-0.530355069  
-0.1575065699  
-0.4056015946  
0.4852528862  
1.271679233  
1.090371533  
0.1567286057  
-0.7813981838  
-0.8448127825  
-0.2973417383  
-0.3772248137  
-0.1597777045  
-0.4415845164  
-1.691042084  
-1.452700155  
-0.3823721644  
0.693778932  
-0.9407027803  
-0.1332153883  
-0.1299340019  
-1.109010076  
0.7227557268  
0.956007581  
-0.660074431  
-0.1228953044  
1.1212013  
1.478606643  
-0.5249215958  
0.7311853978  
-1.498097123  
-0.1120000093  
0.03392366154  
0.8717751271  
0.06774885683  
-0.1522889727  
0.5367913859  
-1.644192354  
-0.1877753528  
0.8150588641  
