-0.02828883711  
-0.3296671125  
-0.7105099707  
-1.407665332  
-1.290814141  
1.243294287  
0.9315102133  
-1.193132309  
-0.9152116991  
-0.3482274902  
-0.5587367347  
-2.828377585  
-0.2872150338  
0.1030768969  
-1.791785455  
-1.753556278  
-0.2433360645  
1.057520257  
-0.3484189109  
-3.92109657  
-1.471498435  
-0.8406172931  
-2.585103797  
-0.7227308298  
-0.3518748383  
1.38690558  
-1.202486758  
2.217498604  
-0.5195449053  
-1.519977215  
-0.4473635289  
-1.271824187  
-3.234588557  
0.3364323469  
-0.9627035939  
1.861806682  
-0.5024437631  
-0.7718982684  
-0.1417025386  
-0.6223265478  
-2.632597049  
-3.63582276  
-0.4250364668  
0.6662869803  
-0.9465270013  
-0.1106635303  
0.4120438935  
0.0531514258  
1.253939913  
-0.3922203113  
-1.659261804  
0.28969922  
-0.4044759812  
0.01719684485  
