-0.6937106318  
-0.4408267596  
-1.800672758  
-1.852602647  
0.6389795616  
-0.1914587999  
-0.7260036005  
-0.8560928276  
-1.464604153  
-3.078293542  
-0.6492939053  
-4.064308643  
-0.1227529744  
-0.4266677093  
0.04868471618  
-2.660677993  
0.0165488633  
0.3775264521  
-1.645278816  
-0.5991110404  
-0.5868933164  
-0.5390805453  
-1.333795238  
0.5848857535  
-0.9168317799  
0.08280644866  
-2.218939799  
0.764240868  
-0.8451676153  
-1.934831848  
-1.55678404  
-1.56700228  
-1.69897498  
-0.3104618188  
-0.7659712011  
0.8472897915  
0.06826758612  
-1.17631226  
-2.098340409  
0.5941469984  
-3.052940775  
-3.402659337  
-0.008569510861  
0.08040296783  
-1.989558718  
-2.237229238  
-0.5161683694  
-0.8936656132  
1.609230522  
-1.881830174  
-2.90290508  
0.6488356361  
-1.230134823  
-0.7242705243  
