-0.5808285046  
-0.09900790494  
-1.213444932  
1.736120909  
-0.0594778955  
0.8917046664  
0.610119044  
0.4845026152  
-0.01389357417  
-0.3885507799  
0.07787802236  
-0.1499539098  
0.4193817228  
0.6076363044  
-0.1340479974  
0.1969807823  
-0.8201755832  
-1.239450641  
0.9938008504  
-0.7641317122  
-0.0001595773631  
1.051751221  
0.5341872652  
-1.278178174  
-0.602314454  
-0.3687937483  
-1.90359905  
1.081975516  
-0.7205913121  
1.349422206  
0.6647242556  
0.6032180447  
0.1397141301  
0.1321505554  
0.9772870835  
-0.9956128384  
0.544544826  
0.6490853238  
0.2927373645  
0.1112011807  
-0.9264128122  
1.086004111  
-0.574383633  
0.8544702746  
-0.5664895011  
0.2143727367  
-0.1338632485  
-0.2807474823  
-1.016854746  
0.6207557568  
-0.6572428077  
-0.04820994577  
0.2447014399  
0.8228383934  
