0.4857235232  
1.357680466  
0.5153197046  
0.150377502  
1.252148645  
-1.496949008  
2.151939995  
-0.1206896324  
-0.8805893585  
-0.4827677964  
-0.439770872  
-0.3794691628  
-1.814860364  
-0.2732644185  
-0.897718873  
-0.1986040989  
-0.5703898428  
-0.3239124202  
-0.911610379  
-0.3950513162  
0.4510193747  
0.6926124568  
-0.5488626146  
-0.3880848255  
-0.4164300048  
-0.5337481762  
-0.3118484622  
-0.751008636  
-0.7606001712  
0.7497617801  
-0.4176433318  
-0.2211418619  
1.110813573  
0.05629905577  
0.4911054605  
0.9451237979  
1.176520889  
0.9916218993  
-0.2211386292  
1.48935261  
-0.2526176808  
-0.4875122988  
-0.8120647714  
1.010808313  
0.7351302687  
-0.6929131504  
-0.0608609378  
1.570325332  
1.322541528  
0.457900886  
-0.618102055  
-0.3789886472  
1.447169273  
2.325395043  
