0.6229946257  
0.3626330628  
-0.418269361  
1.616301013  
-0.03889283  
-0.08769105965  
-1.019672255  
0.3221001147  
-0.5187626941  
-1.821804484  
-0.4311241012  
-1.3112185  
-0.8952884095  
-2.717028287  
0.3206040353  
-0.4559609343  
0.2777136345  
-0.3756666301  
-0.4121456871  
-0.6507365584  
-1.412357978  
-1.277203211  
1.182325984  
0.3436988549  
0.4383678289  
1.253287377  
-1.556639028  
-0.259501813  
1.350468998  
-0.5483659092  
1.067396823  
-0.7921186156  
-0.6181382465  
0.1008019756  
-0.9828740416  
-1.844791896  
0.2252798955  
1.670800709  
-1.103352555  
0.7179401664  
0.7769227939  
0.3896713802  
-0.07160750616  
2.145449645  
-0.479081408  
-1.201796339  
-1.075770809  
-0.5106837956  
-1.521357909  
0.7021796302  
-0.4041050245  
-0.3068314603  
0.9213067624  
-0.04425999564  
