-0.873692991  
0.3409737005  
-1.175328924  
0.4394106815  
-0.9407166414  
-0.07060818312  
-0.03656968019  
-0.1708683566  
0.07940935024  
0.298139302  
0.4765497636  
-0.7816598879  
0.07210710865  
0.8770633657  
2.011200007  
-0.783875529  
-0.230185856  
-0.9617571814  
-0.1219122873  
0.4403247194  
-0.9561420623  
0.04519895764  
0.1328986833  
1.117072798  
0.6537215184  
-1.185826021  
-1.076311927  
-0.5605455033  
-0.6451352305  
-0.03932657921  
0.764819811  
-1.422694955  
-0.6874924956  
-1.321501445  
-0.7442493462  
1.527436695  
1.29901801  
0.5446591336  
-0.2936417906  
0.8179902937  
-0.7179421335  
-0.05741590882  
0.6349047869  
0.4833480091  
2.439936245  
-1.312826912  
0.3870000839  
-0.9425762956  
2.68419274  
0.2245663777  
1.621532669  
-0.7203969858  
-0.6423649792  
1.161761839  
