-0.6143592422  
-1.07758433  
-1.180247634  
-1.300455584  
-2.646661007  
-0.4435116876  
-0.3331741807  
0.7829861157  
0.3477040408  
-0.1017864603  
0.01545894177  
0.2153635331  
0.4904693729  
0.1801684493  
0.3448490147  
0.7507624676  
1.7655331  
-1.142208061  
0.0004369649622  
2.212595106  
0.3944766691  
0.4568854608  
0.7891237148  
0.5508009562  
0.3176561631  
1.792811457  
0.280394591  
-0.8708055847  
-0.2691836203  
-0.2134783363  
0.03618719859  
-0.54477253  
0.2490224284  
0.3271536806  
0.7450492738  
2.207229253  
-0.9770388549  
0.01117779708  
-0.9672276096  
-0.8181754446  
0.9646269853  
0.3031139821  
0.1519039344  
-0.9649344087  
0.5417570835  
1.170360612  
-0.7384961293  
0.1553579053  
-2.126312011  
-0.3718819707  
-0.3705391802  
-0.1135118884  
-0.4745849228  
2.474989927  
