0.2914533768  
-0.1004661464  
0.6560661122  
-2.183579364  
-0.533728974  
0.660807962  
-0.002998985661  
0.1997767727  
-0.4807119295  
-2.605516361  
-0.8276610494  
-2.061731022  
-1.938748185  
-0.5100324166  
-0.6625487544  
-2.575125072  
-0.5087254482  
-0.009749056461  
-0.8878063251  
-1.197274134  
-2.487108982  
-1.775082669  
-1.422475042  
-0.7800103467  
1.038098828  
-0.6514733488  
-2.190265269  
2.109989262  
-1.015216736  
-1.648843307  
-0.8749044678  
-0.8768620739  
-1.241965647  
-0.1255316162  
-0.2308860495  
-0.9069712165  
0.08469388117  
-0.2776076089  
-1.539473722  
-0.7278095467  
-1.486846519  
-3.462602337  
-0.1977505483  
-0.5760411488  
-1.734888411  
0.1809238736  
-0.1877673591  
-0.714175203  
-0.8286987146  
-1.184929685  
-2.117076281  
-0.9296066836  
0.5058990117  
-1.209184507  
