-0.3296891658  
-0.7585263496  
-1.169819557  
-4.397812996  
-1.43314301  
-1.379811965  
-2.880913244  
-0.3345066508  
0.5297030854  
-3.384008474  
-2.048004078  
-0.0311155907  
-3.061310099  
-0.1021568611  
-0.852673976  
-1.712538423  
-1.201371639  
0.3747014093  
-1.720833533  
-0.07279603494  
1.402343906  
-0.7080462169  
-0.2278750551  
0.4023153628  
-1.226133894  
-1.976395037  
-0.3742762005  
-0.7501319829  
-1.380738032  
-0.09360006245  
-1.568668471  
-2.648639076  
-0.9584844079  
0.7354856171  
0.8508708057  
-0.9894265673  
-0.05408083192  
-1.424441157  
0.3963869819  
-1.850676427  
-3.183879786  
-0.2064590189  
-0.8706229296  
-1.138522565  
-3.57491835  
0.06684610703  
0.2951602203  
0.2494152042  
2.197139018  
-2.01160152  
-2.180971907  
-0.3742589929  
-1.081483845  
0.5713839138  
