-1.027347781  
0.4656241873  
-0.1575715774  
0.8437515125  
1.313210699  
0.2987659081  
0.8158422195  
-0.6337015339  
-0.737095321  
0.8507594365  
0.4265955713  
0.05477794079  
1.579362163  
-0.2605710088  
-0.7050197981  
-0.1948946044  
-1.224971359  
1.475738548  
-0.4182011199  
-0.7713237931  
-0.7953838143  
-0.08850319001  
-0.2880827188  
-1.225711084  
0.3941779236  
-0.8117443447  
-0.7770190881  
1.037843527  
0.2536027152  
1.730299246  
-0.03606262203  
0.6092927787  
0.05580810126  
0.1912117445  
0.3252879447  
-1.643577328  
-1.162379609  
-0.3418992993  
1.380566748  
0.1083300571  
0.08879496116  
0.1242423405  
-0.3054696642  
0.5513767848  
0.005921735946  
-1.14399808  
0.1054844764  
-0.2096544321  
1.688836823  
0.4144037211  
0.8628174336  
0.4011301967  
-0.03890598493  
-2.110628234  
