0.2614144617  
0.3709231954  
-0.6820314216  
1.233524707  
0.01959144717  
-0.4905425393  
1.104649649  
-0.3563185604  
-1.53806314  
1.572517157  
-0.8841957413  
0.4277327397  
1.179961722  
0.2941912487  
-0.8778239416  
0.5803704609  
-0.009755428053  
-1.038451741  
0.5966398401  
-0.2601582621  
1.46150187  
0.1077994326  
0.8211193267  
0.3872573984  
1.05079634  
0.8923555714  
0.05765248297  
-0.4038305388  
0.4276147224  
0.6802677231  
0.9098298974  
0.3020766932  
-0.2342649359  
-0.790999213  
2.452195359  
0.743422918  
-1.142828803  
0.6667767726  
-1.567821107  
2.725338989  
-0.6974539691  
-1.149292136  
0.4134473039  
1.338531121  
-2.242694143  
-0.1889213186  
1.056723052  
0.6064986947  
-2.050985853  
0.4794216601  
0.1770048001  
0.5062475496  
0.001755770192  
-0.8187046341  
