1.017359186  
-0.07093232373  
-0.7189977368  
0.8193230449  
-1.098093388  
0.164543776  
0.1102029752  
0.4207004659  
-0.5499606517  
-0.4817325489  
-1.462244981  
0.9160288736  
-0.8882922439  
0.5254006721  
-0.338043039  
1.055466824  
0.06030183699  
0.142288761  
0.7350740278  
-0.1528103174  
0.2425279116  
0.9077955898  
0.43845206  
-0.513024457  
-0.04843993278  
0.4106003588  
-0.6339436761  
1.037754315  
0.541207876  
1.203478026  
1.119742784  
-0.04362232339  
0.562629685  
-0.5328105634  
-0.4441358542  
-1.271643234  
-0.1074080281  
0.1163457949  
0.6803703707  
-0.3817652263  
-1.175364709  
1.466985408  
-0.6888746389  
0.2601049311  
-1.487255022  
1.175401357  
0.5338669786  
0.2084548598  
0.0214164881  
0.2662327608  
-0.9253455785  
0.08222560709  
-0.1486825012  
0.8168183067  
