1.032390101  
-0.09265663204  
-1.519424083  
0.3144617352  
-2.462519781  
0.7883468904  
0.8325659877  
0.3778065091  
0.6532328973  
0.024269984  
0.1031477442  
0.1069110822  
0.9005664686  
0.2742804392  
0.5500101149  
0.2185108968  
0.1249475016  
-1.445003413  
-0.3281643169  
1.9599399  
0.8805941128  
0.4426291194  
-0.1723368735  
0.7014365734  
1.291944992  
0.1662596704  
-0.8413757516  
0.5396284461  
-0.7878311078  
-0.6775708948  
0.5642634071  
-0.04858089901  
-0.052422348  
0.7115968714  
2.004201369  
1.737731838  
-0.5423879663  
-0.6338982592  
0.2413147638  
0.4871498404  
0.6231239138  
0.5419185273  
-0.3905294697  
-1.323710485  
0.4250461225  
1.32579173  
0.3804824282  
0.9649850689  
-0.9100478304  
0.2508783882  
0.2579582526  
-0.0933952137  
0.3461876761  
1.277141302  
