0.1501887559  
-0.6052008709  
-0.9169752962  
-2.496575651  
-0.726914337  
-0.3195747741  
-2.37401597  
-0.7456494543  
0.779434428  
-3.019020703  
-1.034967342  
-0.06234357796  
-1.724999015  
0.6322268858  
0.4611659967  
-0.1915151861  
-1.428338334  
0.4058535894  
-0.4444375994  
1.139985202  
-0.2643368039  
-0.1393762214  
1.257017638  
0.7785804212  
-0.8407652357  
-2.15577264  
0.7664753965  
-0.5671154145  
-0.330416802  
0.2327581699  
-1.513334314  
-1.573122985  
-0.520499698  
-0.5723819666  
-1.70384295  
-0.7803348934  
0.1664757248  
0.09508524181  
-0.6288152162  
-0.8303029868  
-3.428565906  
-2.481171583  
-1.379338888  
-0.1549684666  
-1.631101587  
-1.074918987  
-0.6927527251  
-1.588920494  
-1.582623667  
-1.393396147  
-2.336430732  
-1.270744894  
-1.68056019  
0.7126961127  
