-0.07924943086  
0.7586276881  
-0.7680909054  
0.4753183743  
-0.8452364136  
-1.249542221  
-1.154547441  
0.04313673369  
-0.8240641847  
0.2364405669  
0.7499317467  
0.4963160902  
1.687265048  
1.055320821  
-0.1348743538  
0.1650018142  
0.1241095452  
-0.5913991021  
-0.6000066227  
2.604576522  
1.199938493  
-0.5491316648  
-0.1366091934  
0.01851585342  
-1.300384573  
1.40626292  
-0.5834573764  
-0.4525044776  
0.6933452636  
0.2733154979  
-0.4622647583  
-0.07617104302  
0.8090393295  
-1.789171697  
0.4642395594  
-0.2254645394  
0.4259216207  
0.3733381538  
-0.4713308102  
-1.809053189  
0.8044536923  
0.3833330655  
-0.7342795316  
0.5171779171  
-1.722438377  
-0.3341503682  
1.346524424  
-0.01509921129  
-0.67985196  
0.778387079  
-1.375006302  
0.800037591  
0.3956606024  
0.4062302669  
