0.1122082079  
0.318606548  
0.9027286722  
-0.2990963132  
-0.5614316107  
-1.174159453  
0.6935366856  
1.03910869  
-0.2449181527  
-0.7324391272  
-1.916867998  
-0.1818324508  
1.69125448  
0.1199178551  
0.7360818585  
-0.8200304665  
1.482903143  
0.2793515585  
-1.632762258  
0.2920094186  
0.6636585775  
0.9789280097  
0.122401981  
2.298960553  
-0.2951498969  
0.2650832784  
-0.9476850414  
-0.3965173756  
0.2246579551  
0.9495343483  
-0.418584704  
-0.9244119393  
-0.858867591  
0.4998603478  
-0.6985834806  
0.06854689341  
0.5767650447  
0.9885136493  
-1.071780627  
1.616471211  
-0.1933725921  
-0.4226590268  
0.6114212454  
1.637480964  
1.335584091  
-1.287635804  
-1.376287331  
0.2159387693  
1.960785627  
-1.158429001  
-0.4899093279  
-1.451948007  
0.3287239136  
-0.6549624562  
