0.004572154747  
-0.8860204809  
-0.3252162623  
-1.452587303  
1.062853137  
-0.4865965938  
-0.4491062142  
-0.1276738267  
0.2534800553  
0.9298304129  
0.3451166915  
-0.9146591855  
0.6818903817  
-0.1767825541  
0.6794663775  
-0.8085670099  
1.215988548  
1.097261755  
0.149070647  
0.1845553157  
-1.063356575  
-0.411443145  
-0.02309554608  
-0.03396718556  
0.08307331138  
-2.454158541  
-1.265224545  
0.5539018562  
0.722370843  
-1.233867  
1.374078684  
-1.451628985  
0.1966673669  
0.7085309906  
-1.031406279  
0.1684945302  
-0.5328691146  
0.795249632  
-0.60547612  
-1.052810416  
-0.7095554839  
-0.449842809  
-0.7920025419  
0.1360306454  
1.01529755  
-1.197007766  
0.9156374243  
0.2958649674  
2.701062931  
-0.8591260976  
0.6145466223  
-0.9620740955  
0.4571957635  
0.4047360619  
