-1.377233639  
1.062573104  
0.1018183043  
-0.4242742605  
-0.5705261807  
-1.113221092  
0.8765694921  
3.836746322  
-0.07896901786  
0.9493089851  
-0.6376518446  
-0.8188715443  
0.4175583597  
1.162884643  
0.005129698819  
-0.306606986  
-0.6102116129  
0.9400587562  
-0.5834506903  
0.5656029404  
0.07516197022  
-0.964284877  
0.8809502219  
-1.296593087  
-0.6510711643  
0.4967917096  
-1.749686893  
-0.2505654965  
-0.4729942994  
-1.362679132  
0.1127371102  
0.008149572752  
-1.434359347  
-0.3795550657  
-0.2483517654  
1.469976885  
1.380245107  
0.6363957946  
2.388772716  
0.7462990512  
-0.1120244012  
-0.06820933604  
-0.6604804581  
-0.457317332  
-0.1917342042  
-1.697636336  
-0.2750270192  
0.5218020264  
0.9111074557  
0.845023536  
0.2325242735  
-0.1392182352  
0.04034626649  
1.176299484  
