-1.03796902  
-0.2733959663  
0.8580573474  
1.264090058  
-0.1405892509  
-0.332883684  
0.4429429281  
-0.7494169076  
0.1391802982  
-0.1757763181  
-1.36675551  
0.4967398248  
0.2607996304  
2.933743291  
-1.636527558  
0.1286806787  
0.1245869696  
0.4033531338  
0.4417787782  
-0.2097707583  
1.202181161  
0.6830576546  
-0.2882928494  
0.2614737455  
-1.241182384  
-0.6730567283  
1.154132944  
-1.348663342  
-1.138598517  
1.196311968  
0.4623962061  
-0.2571939552  
0.6829643088  
0.02836723543  
-0.2671856785  
2.022880273  
1.981833077  
-0.5979450759  
1.116171754  
0.9163117566  
0.2048248409  
1.503330638  
-1.192629404  
-1.543380724  
0.02468949598  
-0.4729919024  
0.08437782236  
-0.264869418  
1.678353866  
-0.08729709975  
0.2930574865  
0.296977705  
-0.1770550418  
0.847965363  
