-0.03020346951  
-0.4995924752  
-0.3892790481  
1.630317536  
-0.02754577498  
-0.1170351497  
-0.8808817301  
0.3293318251  
0.6132959661  
-0.1089294201  
-0.8015252447  
-0.174709788  
-1.010740322  
-0.656410305  
0.9649731392  
-0.8132104795  
-0.7941007283  
-0.2616949648  
1.698314104  
-0.8493753923  
0.3623737353  
0.7311355274  
0.113841621  
-0.1500296692  
0.3961471481  
0.2148388286  
-0.5022597654  
-0.08596352089  
0.2016379728  
-0.3384406608  
1.209227542  
-0.2790705457  
-0.6284881896  
-1.191430095  
1.242869808  
-1.788071122  
0.6965140502  
1.096127975  
-1.593275754  
-3.006371982  
-0.6773536296  
-0.4615767217  
-1.776047289  
-0.3665591085  
-0.8105025532  
-1.213154192  
-1.118108558  
1.426017427  
0.2229129026  
1.632736653  
-0.5189140101  
0.3536599523  
0.2789483724  
1.377037034  
