-2.214855578  
0.8529652694  
-1.476376905  
-1.743440107  
-0.363222385  
0.5033249362  
-2.417535116  
-1.372423378  
0.08828901065  
-2.819409505  
0.02156603502  
-1.112334321  
-1.200818138  
-0.2297157579  
-0.3644152625  
0.2214138231  
-1.856172459  
-0.4130427331  
-1.445519512  
-1.122869235  
-0.9916875764  
-0.2997955738  
-0.1868207026  
-1.28105784  
-2.910683983  
-1.329043587  
0.2872154872  
-1.083220547  
-0.5938750272  
-1.738023811  
-2.824673505  
-0.02032699245  
-0.2151971886  
-1.257687971  
0.4224669791  
-0.9785963653  
-0.7321881357  
-0.4215036606  
-1.879755691  
-2.868544327  
-1.621759012  
-0.4740182923  
-1.307044312  
-0.6644512887  
-1.29994186  
-1.375153889  
0.03515808859  
-0.6074761078  
0.1695128333  
-1.403670545  
-2.321966655  
-0.5169174074  
-1.574560381  
-0.4548487246  
