1.634077929  
0.5060495196  
-0.608825713  
0.07354321372  
-0.2619009962  
2.260994643  
-0.068644083  
0.9383690089  
0.06582689409  
0.06936046543  
-0.8204085157  
0.2937352483  
0.6675024533  
-0.9466892812  
-1.072983099  
0.2235511057  
-1.313481952  
0.3667493868  
0.4637578336  
1.371931165  
-2.157413112  
0.6013418446  
-0.9524724301  
0.5497391897  
0.714353805  
0.03796251698  
1.374719994  
0.084364164  
1.532549148  
0.8881215056  
-0.2392367315  
-0.6018242339  
-0.2892806865  
-0.1587524758  
-0.2171793965  
0.3899109194  
-0.07868724927  
-0.2487225303  
0.592880074  
0.2428168044  
0.9160377524  
1.566256919  
0.05941600725  
-1.19843323  
0.4169035808  
1.71969144  
-0.6181049811  
0.6358322956  
-2.31685204  
-0.9373524735  
1.252840716  
-0.7648832368  
-0.4902346133  
-1.829215237  
