1.221920696  
1.074608921  
-0.484640482  
-0.4260669943  
-0.605176461  
-1.072564499  
0.8656080572  
2.400395824  
0.2307516272  
0.01069501705  
-0.4003142826  
0.3003520672  
1.022268843  
-0.8665509348  
0.8450259322  
-1.495851537  
2.228920933  
-0.006284427001  
-1.109730398  
-0.8192611932  
-0.2036166603  
-0.1678615179  
-0.8191215572  
1.458186362  
-0.5852675757  
0.1627995582  
0.6286206908  
0.4677603536  
-0.4678605493  
-0.4242729968  
0.291302683  
-0.04394605575  
-0.2250510285  
-0.1385576955  
0.7520092353  
0.5226335906  
1.257789089  
1.310057846  
1.365665691  
0.8597866769  
-0.241912676  
-1.458056795  
0.9868079358  
1.948652562  
0.3621670281  
-1.783077366  
-0.2685189482  
-0.2115233772  
0.06380910488  
-1.773722308  
-1.392046007  
-0.4524998861  
0.7201902312  
2.115487221  
