-0.9284435965  
-1.191048966  
0.7982704201  
-2.26564504  
-0.3693149624  
0.9205922807  
1.832313365  
0.7646590016  
-0.4057729995  
0.6029151649  
-0.6149552088  
1.424559068  
-0.7544218774  
-0.1101567476  
0.2785801587  
-0.5695775228  
-1.949264568  
0.5862353841  
0.4526536301  
1.212312776  
-0.5744154267  
-0.5519511121  
-0.4129468366  
-0.4657107242  
0.3314944959  
-0.5170912304  
-0.4761978899  
-0.3038771811  
-0.1379278428  
1.007799841  
0.7103781344  
-1.451735727  
0.5569021258  
0.03731782634  
-1.105756382  
0.4422105657  
0.7933823686  
0.3032837024  
0.4562149816  
-0.9867547784  
-0.5812903063  
0.1468952124  
0.4513915742  
1.595072808  
-0.7313309521  
0.2034502563  
0.4199343314  
0.04129729446  
-2.446428107  
1.488198691  
-0.1905714108  
-1.070988687  
-0.3052991281  
1.045354018  
