0.3222403543  
1.285544937  
-0.6109918472  
-0.5923394871  
-0.8157318971  
-2.413935423  
-0.1411431976  
1.408401198  
-0.007805481553  
0.1473155829  
0.4833834153  
0.2640486877  
0.7057564627  
0.9691086958  
-0.1265342075  
-0.8234214854  
0.6503734961  
0.15595563  
-0.2149376684  
2.192981783  
0.8350672482  
0.6909900349  
-0.5881755054  
0.2233510107  
-1.47006532  
1.406658537  
0.51451743  
-0.1196424262  
0.3074662512  
1.118378195  
-0.3968809869  
0.276853672  
0.581983623  
-0.679910741  
0.6682513876  
-0.1060492225  
-1.017691525  
-0.4943524885  
-1.466177573  
0.4882659039  
2.326514343  
0.4344102871  
-0.6976700988  
-0.9003375563  
-2.032496876  
-1.216936914  
0.5790096064  
-0.5132639718  
-1.385529409  
0.5037085602  
-1.629451341  
0.6851255372  
0.3923484062  
0.5491182465  
