-0.6707781742  
-1.083608957  
0.9822178979  
-0.3935782533  
0.7656605947  
0.2868940164  
0.1164340682  
0.01940560796  
-0.5372970946  
-0.7276945894  
-0.839526354  
-0.4799363679  
-0.2293464951  
0.361548727  
-0.3229824127  
-0.1980561041  
-0.7703865336  
-0.04945948679  
-1.385651158  
-0.310890871  
-0.09947552889  
0.3475294494  
1.263483647  
-0.4185428708  
0.0838922301  
0.4805906018  
-0.01255488194  
1.040243034  
-0.1084071575  
0.6973891358  
-0.4215808668  
-0.09934039207  
-0.9554733535  
-1.075362847  
2.104236223  
-1.218015125  
-1.856644452  
-0.3685308649  
-0.07647608407  
-0.4717856608  
-0.8858812112  
-1.74057044  
0.109419676  
0.2192420222  
-0.6821282756  
-0.1120202941  
-1.065347536  
-0.389555441  
0.09637881903  
0.2541149495  
0.6638645031  
1.238081808  
1.444628185  
1.28020653  
