0.1168785298  
1.172609362  
-0.1465357376  
1.143146574  
-0.5607511393  
0.7453840025  
0.289531571  
0.7439772776  
0.9412377543  
0.9176543491  
-0.4706183192  
1.546571775  
0.5262690882  
1.263660031  
0.2474549371  
-0.1320680914  
-0.409727171  
-0.2822866024  
0.236906259  
1.059883431  
0.1173859406  
1.165811704  
-0.9247235689  
-0.7651626232  
-0.5904966195  
-0.6986252053  
-1.879772575  
0.119662875  
-0.3068825251  
1.13122523  
0.284837885  
-2.688389967  
-0.05212784905  
1.505437629  
-0.7831370839  
-1.515049027  
1.476148201  
-0.04281022917  
0.3491338548  
-0.08118267541  
-0.3847415422  
-0.4503947654  
0.5234785498  
0.2406015803  
0.6224263281  
-0.583685372  
0.4197380866  
-0.4067250722  
-2.791112271  
1.155260582  
0.1190309925  
-1.057084685  
-0.2960440236  
-0.3389845375  
