0.2752879817  
0.3520540794  
-0.381216137  
1.694332951  
-0.04430233066  
0.2165702118  
-0.3484631421  
0.3022561676  
-0.1561594208  
0.9227100698  
0.105645432  
0.8570355367  
0.5369494463  
2.664864514  
-1.878121868  
-1.41096427  
-0.01848570216  
0.5266807121  
-0.3178380947  
-0.7689335836  
0.7639828722  
-0.6212598739  
0.6780720833  
-0.2279818259  
-0.6615260988  
0.6773178344  
0.7106486461  
-1.038186411  
0.6170443102  
0.7422546744  
1.076638884  
-0.5486410989  
0.8019981916  
-0.4853249706  
-0.136940002  
-1.778671192  
0.5663561415  
2.134455111  
1.227712029  
0.08358978094  
-2.41596945  
-1.458145931  
1.001494272  
-1.538177018  
0.5501582975  
-1.227970231  
-1.087557155  
-0.2544313419  
1.927354369  
-0.452836117  
-0.4327200262  
0.6906532935  
-0.9372030414  
0.9801223261  
