-0.4184654001  
0.2982277887  
0.2773332838  
0.3233377351  
-0.624446902  
0.3679709964  
-0.4901215947  
0.1215328469  
-0.003622200961  
0.1433434261  
-0.2824261625  
0.1272542266  
1.380196428  
-0.08691563913  
0.03433849708  
0.4739086673  
0.2550058762  
-0.4219402737  
-0.1974208504  
1.143355886  
-1.892513818  
0.8738300755  
0.847432405  
-0.8541000312  
-0.07561999063  
1.351938734  
0.3829993707  
-1.498223215  
1.117457032  
1.067116481  
0.377694914  
-0.9214351954  
-1.493294974  
0.03086008194  
0.2304909018  
-1.089855505  
0.1338325609  
-1.552242592  
-0.6974670635  
-1.32712578  
-0.7625467562  
0.7457026603  
0.2984646335  
0.08091485335  
0.7858692648  
0.3160040858  
-0.2395816988  
0.5987011929  
-1.698581191  
-0.715877624  
1.652406997  
-0.2298183793  
0.09107379057  
-2.643828462  
