-0.3812029764  
1.072080381  
0.3334452311  
-1.250043081  
-0.4126376343  
0.0883728361  
-0.7785964198  
-0.07637987006  
0.03074766716  
-0.6227528527  
-0.1463072807  
-1.284569621  
1.462813944  
-0.1669157181  
-1.585882674  
-2.031102174  
-0.1075373429  
-0.5090690713  
0.3332941952  
-1.548934639  
-0.01694328121  
-1.033236573  
-1.67168119  
0.7553797145  
-0.4537467448  
1.462251244  
-0.2371278987  
-0.0495076671  
0.4207741378  
1.407765405  
-0.71320195  
-1.392039569  
-0.4278179142  
1.195808197  
-0.08966500013  
0.1149137023  
-1.283291359  
1.337562811  
-1.013685052  
0.4800709345  
0.7221119745  
0.6107727364  
0.945103719  
1.430982732  
2.40158962  
0.2075846108  
0.3115036581  
-5.342873434e-05  
0.0896272473  
-1.154282062  
-0.807907523  
-1.77308247  
-0.7632725595  
0.8859941802  
