-0.533261891  
0.02277015419  
-0.3185316444  
1.187610048  
0.01959144717  
-0.9312432905  
0.6123602734  
-0.9099254972  
-0.9128243348  
0.559445161  
0.3364403162  
0.1077142763  
0.2477691732  
0.2956677442  
-0.293796845  
1.526542107  
-0.6035004606  
1.415778549  
-0.2375027481  
0.08959718835  
1.123923042  
-0.5471202652  
0.9461705147  
-0.2173443954  
1.046889952  
1.381846507  
-0.1748811725  
-1.879695714  
0.9769064341  
0.6981829539  
1.056775718  
0.7811193996  
-0.0216658935  
-1.231268628  
2.572982555  
1.270608518  
-1.119724332  
1.236830123  
-1.9122333  
2.13426611  
-0.1670649855  
-1.625881198  
0.3387421717  
1.600920065  
-1.534643094  
-0.1047845888  
1.056723052  
0.2481853134  
0.1364575711  
-0.09133956403  
0.1432715584  
1.119748736  
1.129681802  
-0.8187046341  
