-0.3998612807  
1.055579008  
-0.4308820198  
-0.4352179308  
-0.5876084341  
-0.05527637858  
0.8727064571  
1.527678741  
-0.1230275143  
-0.545471554  
0.4019917608  
0.3926268452  
-1.972520832  
-0.4910594266  
-1.144915721  
-0.3564595744  
-1.3293141  
-0.1452502498  
-1.132661992  
-1.074457338  
-0.67430969  
-0.6881193897  
-0.2443066912  
-1.773745216  
-0.5938437585  
-0.3453252051  
0.117711703  
1.862048669  
-0.4872124578  
-0.2349836491  
0.5242013098  
0.5252076787  
1.210867655  
0.05056691328  
1.885595334  
-0.7801923503  
1.243923548  
0.8900681365  
1.724437995  
-0.3103617801  
-1.382076577  
0.3254213068  
-1.224600179  
-1.723576241  
-1.098379491  
-0.46255072  
-0.2471363549  
-0.305836132  
-0.6198137013  
-0.02836261152  
-0.1915598466  
1.014806027  
0.7319725065  
2.032490088  
