0.3653761877  
0.009506815631  
-1.902542187  
-0.5278298561  
-0.9759052727  
0.5776607701  
-1.058000738  
-0.4567320357  
0.03573095894  
0.3131200791  
1.684702098  
0.4105836724  
0.4804358487  
0.7233452685  
0.5068861205  
-0.3473774137  
0.1867518746  
-1.233048805  
0.5677536612  
1.438719826  
-0.5457529769  
0.368184535  
-0.05149949922  
0.2021829258  
-0.8349886452  
1.866950644  
0.1488966016  
-1.042986477  
0.3737719688  
-0.05978722332  
-0.2382078343  
1.407241755  
0.04693999597  
0.3665338995  
0.7946653896  
-0.6369507403  
1.09906594  
-0.8853119185  
-0.851609943  
0.1827236282  
1.098251944  
-0.2165720041  
-0.5922639302  
-0.3189228545  
-0.1922337173  
0.378103305  
1.091593135  
-0.6571495765  
-0.4177727127  
0.9274160713  
0.522646755  
-0.1172176328  
0.1243660708  
-1.47105309  
