-0.9668617046  
-0.9647441875  
-0.4507393041  
-2.391944206  
-1.43314301  
-0.7989297178  
-3.190615965  
-1.057038663  
0.3505681915  
-2.92438776  
-1.407874016  
-0.4482110743  
-2.020517659  
0.03485365253  
-0.9671198808  
-1.77951043  
-1.509429182  
0.5630127291  
-1.661615771  
-0.4980134782  
1.190633108  
-1.479648594  
-0.8252213639  
1.138081869  
-1.228364255  
-1.483503365  
0.5137075914  
-0.4971421891  
-1.529568672  
0.4273084195  
-1.651876721  
-1.945943852  
-0.643566293  
1.299217451  
0.546290377  
-0.08574625901  
-1.130715737  
-1.07651111  
1.443306354  
-1.913245387  
-1.973717915  
-0.788289066  
-0.7210444889  
-0.0201661624  
-2.373363144  
-0.5943709549  
0.2951602203  
0.6558830321  
3.253115376  
-2.30048103  
-1.881248487  
-0.4321429789  
-0.3715365315  
0.5713839138  
