-0.7987285397  
-0.3638826048  
-1.216593636  
-2.172407269  
0.6389795616  
-0.387615943  
-1.654550677  
-1.141120241  
-1.748545189  
-2.028775745  
0.4657773208  
-3.37068365  
-0.222945715  
0.09944238969  
-0.4318066854  
-1.771767241  
0.5334341948  
-0.4454120141  
-1.313086428  
-1.524825123  
-1.871829089  
-0.2026182197  
-1.043994202  
0.04504592987  
-0.01552453554  
-0.3603955791  
-1.87222767  
0.242957232  
-0.1341330099  
-0.9530260447  
-1.525540287  
-0.8396451378  
-1.294429056  
-0.7574773306  
-0.4308343809  
-0.2925123001  
-0.1590549719  
-0.6052594706  
-1.335844558  
0.4108509997  
-1.586078531  
-2.854502072  
0.2468125572  
-1.003754946  
-0.8568250934  
-0.532879283  
-0.5161683694  
-1.060677647  
1.779857665  
-1.750962558  
-2.930698792  
-0.2678519501  
-1.11193149  
-0.7242705243  
