-1.336237961  
-0.4009154985  
1.104100574  
-0.3362476546  
0.8152217733  
0.4451954886  
0.5675294105  
0.2536392473  
-1.196634289  
-1.165025508  
-1.352433011  
-0.281666225  
0.4826076684  
2.149908867  
0.1390966184  
0.08341407565  
-1.030514001  
-0.7484880996  
-1.335468777  
-0.7979744153  
0.1666794966  
-0.9483867424  
0.4856296904  
-0.388824008  
-0.2623590695  
-0.08238714106  
0.97519793  
1.423667314  
-0.8955813472  
0.05601043865  
-0.1291420716  
-0.3392919645  
-0.3851047175  
-0.06233076689  
-1.352090236  
-0.4580283405  
-1.277031933  
-0.5628234897  
-0.04246704777  
0.7073662496  
-1.068741527  
-0.2796357638  
-0.7591045991  
-0.1533298084  
0.1680255166  
-0.5686940367  
-0.3301130513  
-0.9318011618  
1.725825763  
-0.2981216879  
0.4498583751  
-0.008693405531  
-0.520704471  
-0.2734385954  
