0.3944283763  
-0.2174058577  
-0.970023603  
0.4271943544  
-0.2640264922  
2.746048613  
1.025084591  
-0.1567143407  
-0.4405321568  
0.6786980004  
0.9071462738  
0.2753738421  
0.1748049974  
-1.141358973  
0.6814592779  
-0.5653999464  
-2.071545839  
0.8388760752  
0.084029956  
1.171951126  
0.3282255783  
0.1610668074  
0.5755732838  
0.9758309834  
0.8988371899  
0.02948707011  
0.2353081136  
-0.8888514183  
-0.7053705201  
1.075637356  
-0.3797818702  
0.317400667  
-0.1924622293  
-0.50145073  
-0.4659907083  
1.501139624  
0.2836467211  
-0.242283605  
-0.9104949989  
-1.338619914  
1.790019072  
0.7192299441  
-0.04028930117  
0.2132416444  
0.3110637481  
-0.1451007736  
0.6326921657  
-0.1835153393  
-0.427774498  
0.4744094581  
0.02215484778  
0.07427829628  
-0.0724890199  
0.009362907589  
