-0.9700119706  
0.4222952327  
-1.236618327  
-1.826464676  
-0.363222385  
0.1763120128  
-2.337079353  
-1.731012265  
0.104005759  
-1.748602622  
-1.063053449  
-1.171525878  
-0.8039151074  
-0.7566659597  
-0.4355828327  
0.2794315263  
-1.685092749  
-0.2508741961  
-0.983156595  
-0.3757713771  
-1.225889838  
-0.5285985412  
-0.4109438801  
-0.9069469554  
-2.01908426  
-1.200534648  
0.1380295182  
-1.065727034  
-0.8439801617  
-0.8627572554  
-2.380607497  
0.2114452806  
-0.06749652161  
-1.670543346  
-0.2353083293  
-1.557651637  
-1.109632362  
-0.71077183  
-0.8640772537  
-1.987377925  
-1.279559806  
-1.522647357  
-1.780658854  
0.9321117347  
-1.083311686  
-0.4175752795  
0.03515808859  
0.1927633873  
0.2221272567  
-1.157651938  
-1.655802144  
-0.7204811159  
-1.315662508  
-0.4548487246  
