-0.2902537303  
-0.1309027742  
0.09929773605  
0.3200131812  
-2.220663779  
-0.06063409791  
1.612962925  
0.4256216673  
0.5497939694  
0.1261804714  
0.09232670152  
-0.2820037446  
-2.264432576  
-0.8614399011  
0.4799378005  
0.6833177594  
0.7089036685  
-0.2740442879  
-0.3297423882  
0.3722098031  
-2.643455227  
0.9501282411  
0.1519957679  
0.8364686229  
-0.233213283  
-0.9899851274  
-0.4960418728  
-0.4909861394  
0.6827132474  
-0.6566505947  
0.5263095962  
2.168277052  
-0.4327323942  
0.9038496854  
-1.126904604  
-0.5337784848  
1.92859645  
-1.428312187  
-1.447136952  
-0.4305772856  
-0.08723385622  
-1.310940733  
1.16564878  
1.465245399  
-0.7083701135  
-0.2839053474  
-0.1736245615  
-0.616587792  
-0.2825352045  
1.018566502  
-0.2838037087  
-0.2405896466  
0.0493743519  
-0.1032972824  
