1.550428929  
-0.05159439105  
-2.472503639  
0.5928972673  
2.532161103  
-0.215207847  
-0.4070404141  
-0.4744768521  
-1.899758868  
0.9291135785  
0.2115086168  
-1.227728306  
0.06407934541  
1.344584887  
-0.518272393  
-1.135302197  
0.5219819302  
-0.4279074271  
-0.4965389291  
-0.9374241908  
0.3541940223  
0.380749061  
-0.6883041138  
-0.8544898124  
0.09512451966  
-0.003152155214  
0.9045964902  
0.2217250052  
-0.7584917323  
1.188525463  
-0.3756027021  
1.152980191  
-0.4844570339  
-0.6525066584  
-0.05058021305  
1.105826327  
1.592385332  
0.6435702189  
-2.03298074  
0.1638496104  
1.249894341  
0.9171097527  
1.027984399  
-1.063840631  
-0.8221969023  
-0.2310812983  
-0.979114751  
-0.3674338957  
-0.7589721114  
0.2111728279  
0.07183084037  
0.9057497622  
1.403631205  
-1.479129857  
