0.4718470429  
0.9035389324  
-0.2385676754  
1.307952064  
-0.2549900936  
-0.6748965416  
-0.9518842515  
0.2926931282  
-0.1356358424  
1.611958656  
-0.5888056888  
0.6163983771  
0.3712776868  
-0.08789555563  
0.6850593893  
0.2632853087  
-0.8116821465  
-0.9222283477  
-1.302453738  
-0.1928641038  
0.4218778279  
-0.2458665061  
-0.2927510699  
-0.5879595364  
0.778007889  
-0.3546524031  
-0.1243069056  
1.843838464  
-0.1703846186  
0.8894225809  
-0.5636153061  
0.8261935802  
1.723667211  
0.02514270031  
0.238324892  
-0.0728203735  
0.2619645099  
-0.9793903437  
-1.109410013  
-1.088673093  
-1.591443705  
-1.290717747  
-0.3390258381  
-0.7602690061  
0.5702998175  
-0.6223601639  
-2.177645044  
1.239448443  
0.8909181605  
-0.3778688732  
1.386439797  
-0.08019947468  
-0.784794213  
0.1927288009  
