-1.993268645  
-0.1673250983  
-1.406359411  
-0.3535691189  
0.8004269269  
0.3574077684  
-1.386376136  
-0.2289483943  
0.001480409669  
-0.2481190133  
-0.5748428419  
-0.02606801192  
0.5714197738  
0.1848895086  
0.4024224559  
-0.1058320072  
-0.3799280021  
0.2687336028  
-1.880757794  
-0.7171506749  
0.1783575357  
-0.4768983391  
0.6783637628  
-0.04164525722  
-0.0845597312  
-1.230748988  
-0.5877975067  
-1.435291431  
0.3369002104  
-0.4278867125  
-0.3286036461  
1.150185376  
-0.3395446406  
1.104473923  
-1.05776924  
-0.2045351908  
-1.948129643  
0.4748435097  
-0.2241054364  
0.09849266304  
1.773091446  
-0.2025611935  
-0.6168277897  
0.3028598856  
-1.62267548  
-0.5922805168  
-1.023535371  
0.9265731085  
0.3359330698  
-0.7061840437  
0.573378976  
0.2776456341  
-0.7055009536  
0.09823205264  
