0.4000771865  
-0.2271823094  
0.6573817077  
0.786970409  
-1.605308815  
-0.60005039  
-0.3279899486  
0.7883550428  
1.94291199  
0.3154434645  
-0.4954028379  
0.694278733  
1.242524396  
-0.5743934845  
0.1841511387  
0.02891743224  
-0.601858484  
-0.457672983  
0.5198683934  
1.33995941  
1.883907059  
-0.4936681496  
0.1817337323  
0.1385933976  
-1.267849726  
0.7461067085  
0.4398585405  
-0.1455524702  
0.4215981512  
-0.7028626361  
1.053580177  
-0.4777487852  
-0.200154954  
-0.181247024  
1.616247857  
0.7706515556  
-1.180079495  
-0.325924315  
1.368911335  
0.250142165  
2.17578207  
0.2462962849  
1.323377197  
0.2187921267  
-0.3799417424  
0.8491519861  
0.1899370906  
1.363670805  
0.1002873603  
1.127645806  
-2.380581393  
0.4056295185  
-0.4622251031  
4.691098157  
