-1.629274557  
-0.1620755584  
-2.056796708  
-1.519690142  
-0.5719478447  
1.024912338  
-0.1193050619  
-0.2862061444  
-0.794514835  
-0.9938002747  
-1.500711914  
0.01617202441  
-0.007745662274  
0.4598868537  
0.3055118566  
-0.6893685678  
-1.397455732  
0.9755680897  
-0.4454791118  
0.6302852705  
0.01890007406  
0.6595231701  
-0.3273491329  
-0.1421670978  
-0.05144459711  
-0.8100925095  
0.7972862383  
0.7460474654  
-1.649774817  
-0.2516418439  
0.3699997381  
-0.4641833878  
0.4408495379  
1.408361574  
-0.3194333679  
0.5148567868  
0.3452092918  
0.3328962966  
0.4292605824  
1.374032178  
2.42237456  
-0.8197777563  
-0.6309343682  
-1.121972823  
0.1295908074  
0.4777992829  
1.36335023  
0.8360147344  
-0.7636743376  
0.5961054023  
-0.6540138386  
1.201033038  
-0.4060690779  
-0.5323727574  
