1.053576291  
-0.6125717258  
-0.5341292618  
-0.203044999  
-0.4300254905  
0.4383974227  
0.5405564256  
-1.342519453  
1.599280997  
-0.8828357673  
0.4933260169  
-2.257590997  
-0.5736821129  
-0.8968833505  
0.1286399961  
-0.3619188564  
-0.04570526394  
0.3346924258  
-0.7892420104  
-0.260811594  
1.421481408  
0.142230126  
0.6563469073  
0.7359199853  
1.359339786  
0.06487643591  
-0.3467205327  
0.8193076771  
-0.2993357034  
1.571825489  
0.3246186573  
-0.4429435093  
1.225007885  
-0.07308758991  
0.8063868806  
-0.2462622901  
-1.096344622  
0.7824114707  
-0.7978055713  
1.766141054  
-0.3637646401  
0.08334703802  
-0.7205926624  
-0.2299764463  
0.9458666932  
0.764537145  
0.1223020026  
0.2597748786  
-0.5660588781  
0.2137506638  
-0.09806814907  
0.5826607478  
-0.767554915  
-0.9888915773  
