0.355967416  
0.3233961629  
-0.3213357164  
-0.1857599545  
0.03384631411  
0.1664023219  
-0.4195621389  
-0.4905984869  
-0.1768925476  
-0.5898136937  
-0.6739752674  
0.0944814516  
-0.9803577926  
0.2178865568  
-0.2637042701  
-0.1995310332  
-0.6646280571  
0.4728166863  
0.6475135614  
-0.2747010391  
-1.500631184  
-0.2790927437  
-0.09034950655  
-0.04293196413  
-0.1521396216  
-0.07522488139  
-0.08960978747  
-0.8605700328  
0.4296974963  
-0.3736882989  
1.135491594  
-0.4690948948  
0.1686834774  
-0.1080637554  
-0.01642246673  
-0.1828973063  
-1.050200802  
0.5977602448  
-0.3516873798  
-0.04839631558  
-0.2346926712  
0.3079979184  
0.2032443783  
0.2591772281  
0.3596116192  
-0.243709894  
-0.699249038  
-0.2746919563  
-0.2215941014  
1.325969661  
-0.4616899556  
0.2507164979  
0.1327060972  
0.7088923966  
