0.1247790137  
0.6082053368  
-0.4818261846  
0.3756668018  
0.6556082276  
0.07892209428  
-0.6445548203  
-0.5597872598  
-0.1691709121  
0.2685411987  
1.104425611  
-0.07089870934  
-0.6847148505  
0.06375648551  
0.1697121349  
0.1498066688  
-0.9509172115  
-0.5405137194  
0.3348599507  
-0.8459600355  
-0.6795718001  
-0.5918383147  
-0.09916732603  
-0.2990039448  
0.267909781  
-0.467492742  
-0.04660862297  
1.125357491  
0.4786857093  
-0.3919083722  
-0.3915542435  
0.209759164  
-0.340693187  
0.4760007933  
-0.3097020878  
0.5600561858  
-0.4975977818  
0.1520207871  
-1.164506238  
-0.326097517  
0.4268975901  
-0.5982932424  
0.5087149776  
0.2720649541  
0.04951122486  
0.409643173  
0.05729616  
-0.1407361511  
-0.3576516748  
-0.05145138314  
0.5093478068  
-0.03463540867  
0.263314427  
0.1446256623  
