0.7893464294  
0.4069649683  
-0.3325219599  
-1.143317752  
-0.831208152  
2.172948357  
-0.7783361785  
0.87336056  
0.639412205  
-0.4874427355  
-1.233488007  
-0.4494492853  
0.0229323862  
0.6065134872  
-0.435099623  
-0.3880891184  
-0.2641825704  
0.935148362  
0.9233337041  
-0.4617550429  
-0.5228195841  
-0.0798921342  
1.399667409  
0.3631004434  
1.733635628  
-0.6567445574  
0.4043566445  
0.8159331883  
1.762376186  
1.57396256  
1.303582416  
0.5349222595  
0.2063727222  
-0.6643972963  
1.607328861  
0.7600395111  
1.664928444  
2.432355074  
-0.379485049  
-1.482187958  
-0.2814452135  
-0.4825876949  
-0.2778105652  
-0.1715016045  
-0.524800147  
-0.3466858046  
-0.1605891119  
1.015297025  
-0.8239256806  
0.1989725604  
0.8140109104  
-0.3018740555  
1.134904713  
-0.8194336145  
