-0.2507359438  
0.6102223567  
-1.07667694  
-0.1323887112  
1.201049222  
-0.6626126726  
-0.1481166265  
0.8855202833  
-0.2974528152  
-0.2507285183  
0.0791250965  
0.4522506479  
0.7762371274  
-0.486333724  
-0.4797850282  
0.6844561148  
0.7214927242  
0.6329773457  
0.3034601232  
0.1622017472  
-0.8218367458  
-0.02934118303  
-0.1394108699  
0.4024125724  
-0.663883494  
-0.4708521408  
0.8869659856  
0.691951177  
-0.4880617631  
-0.4195623975  
-0.4769862696  
0.1709094475  
0.4197223798  
0.1040760055  
-0.9277067838  
0.7744662006  
0.2834328376  
0.2073635605  
-0.2624392131  
0.2888675492  
0.3365404675  
0.7398517465  
0.09025933337  
-0.05967503061  
-0.1003882022  
-0.2778033485  
-0.2686347017  
-0.05114243454  
0.2161459774  
1.550421664  
0.1137147598  
0.3280761109  
1.537463598  
-0.2945777314  
