-0.8014073527  
0.2016049978  
0.5626163875  
0.8349890018  
0.1886521381  
-0.8634147818  
-0.3784188351  
-0.3644740724  
1.039797951  
0.1870784299  
0.3901887513  
-0.506153475  
0.4145294856  
0.5636056339  
0.1486800216  
-0.2338026251  
-0.1447596327  
1.259215365  
0.03322390686  
-0.3651258586  
-0.04057728905  
-1.345887843  
-0.1582630123  
0.003795179531  
1.065294953  
0.4728304723  
-0.09895912617  
-1.309676195  
0.4207534949  
0.07951156995  
1.288756021  
0.6082775207  
-0.5040066192  
-0.4105123223  
1.001661404  
0.6733708165  
-0.2349574268  
0.5302158057  
-0.9653255575  
1.215859764  
-0.3112198398  
-0.9644514753  
-0.2948982376  
0.07621448294  
-1.058277664  
-1.168686217  
0.4700523572  
-0.4932778176  
0.5452906166  
0.7752292368  
0.3218103462  
0.3845300261  
1.168851373  
-2.111072587  
