0.3570176728  
-0.07328908547  
0.1595409564  
-0.06169298853  
0.02885215955  
-0.06527156994  
-0.4257442088  
0.1959124524  
0.013555471  
0.04848223208  
-0.01627914937  
-0.01600186251  
0.060506325  
-0.09164235224  
-0.001804124922  
0.008906957046  
-0.08137042677  
-0.08735256656  
0.06679083092  
-0.2002833332  
0.1113331198  
-0.1566215222  
0.01529959711  
0.07722934751  
-0.21559992  
-0.1102529156  
-0.01351011853  
0.3187289584  
-0.04502529277  
0.2597772349  
-0.109630241  
-0.1201950954  
0.105243335  
0.151632829  
-0.4241609623  
0.1189611818  
0.3578286523  
0.2853166746  
-0.361197255  
0.1647474198  
0.1369983263  
0.002792472253  
0.002366580499  
0.4182898366  
0.07441769211  
0.2808890576  
-0.01387884625  
-0.07531409596  
0.462659331  
-0.08220187297  
0.002749870281  
-0.08649219229  
0.2423905226  
-0.2406271809  
