-0.2506116581  
0.4088146291  
-0.7114600167  
-0.1577894084  
0.925632789  
-0.6496691834  
0.1626651733  
0.6195532204  
-0.2626896336  
-0.2007175551  
-0.003450546272  
0.3902793107  
-0.284978893  
-0.02441658766  
-0.1183024495  
0.1695124794  
0.6910894067  
0.6428783197  
0.4728526156  
0.01397618685  
-0.9549879477  
-0.1863808234  
0.163588923  
0.4243318038  
0.3677916657  
-0.6468319239  
0.3606027725  
0.210201475  
-0.4900978547  
-0.249898261  
-1.238061948  
0.6011494032  
0.9614103844  
-0.1851760136  
-0.2862978199  
0.3267292505  
0.007682281822  
0.1992775804  
-0.154435398  
0.6021403702  
0.4801374341  
1.034063362  
0.272346247  
0.5310049341  
-0.214309542  
-0.3409266626  
0.1319638904  
-0.6834525863  
-0.03906901101  
1.256784157  
0.3884671352  
-0.2892120066  
0.7596723581  
-0.0232755425  
