0.3010835905  
0.7516468245  
-0.9443688336  
-0.2106433925  
0.6674087002  
0.5168043293  
-0.3146508895  
0.7009613286  
0.05106421688  
0.09388616632  
-0.1351905667  
-0.8271481963  
-0.1780357974  
0.3934844239  
-0.9782059616  
-0.8786882732  
0.1702075784  
-0.1112610251  
0.3868094908  
-0.4800246932  
0.04588656919  
0.5271540259  
-0.2005116795  
-0.04437894263  
-0.009468111519  
-0.3812380068  
-0.3181653092  
-0.2599374372  
0.370980901  
0.4379444965  
0.8197257083  
-0.3872381137  
0.01241515829  
-0.04879397084  
0.9449047896  
0.3886990651  
0.7272290112  
-0.7700296619  
-0.6473997722  
0.1444066423  
0.03402906754  
0.383543965  
0.2977996951  
-0.3600111338  
0.06597333191  
-0.8772278391  
-0.6586828115  
0.1818266966  
1.31738812  
-0.09161402336  
0.01334851602  
0.4646740999  
0.4595352841  
0.06962728014  
