-0.6027934536  
-1.726073436  
0.08486690065  
-5.710084985  
-1.708755993  
-1.629054662  
-1.921810736  
1.126539798  
-2.558353684  
-3.073099038  
-1.159799751  
0.3504023425  
-1.76629145  
0.6162210599  
-0.1646528827  
0.1672477805  
-1.443862081  
1.094589903  
-1.404259913  
-0.5510153135  
1.7784777  
-0.618243547  
1.31273211  
0.1088546885  
-1.814397857  
-0.8522098704  
-1.060125056  
-0.5021682629  
-3.359816698  
-1.521243922  
-1.808114048  
-1.128906147  
-0.08657736748  
-1.452491311  
2.388003938  
-1.084988257  
-0.8936379171  
-0.5888808884  
0.1778219404  
-3.42060925  
-2.635272005  
1.055046115  
-1.060398485  
-1.259205208  
-1.731691985  
0.6938677492  
-2.510708115  
-2.103009291  
-0.00681137069  
-1.716306311  
-2.111193068  
0.5318930368  
-2.073452112  
1.077499068  
