-0.6267001841  
0.7412036339  
-0.4013907914  
0.3155970425  
-1.027425702  
-0.4896390824  
0.4382508827  
1.33423052  
-0.2011261478  
0.4213701248  
-0.2677748337  
0.9844895881  
-0.5004288565  
0.3906822238  
0.353374057  
-0.6524547816  
0.2177037546  
-0.3836978844  
-1.214461782  
0.5260264242  
-0.3796749426  
0.09449557138  
-0.4248797839  
0.9875812105  
-1.028301486  
0.003309315058  
0.2827507627  
0.341369496  
-0.009788836959  
-0.2143801102  
1.235907967  
0.4993884432  
0.3701545072  
-1.457527178  
-0.07468806257  
0.3819707369  
0.6635912946  
-0.09345279149  
1.040034057  
0.1873846608  
0.2667421724  
-1.112811869  
0.6613525143  
0.6393739241  
0.7689856668  
-0.7231016945  
-0.1622538222  
-0.8165587576  
-0.3585231303  
0.08835468511  
-0.7315184616  
-0.7410894865  
1.164555573  
1.935699374  
