-1.256841396  
0.84057639  
-1.880785048  
1.597735635  
0.3644857026  
1.382842386  
-1.500095957  
0.3621423648  
-0.3840898911  
1.409549578  
-1.503174144  
-0.524142764  
0.05369098691  
-0.1218866844  
1.264282289  
2.453809652  
0.1629945217  
0.9132405884  
-0.3419274704  
-0.3796254367  
0.6027878659  
-0.004858357418  
-0.9174216555  
-0.4302953225  
-0.4071676464  
-0.580770239  
-0.2028322733  
1.691668232  
-1.972147727  
2.058962643  
-0.8648357996  
-1.241873493  
0.6837052233  
-0.4012635253  
-0.1315337378  
0.07680809663  
-0.9926055802  
-1.014559373  
-0.285297846  
-0.3887203427  
-0.5900536383  
-1.117970505  
-0.6651637112  
0.265158254  
-0.2717887604  
-0.1889019352  
-0.7538421407  
1.340321737  
1.051693796  
0.9548387188  
0.4659332117  
-0.264533682  
-0.527267881  
0.6271589266  
