0.8756087229  
-1.773696708  
0.1183061592  
-0.5759895628  
-1.450700245  
0.681240243  
2.168007098  
0.8900833724  
1.357373917  
1.612948058  
0.7692207404  
-0.4702333068  
-0.52607969  
1.53133863  
2.10960872  
0.5126125378  
0.01584561379  
-0.1685630909  
-0.619891741  
1.766327875  
1.105298251  
1.238033137  
2.824938397  
0.8470494633  
-0.3467701215  
-0.9926507382  
1.735916633  
-0.2083969189  
0.6020332065  
0.9640533576  
-0.4743046904  
-0.271110402  
-0.4819105715  
0.1034610642  
-0.4881683393  
-0.1155507741  
0.7808854706  
0.2927955546  
2.39101884  
2.234335145  
1.56671941  
-1.640009813  
-0.5990181984  
-0.02677123136  
1.107769724  
0.4438965459  
0.2208190608  
1.702986839  
-0.03840560528  
0.5450128831  
0.6890488906  
1.935273245  
0.487342484  
0.06293344971  
