0.5089706026  
0.5765419881  
-1.547876095  
1.362651646  
0.6025758394  
0.484443821  
-2.255437622  
-1.572063355  
0.8356900484  
-0.6436583498  
-0.7904340307  
0.5114506554  
-1.030463929  
0.3670679045  
0.1159614434  
0.7396147896  
0.2302527894  
-0.7745192439  
0.1793715795  
0.1114042825  
-0.4645947616  
-0.2328586721  
-0.2560188592  
1.037376208  
0.04844655351  
0.9031164238  
0.2625434038  
0.4157195501  
-0.9247461589  
0.3821003281  
-0.3586149276  
-0.8842360011  
0.2105878117  
-0.1273330086  
-1.140196647  
-0.8026374743  
0.3872622528  
-1.513245989  
0.5573628787  
0.1124483001  
-0.180831661  
-1.209870696  
-0.01875663117  
-0.3716038316  
-0.1154069911  
-0.7491476438  
-0.2044716164  
-1.225377552  
0.8833250992  
0.3005919807  
-0.5974135055  
-0.01957237328  
-0.0006528877114  
1.40104381  
