0.7772630102  
0.2921349735  
0.5454784468  
-1.125647802  
0.1820779458  
2.424546648  
0.2482990542  
0.2574126856  
0.07652539804  
0.5886007683  
1.181909591  
0.3386479555  
-0.02734896716  
0.5215391685  
1.073710626  
-0.4665383583  
-1.22434014  
0.1901762689  
0.8263699588  
1.034123455  
-0.3285864846  
0.09983306356  
-0.3331719512  
-0.4054123303  
0.8779520366  
-0.4219400151  
0.5867117345  
0.1214574547  
1.361026832  
-0.1430709332  
-0.6316468935  
-1.153634434  
0.3066070211  
2.424951322  
-0.7291402957  
0.216671893  
1.364991547  
-1.061365353  
-0.4539965742  
2.048100068  
-1.019639212  
-1.224483147  
1.930875322  
-0.4475036538  
0.08491770134  
0.5236281636  
-0.8794258035  
-0.5841084942  
-2.481049089  
-0.7491092638  
-0.1066960408  
-1.331320195  
0.9561064817  
-0.3946950925  
