0.7363823657  
0.2547985745  
0.003092526133  
-0.7481330413  
0.6082461822  
0.05741660489  
0.3088049618  
-0.03027436968  
0.9625385641  
-0.2967154831  
0.3449713858  
-0.1018581268  
0.3150480604  
0.7230695608  
0.5332873684  
-0.2103368549  
0.04281362923  
0.3825841826  
-0.08805845239  
0.3752447016  
-1.161867015  
0.2145084401  
0.8532014437  
0.3872722745  
-0.7342373582  
0.5294786062  
0.2529094303  
-0.2418246679  
0.2767374851  
-0.49050762  
0.07645186196  
0.2563726845  
-0.1754975318  
0.7408294714  
0.01937797196  
-1.854643253  
0.605997578  
0.1347719815  
-0.9475495168  
0.6897289075  
0.3831559205  
-0.1286726367  
0.2392636771  
0.1410339661  
0.8649248432  
-0.1952696717  
0.1526499934  
-0.02697401364  
-0.0882573878  
0.3008407003  
0.04497267453  
-0.05585574784  
0.7466864908  
1.355556218  
