-0.4305368198  
-0.1736109324  
1.106204019  
0.4970798568  
1.348328271  
-0.1793455583  
-0.6512042849  
-0.2848916105  
0.2148788977  
0.3482794583  
-0.1989874338  
-0.2653854643  
-2.074303252  
0.8251519652  
-0.2761091071  
0.06272874362  
0.3952752743  
-0.1579167596  
0.1422063233  
0.693362612  
0.05838993474  
-0.112133967  
-0.1989460651  
0.6887072567  
-0.5474430909  
0.5182918313  
0.5989002223  
-1.07030402  
-1.173644529  
-0.6414551808  
0.2061661958  
1.215156445  
1.127385047  
-0.3214492367  
0.4368328396  
-1.062195284  
-1.271109307  
-0.6736204552  
1.63191764  
0.311724246  
1.535774465  
0.3673986051  
-0.9845310643  
0.3431340185  
-0.7063496162  
-0.2081102917  
0.1938812122  
-1.003416584  
1.162057479  
-0.5072581342  
0.3285648566  
-1.408860201  
0.5901248749  
1.543040572  
