-0.3515429611  
1.80222373  
0.9119143312  
1.460925714  
0.488235028  
-0.2851171613  
-0.3773144167  
1.041621213  
0.01595121921  
0.03011005265  
-0.4224600447  
-0.6255314501  
-1.514455086  
2.30250863  
-1.592036728  
-1.102000643  
0.3514829641  
-0.9484890589  
-0.9634759636  
-1.001890651  
-0.04712513673  
-0.1250677316  
0.1461981291  
-0.4717549371  
-0.6423961843  
1.26838462  
0.4970659988  
-0.6888553175  
-0.7411319948  
1.59919922  
1.395357999  
-1.144397498  
-0.6157868877  
-0.4232148276  
-0.1106667882  
-1.712186021  
1.289077637  
1.194296086  
-0.5496730541  
-0.02127612105  
-1.43983872  
0.3954681272  
-0.2872902881  
-2.049080574  
-0.4623826331  
-1.451165974  
-0.1381950409  
-1.35260736  
1.481918068  
-1.355638749  
-0.4544508238  
0.01048880577  
0.5821211537  
2.17957734  
