0.02982488384  
0.1873498296  
1.440745495  
-1.18250247  
-0.5986301438  
-0.5171210549  
-0.07706097866  
0.8135050544  
-0.765987358  
0.3077032868  
-0.7164295236  
0.1191068096  
-0.6186475422  
-0.03676438779  
-0.4064883267  
0.3193293955  
0.7853838446  
0.5333918899  
-0.412894387  
0.2440430263  
0.2068799749  
-0.1086028995  
-0.3821914597  
-0.5542898506  
-0.3444836413  
-0.3289717181  
-1.125667099  
-0.0009073776388  
-0.1544061858  
-0.1213281346  
0.4289536665  
-0.2518746782  
0.1756583966  
0.8792023777  
0.3776978578  
0.07491812866  
0.06951969095  
-0.582074696  
-0.2538208866  
-0.4766933854  
0.4081094167  
-0.1608033421  
0.6747506886  
-0.8450304685  
0.5036574819  
1.483535934  
-0.7427562756  
-0.1677065711  
0.9014965032  
0.401719093  
0.4723850383  
0.7882136927  
0.8194128107  
0.76491756  
