0.4026460491  
0.0614027669  
-0.217283093  
0.4962619489  
-0.6640580471  
-0.9676257253  
-0.1638422309  
0.2031796664  
-0.6947068899  
0.8311811201  
-1.131833638  
-1.600759267  
-0.4756339861  
0.01346904144  
-0.7690855702  
0.1404628651  
-0.1809356815  
0.2103540753  
0.9058436498  
-0.3220424618  
0.8901867759  
0.02047431925  
-0.1280227828  
-1.146253893  
0.9774246395  
-0.149348409  
0.5617070087  
-0.662012751  
0.1929252776  
0.09194967115  
-0.8263513416  
0.5893449621  
-0.2805596489  
-0.1766560469  
0.1900966154  
-0.356663477  
-0.5161910072  
1.137324597  
-0.4855007834  
0.638252211  
0.1850916175  
0.5300465404  
1.193296186  
-0.289279573  
-0.8391534394  
-0.2606030327  
-0.3664132059  
0.05613439591  
0.9285187327  
0.2495706031  
0.2418106902  
-1.084910687  
-0.6220550932  
0.6952612273  
