1.116212775  
0.06806883435  
0.1429687644  
0.7209102955  
-0.04087165791  
-0.09667497624  
-0.9271851235  
-0.4594828692  
-0.8129628732  
0.02349937389  
0.2002565208  
-0.1422326521  
-1.47418402  
-1.195580272  
1.690206934  
1.617196344  
0.6739354681  
1.175805471  
-1.134083471  
-0.1005268241  
1.545883382  
-0.3632342802  
-0.3979781594  
0.1559381378  
0.7185452319  
-0.5249100989  
0.9904202459  
0.02198420843  
-1.945381064  
-1.052738803  
0.1186048879  
0.5346860537  
0.2073491229  
1.110172482  
0.3907898866  
-2.405559056  
1.010398876  
-0.9348564871  
0.4645256003  
-1.004683849  
0.6328288641  
0.08279515737  
-1.415237582  
-0.5294042208  
0.7923940385  
1.188713631  
-0.1673865244  
-0.7664463951  
-0.1242122468  
0.4291665693  
-0.3570789388  
-0.9040502266  
-0.3761995128  
1.805316504  
