0.198436414  
0.1685524403  
0.4720882433  
-0.1060319782  
-0.07181714511  
-0.1915081498  
0.2587305888  
0.165754742  
-0.09810411386  
-0.0355978386  
0.2121607787  
-0.2713593765  
0.1600184064  
-0.07082453187  
-0.1603960102  
-0.06433304313  
-0.3251171603  
0.05094559935  
0.07961029153  
-0.1403396384  
-0.1098752412  
-0.1592793867  
0.2001755501  
-0.3305956552  
-0.03864336995  
-0.1606561875  
-0.2621137498  
-0.006251485422  
-0.01929973831  
0.1489168731  
-0.1208961389  
-0.05108872  
0.2780951834  
0.1598976356  
0.04022985202  
0.2225230939  
0.2065178645  
-0.02303464653  
-0.1125579107  
0.5075113688  
0.007524841662  
0.09068571303  
-0.01746092092  
0.06784540615  
-0.4666558271  
0.05293558178  
-0.1971193772  
0.3019075251  
0.3451000014  
-0.2510237612  
-0.07382491252  
0.3201134039  
0.08453227694  
0.09730424143  
