-0.4416030198  
-2.093780949  
0.3621878401  
-1.560774083  
-0.3096992253  
-1.164507792  
0.08676591231  
0.03897804548  
-1.295516638  
0.2416613725  
-1.840510943  
0.1222420352  
-1.037216601  
0.3771455564  
-0.5872212394  
-0.8845255158  
-0.7196561737  
0.7566739194  
-1.427650168  
-0.09534163302  
0.4530381321  
-0.2944897597  
-1.103013417  
1.392044365  
0.9132636654  
0.4212288568  
-1.45846396  
-0.04727414732  
0.2170212484  
-0.8721855281  
0.2900617298  
0.2204468123  
-0.7718890881  
-0.3397791451  
-0.4835294047  
-0.6481604366  
-0.6619497998  
-0.1288336813  
-1.646910174  
-1.118116097  
-0.8662014528  
-0.5609556388  
0.6979901249  
0.911836554  
1.128002022  
0.1990331903  
-0.2668328737  
0.08261345919  
1.904941327  
0.6094451812  
1.010422894  
-0.3865567753  
0.1864336935  
0.275706604  
