-0.8766178064  
-0.1405181992  
0.2836838531  
0.02577098232  
-0.811054666  
-0.1971061781  
0.03404208171  
0.2821413931  
-0.3841905302  
-0.2341046318  
0.3264847205  
0.6714546168  
-0.4506104481  
-0.2845981447  
0.2854517507  
0.1625509489  
-0.08003417244  
-0.3695263029  
0.5426247676  
-0.4087638655  
-0.5738889791  
-0.3090571024  
0.1444738912  
-0.1993391927  
0.5815167565  
0.1034444172  
-0.9385180285  
0.2677066511  
0.558239171  
-0.124738059  
0.2634387587  
-0.06207446506  
-0.2879856757  
0.2238871296  
-0.3311739914  
-0.1043860751  
0.5117479078  
0.6474498516  
-0.4338827799  
-0.4017478919  
0.1028345221  
-0.5912271053  
0.173015832  
-0.554218452  
-0.07512281226  
0.1306406492  
0.1622978812  
-1.498091295  
-1.492780979  
0.11378376  
0.478909685  
-0.3430375733  
-0.3415894558  
-0.1653530136  
