-0.1886576001  
0.2594379753  
0.5966733267  
-0.6168869182  
-0.988805525  
0.2188018893  
-0.6028645162  
-1.64311265  
-0.8899343614  
0.4061603526  
0.9231345438  
2.265209693  
0.7765187009  
-1.582117613  
0.5917058921  
-1.095144215  
0.3796652749  
0.510710092  
-1.699159111  
0.6838479206  
-1.352363169  
0.5680877569  
0.7482591407  
1.099439179  
0.5783672965  
0.5463706015  
0.8373203559  
-0.1475826655  
-2.77096975  
-1.293024927  
-0.8345175945  
0.1483088018  
-1.43657443  
0.09954283272  
-0.4785586879  
-0.8216096533  
-1.297050801  
-0.2792469484  
-0.4671345118  
-0.184876536  
0.9694153482  
0.594279512  
-0.7841563408  
1.339333868  
-1.860765914  
0.267729586  
-1.360287928  
-0.0554407685  
0.7506416066  
2.367126323  
-0.4731437114  
-0.3735570665  
-0.9036598429  
1.201943206  
