0.8626201418  
0.9441858844  
-0.365598683  
1.00098544  
-0.5316200631  
-0.4924570625  
0.4537877708  
-1.260692863  
0.03151963679  
-0.4959159816  
0.240609313  
0.8824441605  
0.5241341493  
0.4558809866  
-0.3074301384  
-0.3641540918  
-0.3312121268  
-0.8107112149  
0.07505506456  
-0.2093977652  
0.03358780587  
-0.3854248801  
-0.3892528773  
1.105505486  
-0.1611746588  
-0.1703626182  
-1.803724661  
-0.940125004  
-0.5986439701  
0.5952191818  
-0.3734733474  
0.02585627767  
0.204335801  
0.3196917598  
0.1957202382  
-0.4700202955  
-0.2273546601  
0.6000549446  
-0.1561226296  
0.5515699179  
-0.5126399254  
-1.146412848  
0.5063339885  
-0.2021051176  
-0.9951637417  
-1.074806284  
0.2419537194  
-0.3029712276  
-0.4486123443  
-0.006582264057  
-0.7704600269  
-0.3651419178  
-0.3996915821  
0.5721551814  
