0.2804610885  
0.736141199  
-1.153695052  
-0.7566822239  
-1.147949823  
0.1590857469  
-0.408270761  
-1.026024536  
0.1293611309  
-1.516501352  
-1.264937071  
0.3634611986  
-1.661381752  
0.2154976976  
0.06398045372  
-0.4303917843  
-2.546201911  
1.473940595  
-0.179315467  
-0.291902384  
0.7545289102  
-0.5623572963  
-1.001451513  
-0.4980216228  
-0.4520054428  
-1.429868655  
0.3134059528  
-1.35181856  
-0.4461043847  
-0.536995913  
0.355947621  
0.1350750527  
-0.4679270668  
-0.9627694379  
-0.395545411  
-0.4097104872  
0.5769219732  
1.536589854  
-1.594598704  
-1.4182779  
-2.34422449  
-1.423739225  
-0.4921554175  
-0.5455631453  
-0.9335420851  
-0.6932713939  
-0.1373265923  
0.1752183203  
-0.7801739272  
-0.1707936956  
-0.5200445503  
-1.273099748  
0.1134691854  
0.3052516315  
