-2.249438407  
-2.231113322  
2.57721587  
-1.46635561  
-2.431460552  
2.368894674  
-1.160616464  
0.934738965  
-1.441207285  
1.005043655  
-0.1801338838  
-0.8950608302  
-4.650644718  
2.79446468  
0.002548380325  
0.6863970777  
-0.2636028369  
1.395782643  
-2.426935596  
-1.528447934  
0.4895815225  
0.106244271  
0.92903024  
4.130421247  
-0.7687532969  
0.9009784056  
2.719971115  
0.7066034103  
-1.378017317  
-0.007803092209  
2.128963734  
-0.4427406065  
1.897285345  
-0.9234869002  
1.035541396  
-0.2430873294  
-1.661255121  
1.348077531  
0.2919547403  
-2.491661962  
-1.132010901  
-5.21389146  
0.4697652464  
1.634266887  
0.1270314577  
1.896059285  
-1.134192743  
-0.6402772534  
1.831293104  
1.480051462  
-2.515653324  
0.4149810373  
-1.896859848  
0.5069347209  
