0.01013496825  
-0.182291538  
-0.2515601269  
0.3155429388  
-1.176170116  
0.4035371896  
-0.2179275457  
0.7249020195  
1.190101769  
0.9063874673  
0.9443095731  
1.680518198  
-0.1785826988  
1.478760769  
1.23501999  
0.9121286075  
-1.185076143  
0.5023040884  
-0.6020337262  
0.8537459912  
0.9967490163  
0.3502035454  
4.479046658  
1.524637216  
0.1515115757  
0.4196624853  
1.031677076  
-0.1379180712  
0.7972860241  
0.8364846827  
-0.671873844  
-0.09955757126  
-0.9929962783  
0.8688119485  
2.152952304  
1.58712991  
-0.9013435061  
1.447004923  
1.840517629  
0.2724289794  
1.893236108  
0.5428356276  
-0.8291073419  
1.048829735  
1.571697353  
0.1771339113  
0.3276407073  
2.761327667  
0.9291388785  
0.5233253317  
0.04819708757  
0.3287468751  
-1.116830234  
0.04221573099  
