0.4827408906  
0.3599886923  
0.9707456405  
-0.6187266839  
1.68668384  
-0.7883702645  
0.5656898734  
-0.4127981042  
-1.258769774  
-0.05116116473  
0.06038085671  
-1.238239674  
-1.353159678  
0.7897476844  
-0.7162495772  
-0.5871517994  
-0.1635949605  
-1.383414027  
0.6991510371  
-0.06763431513  
0.2522193934  
0.5290786394  
0.07147937185  
-0.6867738207  
-0.0005336488701  
-0.4396595297  
0.3045317815  
0.3053105207  
-0.04915691188  
-0.6838900633  
-0.03793693831  
0.5753166593  
1.041630752  
0.03997557445  
0.004216728887  
-0.6687025608  
-0.8024904291  
0.8687202681  
0.2670998807  
0.6890421419  
-1.189711389  
-0.8984550956  
1.10583994  
-0.7798857383  
-0.7783661003  
-1.82853555  
-1.14416074  
0.06399137216  
-0.8769043661  
-1.25664894  
1.360401236  
0.115888691  
0.002529966335  
0.3916546767  
