1.77699278  
0.4445092251  
-0.1930179809  
0.7792104255  
-0.6507255042  
2.165114576  
-1.457561265  
0.6774611583  
0.8578473426  
0.3456890152  
1.172082578  
0.8143282833  
2.147538858  
1.413549416  
0.7622524785  
0.1804987412  
1.942738473  
0.12032648  
-0.2049116814  
1.310478107  
-1.163734422  
1.260124568  
-0.4349043067  
-0.6692427616  
1.143462549  
-1.226999007  
-0.6879115657  
0.5075454661  
-0.232479358  
-0.6618811988  
-0.3267251753  
-1.453379571  
-1.21804569  
0.9362967876  
-1.82102255  
-0.3342436634  
1.575568452  
-1.405288956  
-0.3018936642  
2.076324659  
-0.8286102059  
-1.239328179  
0.6955141484  
0.281277746  
0.3342902529  
1.98480841  
-0.4272672626  
-0.3968458143  
-1.2687428  
-2.747104578  
-0.2505502324  
-0.7348126567  
-0.6809427817  
-0.8789750679  
