-0.1414607631  
0.2444901957  
0.112038246  
0.9062948182  
0.130823497  
0.4799634446  
0.02006312089  
0.5582740107  
-0.1600514762  
0.2159798294  
0.1990973512  
0.2291300814  
-0.8269220449  
0.1998965579  
-0.01455641202  
0.1257343639  
0.4747560912  
-0.4850854094  
0.1452151043  
-0.1850604127  
-0.03526624946  
-0.7768256097  
-0.1163727354  
0.2131043033  
-0.5033759032  
-0.4026193081  
-0.5852913985  
-0.7233853498  
0.5212821404  
-0.1915510575  
0.007772312765  
-0.6446040748  
0.4058197084  
0.03106427879  
0.3826470864  
0.1650472694  
-0.3842485324  
-0.09458455271  
1.092157197  
-0.2631180576  
0.2199723573  
-0.04458964846  
-0.05798120665  
0.2968785413  
-0.09483609967  
-0.3744068881  
-0.4000798151  
0.03583603266  
-0.4675409968  
-0.3449491755  
0.6288022087  
0.2867900765  
0.2533594228  
-0.1304760206  
