-0.500523186  
-0.3968121769  
-1.398145535  
-0.1415597735  
1.010927006  
-0.6291120117  
0.7811209389  
0.09099848051  
0.177539328  
0.4728284164  
-0.5811984949  
0.844779097  
-0.08818389055  
-0.3800965387  
-0.328597407  
-0.1475354758  
-0.781859871  
-0.1960335008  
-0.6862549635  
-0.2728622993  
0.3249953341  
-0.03573112485  
-0.5977465524  
-0.978826383  
-0.3206584746  
-0.3669705809  
-0.05799754783  
-0.009325442073  
-0.2086521464  
0.2640195268  
0.561716803  
0.1756750438  
0.3447446006  
-0.0175473211  
-0.5378420078  
1.08592014  
0.2605760028  
-0.5228365927  
0.932871923  
0.0491973401  
0.3386259379  
-1.516881109  
-0.5002578565  
-0.1269694833  
0.5041202222  
0.05660651814  
0.1476100356  
-0.6276405066  
-0.3405234869  
-0.3087240722  
0.00722429222  
0.5129588035  
0.04608560619  
0.3232858387  
