-0.1102219634  
1.075914462  
-1.049506446  
0.2346976982  
0.5524653361  
1.344687981  
0.7869833581  
0.535643269  
0.7762469525  
1.026980866  
0.7032265641  
-0.625885677  
1.072564311  
0.07481706712  
-1.826225035  
1.263112012  
-1.312059384  
-0.06868071087  
1.010919818  
1.339018097  
0.6631773837  
0.8724862013  
-0.01497430332  
1.566254398  
-0.2855318029  
-0.3023574322  
1.360556127  
-0.3877356318  
0.6069345996  
-0.5352438736  
0.1352074859  
-0.9641867736  
-0.3193956225  
-0.01356034364  
0.3439086132  
-0.198307129  
0.2098517558  
0.39306278  
0.8481506951  
2.404823836  
0.8444282106  
-0.327911123  
0.8791316937  
-1.803490693  
-1.230417277  
2.102240555  
0.08340873504  
-0.5563226618  
-1.551015056  
-2.078224838  
1.259336618  
-0.6561294114  
-1.424706862  
-0.2883959693  
