0.07745105116  
0.5490570746  
-0.2573463127  
0.1720346101  
0.3146716072  
-1.205539759  
-0.1566040636  
-0.5621822013  
-0.5938853246  
0.0257726004  
0.08160588225  
-0.2196394972  
0.8703895265  
0.6747932964  
0.1439904257  
-0.4373633942  
-0.0417547764  
0.07345542967  
-0.2835502498  
0.6654085718  
-1.202660335  
0.1693889759  
-0.2144990392  
-0.2351281537  
0.2105934101  
-0.2195490171  
-0.2549542582  
0.7607584902  
-0.4491400701  
-0.4687566423  
-0.2255073108  
-0.4944684922  
-0.32355129  
-0.6030195876  
0.2545844481  
1.151645314  
-0.1234612967  
0.519946738  
0.6196962429  
0.3617161498  
0.6864809223  
-0.4432479818  
-0.1633488691  
0.09226886128  
-0.1049295096  
0.7219737123  
-0.1670019544  
0.1195838015  
-0.1691822431  
0.7308788585  
-0.3205291293  
0.4021007008  
0.4712039766  
0.479754261  
