1.156578414  
0.3073514978  
-0.725503792  
0.3962085394  
0.4401453197  
-0.6417264594  
0.5823421844  
0.4506905117  
0.7749966844  
-0.1457559295  
-0.7859800937  
-0.5149516878  
-0.1857593878  
1.187069976  
0.09608586276  
0.6744055776  
0.4255361069  
-0.2450413255  
0.5238434757  
-0.4760944618  
0.7521129266  
0.2745685028  
0.0701518403  
0.5997387261  
-0.01592602781  
0.9898489652  
1.834083118  
-0.3495005449  
-0.2670612391  
0.1430151003  
-0.4934147682  
0.04523532577  
0.1091361691  
-0.5195157536  
1.810659213  
-0.2432692978  
0.3889277754  
0.6217624053  
-1.177258234  
0.2437670491  
-0.02995372834  
-1.169867945  
-0.516759276  
0.488224978  
-0.335958319  
1.389881551  
0.6653562555  
-0.4486512784  
0.9647105135  
-1.05657688  
0.09086743206  
0.3111030502  
-0.5419735787  
0.2984892269  
