0.5466042727  
1.203011333  
0.1774632571  
0.3538115078  
-0.3788950987  
-0.2047905939  
0.7564027536  
0.7184865784  
-0.001465470392  
-0.3802501898  
0.197408439  
0.1676012919  
0.2724710078  
-0.07517720127  
0.1934346928  
0.4650090878  
-0.2260817521  
-0.05179539233  
-0.4619605945  
0.05727422792  
0.3503828943  
0.6964905264  
-0.9432834472  
0.1347958333  
-0.6018207563  
0.2540001906  
-0.06525481534  
0.4680448623  
0.10186232  
0.3839525428  
-0.5059796078  
0.4059598003  
0.04858886519  
0.05487116908  
-1.064912579  
0.3605200225  
0.2431052661  
-0.176775812  
0.1872228298  
0.2044426418  
-0.2096631908  
-0.5273279766  
-0.7643922028  
0.4207918796  
-0.2861964712  
-0.2369966227  
-0.3055606864  
0.5475121058  
0.6827784569  
0.1504676225  
-0.7024503171  
0.8324903876  
0.9425992139  
0.9385376613  
