0.003190596314  
0.9466979841  
-1.188471926  
0.3161383846  
-0.1094266762  
-0.859186544  
1.041927274  
1.563374589  
1.003126889  
0.3492512952  
0.9023130733  
-0.903226688  
1.218551855  
1.29837369  
-1.550396416  
1.075151559  
-0.8151516567  
0.6541769139  
-0.8138848723  
-0.7741097168  
0.5678543917  
-0.7087394917  
0.6997934898  
-0.4124529842  
-1.750627445  
-0.3971102411  
-0.9303483402  
-1.229131362  
-0.2318016212  
-1.026833245  
-0.7077308183  
0.3139246715  
0.1917111163  
-1.128164671  
-0.5617786727  
-0.124081087  
0.8181195334  
-1.47382197  
1.348912653  
-1.1144975  
-0.05189414731  
1.239213926  
-1.371867723  
0.05852867134  
-0.3631681602  
0.1331934756  
0.4900194742  
1.960392496  
-0.6601319979  
0.3505488433  
-1.52395253  
0.01630170643  
0.5959471315  
2.168327928  
