-0.1753784196  
0.5765183859  
-0.5892397902  
-1.084044716  
-0.5748755062  
0.3705359978  
-1.778649367  
-1.067319947  
0.1483079003  
-1.065344794  
-1.300772696  
-0.05692091161  
0.05158960921  
0.7205795318  
0.7737732411  
-0.1923514255  
-0.6886439886  
0.1014785454  
-0.6942155998  
0.09599062463  
0.487852398  
-0.5801988506  
-0.1096836339  
-0.1568150574  
-1.866679515  
-0.6559412106  
-0.7430866627  
0.07810841168  
-0.7016665685  
-1.014258071  
-0.8238817046  
0.1620065055  
0.5913295794  
-1.111343225  
0.4480361859  
-1.353585449  
0.05702506754  
-0.6618919948  
-0.3371423721  
-0.4373092016  
-0.8197627844  
1.229630187  
-0.07204449794  
0.9192550973  
1.172142621  
-0.4694268653  
-0.4333252324  
0.7218444712  
0.09106422288  
-1.456712495  
-0.5649372668  
-0.04235415806  
-0.5738218192  
-0.5299062369  
