0.005776459381  
0.1724148736  
-0.001844003608  
0.9551442623  
-1.078562764  
-0.6339835379  
-0.4233399234  
-0.3186765968  
-0.3710844448  
-1.090600992  
-0.07549762344  
0.630901293  
1.138826365  
-1.064514486  
0.2879597657  
-0.4735469536  
0.9261591749  
0.06197756411  
-1.510297842  
-0.1975050689  
0.1868858128  
-1.162915409  
-0.5005626615  
0.2704752475  
-0.3079221263  
0.7123331216  
0.8054531058  
-0.7643131264  
-1.476413166  
0.1111400998  
-0.88734723  
-1.361095768  
-0.4963489644  
0.8483858994  
-0.4847318244  
0.4309159139  
-0.9732158729  
0.3374042818  
0.4189163966  
-0.1196952846  
0.5491275311  
0.5114200158  
-0.8648179767  
-0.1908524087  
-0.1469233557  
0.09363594454  
1.582401849  
-0.7243763387  
0.4248940158  
1.168713635  
1.1374217  
-0.9560141085  
-0.11075292  
-0.3160772024  
