-0.2402219047  
0.5008299123  
0.1804823959  
-0.765065196  
-2.107608178  
-1.381135787  
-0.2628736663  
-0.1399754214  
0.5297484026  
0.1126509649  
0.02334595832  
0.1030177423  
0.07699061275  
0.1982704006  
0.8510000606  
-0.07404884316  
0.2062141049  
-0.3915237759  
0.5446001966  
-0.3619207516  
-0.6137911957  
-0.07168428253  
-0.635464857  
-0.5420349116  
-0.3829451713  
0.0699146172  
-0.4460063452  
0.04458537865  
0.6470989421  
0.6841971426  
0.7091139142  
-0.7244372808  
0.08606234242  
-0.5253491137  
0.4907052395  
-0.8574208105  
-0.1832404037  
0.134548845  
-0.2148241849  
0.6596753816  
0.01709664599  
-0.03621459756  
-0.3956766842  
0.3486115029  
0.3279577371  
-0.213333917  
0.9555648817  
-0.4981648126  
-0.5241873272  
0.06351382953  
-0.4624620114  
1.124732517  
0.1188606656  
1.468062706  
