-0.1813829792  
-0.01693194705  
0.5023439726  
-0.09446761633  
0.5579134814  
-0.5819947725  
0.3696632374  
0.6118779186  
0.2907739299  
0.08000880185  
-0.316619488  
0.2200301874  
1.212124001  
0.4442110871  
-0.8297742946  
0.2162012537  
0.4745241182  
0.2772524992  
-0.8979189408  
0.3868006518  
-0.06962412732  
-0.1634303943  
-0.1552890932  
-0.2158306736  
-0.3137984479  
0.3923278629  
0.2288112543  
-0.01622117608  
0.3152740188  
0.6437320317  
0.4124461668  
0.5797645807  
-0.3467339347  
-0.4949133997  
-0.5920393819  
0.1202674951  
-0.510348818  
-0.6442999757  
-0.3964667757  
0.5052884907  
-0.2769389804  
0.8880071904  
0.02102693828  
1.171861835  
-0.1315723253  
1.326494846  
-0.09595626088  
0.04219932564  
-0.7065307848  
0.08009942099  
0.4854162272  
-0.199429015  
0.8212132594  
-0.2418641463  
