-1.200745258  
-1.680616286  
0.2773046851  
-0.1745338624  
-1.393560301  
0.02586243346  
0.536804557  
-0.01583285066  
0.8225710606  
-0.5103219476  
-0.4058966234  
-0.2826648888  
0.5473066344  
-0.3748667484  
0.4431174761  
1.740324859  
1.268970391  
-0.9497610565  
0.8799692675  
0.7054237601  
0.2144347959  
0.9953209284  
0.003032733627  
0.009518187684  
-0.03642553989  
1.742137042  
-1.741043199  
-0.7683675934  
1.40468805  
-0.003848676319  
0.7079837557  
-0.836838476  
0.3886855263  
-0.1499522764  
0.3308371918  
1.116285686  
-0.5153312371  
-0.1672299398  
-0.6013505664  
1.500041627  
-0.4684494456  
0.3776946502  
0.122729632  
0.3662558137  
-0.6244048995  
0.261407294  
-0.4108224416  
-0.5800856477  
-0.9031492621  
1.10324132  
-0.1310408733  
0.6343870389  
0.8792398032  
1.923542584  
