0.699933174  
-0.4724682361  
-0.5571769552  
0.2219323802  
0.1229503393  
-0.0522290358  
-0.1102132531  
-0.178231312  
0.5533226262  
-0.06476236787  
0.8122345795  
-0.2673307191  
-0.25207399  
-0.280763502  
-0.1471892613  
-0.565016072  
0.2547213202  
-0.03868368305  
-0.7195873904  
-0.1359310705  
0.9045186194  
0.003052913908  
1.091283734  
0.01519519512  
0.3125049906  
-0.3138452574  
0.5432303874  
-0.4327992992  
0.3907937336  
0.4066599614  
0.008268310987  
0.236616505  
-0.006836119685  
0.2534097326  
0.7205501286  
0.4611037229  
-0.8936680777  
-0.184782357  
-0.1509727525  
0.8498996967  
0.02460579611  
0.8834139406  
-0.4894087216  
-0.4885511515  
0.4178442491  
0.2585570757  
0.2034594857  
0.5738698011  
-0.4700323095  
-0.03283966583  
-0.4006967875  
-0.02748718041  
0.2049215406  
0.04226659453  
