-0.7971560058  
1.149483914  
0.8876693169  
0.3851897659  
-0.1709387068  
-0.7903265127  
-0.2426816646  
0.2613320475  
-0.003481927973  
-0.3088718595  
0.5313901762  
0.8034466223  
0.5088254283  
-0.1670639282  
-0.0794016123  
0.01865378603  
-0.3534927905  
-0.41748605  
-0.1957687523  
-0.9276934972  
0.02355746049  
-0.1243892988  
0.2082576368  
0.1008821247  
-0.6677419735  
0.2242880817  
-0.4504456782  
-0.466923034  
0.2597315247  
0.1729699702  
0.7222207132  
-0.6168053659  
0.01620209144  
-0.1783445211  
-0.6435933057  
-0.302883309  
-0.9525547308  
-0.01995646818  
-0.008876383618  
0.5736469232  
0.5401968197  
-0.6169310681  
0.8415675977  
1.051168812  
-0.1938368172  
-0.7281758627  
-0.8167451682  
0.3936859126  
0.4542805877  
-0.4635536853  
-0.01813541858  
0.4723919038  
-0.2251567215  
-0.3456598845  
