0.2003745771  
-0.1888678605  
0.3234790337  
0.7480857167  
0.2955707778  
-0.7359313243  
0.032223645  
-0.8841636501  
0.4205174841  
-0.4737513121  
-0.2783289789  
-0.2018069879  
0.1961433735  
1.47310156  
0.1603080195  
0.3758755155  
-0.1153074669  
1.097905413  
1.246824883  
-0.09788934531  
0.5257906085  
0.03855396407  
-0.5660736125  
0.4169479639  
-1.046189269  
0.152920082  
0.250937624  
-0.7733320438  
-0.4329803822  
0.1233146202  
0.5041772642  
-0.6923997885  
0.2389929228  
-0.1972679344  
-0.1572499428  
0.1611365962  
1.30347605  
-0.9831002427  
0.2684844483  
0.4483291932  
0.4926124934  
1.201083835  
-0.3228824283  
-0.5841614622  
0.3324218902  
-0.3536103831  
-0.3818800258  
-1.582915799  
1.155969118  
0.8177639885  
0.462125734  
-0.467354049  
0.1913373012  
0.7242238919  
