-0.5518512965  
-1.193229035  
-0.002012768287  
0.8898556079  
0.1427477473  
-0.4835661845  
0.02460385878  
-0.09677122276  
0.2216566654  
0.4050965072  
-0.551050879  
-0.2386897289  
0.339724577  
0.3401844536  
0.4156376867  
0.7385767805  
0.3762294814  
-0.2532355417  
0.1274589945  
0.6912441483  
0.3782720128  
0.08238759263  
-0.4388304161  
-1.027347667  
-0.2793201977  
0.6899993697  
0.5527689595  
-0.09811007901  
0.5336730006  
-0.8991673375  
0.4478854364  
-0.1842067292  
-0.4191801086  
0.2622466246  
-0.8632930283  
0.4875764097  
-1.022987215  
0.2671896923  
-0.6471571224  
-0.09897929523  
-0.1257425778  
-0.6026100794  
0.1121759724  
-0.06081859794  
-0.03741833627  
0.1621830944  
-0.1000700656  
-0.1228570636  
-0.2411500267  
-0.157726456  
-0.3896518315  
0.180662177  
0.1770260075  
1.109451713  
