-210.4244296  
-543.791377  
-487.4609969  
458.6493655  
476.9258664  
-299.9869573  
93.23064985  
-183.7875164  
97.42718496  
276.9748002  
-960.6644608  
1022.076664  
-131.4756436  
-870.2317505  
-212.2637093  
57.76059803  
-94.41817715  
65.87522165  
-364.0168959  
64.80857779  
25.34346882  
-281.2401669  
-562.667255  
901.8968329  
-814.8082018  
236.3890497  
63.96645124  
172.9714109  
-112.9035781  
-198.9482593  
391.8625135  
-605.3035523  
-11.23445354  
287.5873758  
-300.4083478  
-578.3322601  
-126.6500332  
-299.5613038  
-175.9282664  
-675.2507641  
670.7777537  
-349.5139497  
259.391313  
88.47125927  
-225.1181761  
1204.534279  
-923.7922199  
-546.2294914  
224.7846864  
411.3121374  
-338.9758068  
-2887.254001  
-170.7834802  
836.4386928  
