1.048872687  
-0.8004496992  
-0.163107528  
-0.1317607037  
-0.3758448923  
0.7055927585  
-1.272024281  
0.423793681  
0.2112184901  
0.4029751181  
-1.190575212  
0.03008846719  
-0.6566525829  
0.1020915581  
1.232298951  
-0.1866029304  
0.3306176175  
0.7228108215  
-0.3836452908  
-0.3063536407  
-2.085408453  
-0.3046635555  
-1.365702605  
0.3113211474  
-0.0648787381  
-0.1018658859  
-0.7427956602  
-0.2921223187  
0.5852912419  
-0.02730884918  
0.8054396427  
-0.9827168934  
1.122872188  
-0.1663775444  
1.391454925  
0.1987965997  
0.9718062229  
0.346523362  
-1.494020736  
0.5439214141  
-0.6077517644  
-0.4230487706  
0.0639583773  
0.7717611012  
0.6521118494  
0.5118829621  
-0.705799009  
1.095349857  
-0.4702563158  
-1.165672976  
1.33521451  
-1.017415268  
1.8788924  
-2.432708838  
