-0.8461041173  
0.6826310757  
0.2259838884  
-0.554859659  
-1.440898401  
1.174994517  
-0.003073793472  
1.419197864  
1.092224829  
1.376311467  
-1.726183741  
0.9180895772  
0.0159185643  
0.07055524517  
0.5466667065  
-0.4702801439  
-0.1574434051  
-0.2568311067  
-0.2483425536  
0.6744164943  
-0.2173188415  
0.1464327475  
-0.4026811234  
0.6140991298  
-0.4603725088  
1.227624869  
-0.4122282964  
-0.3258802111  
0.4547170925  
0.4992282063  
-0.2380215747  
0.2293458184  
0.1278570117  
-0.3322171254  
-1.451595716  
0.5301898672  
0.1990624609  
0.9416405461  
-0.4579686407  
0.1665383119  
0.8038723964  
-0.5962557587  
0.0494406595  
1.274536796  
-0.09648600322  
-0.5792606658  
-0.7598284571  
-1.137086193  
0.2270965518  
-0.1959971839  
0.4066841293  
-0.3616435136  
0.6723054744  
0.2349522084  
