-0.05231216087  
0.3744859896  
-0.3979138548  
0.02341525337  
0.6671302427  
0.7001238478  
0.2460838868  
-0.3929767832  
-0.032753665  
0.5282219731  
0.2467461922  
-0.4145791889  
0.5055818959  
-0.08025792105  
-0.5188031765  
-0.09757951994  
-0.3871569781  
-0.4331158169  
-0.06129247688  
-0.2388481028  
-1.105647185  
-0.02277804183  
0.6432798684  
0.4530459278  
0.1590050849  
-0.08681700313  
0.4523674587  
0.5272055269  
0.04292094983  
0.381758257  
-0.1337172359  
0.3733237862  
0.116272044  
-0.1668054304  
0.01683466092  
0.02344666538  
-0.4144066249  
-0.4608032486  
1.061897821  
-0.2203315099  
0.511360996  
0.1271201555  
-0.4906518829  
-0.1303970803  
-0.06469504079  
-0.6599465491  
-0.3389870423  
-0.3174397499  
0.7508970047  
0.071138431  
0.2576610695  
0.61609911  
0.3083580621  
0.1184462168  
