0.1013848152  
-0.5675963958  
-0.9152863276  
-0.3882601354  
-0.988805525  
-0.06162292028  
0.06069618884  
-1.112434146  
-0.7756665905  
0.3098833176  
0.4062676216  
2.333276127  
0.2922718398  
-1.591226773  
0.5200822703  
-0.4034410081  
-0.07389270176  
-0.4434455103  
-1.161470035  
0.5900176478  
0.1619853182  
-0.3194173282  
-0.6614916936  
0.1131071379  
0.4774822619  
0.324637128  
1.383706561  
-0.07349457062  
-2.240022742  
-1.574405838  
-0.1776162091  
1.385031178  
-0.2726923211  
0.4505196472  
0.3164285574  
-0.6347827495  
-1.152060717  
-0.9994785521  
0.1788680666  
-0.9915742732  
0.9634352058  
-0.07415404476  
-0.4352081006  
1.552908111  
-0.1870505842  
-0.5810552815  
-1.360287928  
0.08582772309  
0.6430061998  
0.6156877345  
-0.4510730216  
0.08267793599  
-1.161168772  
1.201943206  
