-0.9867376424  
0.8627976951  
0.5304600926  
-0.3610438474  
-1.118984825  
-0.143772732  
-0.09837717372  
0.6299398723  
0.5878831878  
0.7617406825  
-2.144775296  
0.3329914906  
0.2954524132  
-0.3853547364  
-0.02148932171  
-0.7895032994  
-0.3011852096  
-0.7167808693  
-0.5794619287  
-0.5523392695  
-0.601970815  
0.3012427538  
0.06863442552  
-0.6678240426  
-0.3902743272  
0.3391665789  
0.3055438083  
-0.4108570436  
0.5377278304  
0.3732314712  
-0.2301207174  
0.3398491576  
0.2528978766  
-0.8889652397  
-0.7456258962  
-0.4156733345  
-0.4087463212  
0.3872932506  
-0.651986519  
-0.1472437818  
1.360056372  
-0.6376513259  
0.06496827949  
0.8655960805  
0.2828033621  
-0.4693359958  
-0.7758108771  
-1.542340706  
0.2035090692  
-0.5387115565  
1.286173107  
-0.3867299677  
0.407144266  
0.6249462909  
