0.404045461  
0.3030414841  
0.1212726864  
0.7447460645  
0.2436770668  
0.1750120068  
-0.1319650155  
-0.9270145678  
-0.1172927301  
0.7143827489  
0.7093143442  
0.2483390944  
-0.4065779764  
-0.7745628575  
-0.6967673039  
0.6107126566  
0.284231908  
0.7389978286  
0.05931954237  
-0.1206337996  
0.09658177255  
-0.2290488454  
-0.5348041108  
-0.1290094568  
-0.4251902627  
-0.5535077092  
-0.2849406921  
-0.1429583474  
-0.6082903482  
0.007590173548  
-0.2520025963  
-0.1726951674  
-0.1349422514  
1.15553118  
-1.150654396  
-0.4501069562  
-0.2722206023  
0.3438567225  
-0.07216332754  
-0.03114351139  
0.3911013548  
-0.2686444975  
0.8908891184  
0.5157161866  
-0.04893463289  
-0.4682994978  
0.3516953473  
-0.3542120222  
0.01863528422  
-0.4102570006  
0.3291447215  
0.3811348367  
0.539805594  
0.7933416534  
