0.7508704702  
-0.5249114726  
0.1019115402  
-1.534894097  
-0.3593204636  
1.14352442  
-0.2584584231  
-0.8125048572  
-0.3560100188  
-0.7214170181  
0.26885465  
-0.9128041597  
-0.2698266483  
0.9214254026  
-0.1315680049  
-0.355403888  
-0.4005934008  
-0.6194033923  
0.0968250812  
-1.427980756  
-0.1612211351  
-0.4199514552  
0.4880485894  
0.323909034  
0.05800428769  
0.1264299318  
0.01599904562  
-0.1198187278  
0.02770241395  
0.5872987456  
0.8463099688  
0.7322869958  
-0.6491308832  
-0.6901288693  
-0.7136990214  
-0.4457794483  
-0.3126361946  
0.4504331175  
0.4192801342  
-0.5231482058  
-1.327913965  
-0.06137723393  
1.207263083  
-0.4423871099  
-0.3004317606  
0.2957358775  
1.766152265  
0.6096410325  
-0.7145300522  
0.0002873272579  
-0.7741535311  
-0.7741898186  
-0.006585699841  
-0.06266591234  
