-0.3507347581  
0.1724383301  
0.4885018856  
0.1802584637  
-0.2545691688  
-0.4283508848  
0.5448348898  
-0.5063370982  
-0.06220564772  
0.08523299427  
-0.06159940365  
0.3850387112  
1.0303957  
-0.4259484394  
-0.1625953511  
0.5466385625  
1.026044216  
-0.5997307963  
0.07230926122  
-0.5551806303  
-0.1862636005  
0.1648566892  
0.6830580385  
-0.3297530679  
-0.2037766833  
-0.9454388369  
1.025121432  
0.4931498881  
0.388318814  
-0.4100408806  
1.151162691  
1.166206914  
-0.06243525302  
-0.6870368586  
-0.425045416  
0.2937483669  
-0.1725669446  
-0.02140638852  
0.2110624541  
0.1441131948  
-0.2620425321  
0.8815616713  
-0.3118152815  
-0.6199534885  
0.1497074011  
0.1429701987  
0.3556252672  
-1.177230672  
-0.5577738922  
0.6891460075  
0.2023137197  
0.7583502905  
0.8725664443  
2.417544858  
