-0.791311788  
-0.1159990307  
0.366918698  
1.986356751  
1.488407121  
-1.350437308  
-0.6601878808  
0.5406683184  
-0.2701191255  
2.249533779  
-1.445256857  
1.077052465  
-0.06354437056  
2.547860931  
-0.9590440708  
0.2113466777  
-0.5186330855  
-0.5261250415  
0.1566691066  
-0.5820947009  
3.160682804  
-0.5701223485  
0.7823675564  
-0.4712855132  
0.08089373732  
-0.073834027  
-0.0647290967  
-0.7754648573  
-1.732955109  
0.7403512229  
-1.122013266  
-0.5978967004  
-1.136551566  
0.8583655147  
-0.9234841387  
1.956988215  
0.8015892087  
-0.7443971726  
1.073407026  
0.07852277598  
0.3990819305  
1.791506655  
1.569872295  
0.4776339903  
-0.0425692937  
-1.770915289  
-0.7430973309  
-1.122128331  
1.17799021  
-0.2378227369  
-1.380190425  
-0.6161628694  
0.5883527828  
1.554531024  
