-0.01465997304  
0.09281562301  
-0.3029195747  
-0.1875429201  
-0.02089011225  
-0.3545324392  
0.1492122515  
-0.05581211761  
-0.3150151556  
-0.01624087559  
-0.2871667662  
0.1390791514  
-0.05062517524  
0.09275344973  
-0.1702378623  
-0.003735729995  
-0.3500660436  
0.04682251539  
0.2663662171  
0.06299558468  
-0.3585752554  
0.1960170365  
-0.1202005447  
0.3704025483  
-0.06997728319  
0.2569112263  
0.1970571034  
-0.2197564126  
-0.04863149425  
0.01635141313  
-0.05600149048  
-0.1226016432  
-0.001983852466  
-0.1316977078  
-0.06999963225  
-0.1123124144  
-0.2141077367  
-0.2212862769  
-0.288754717  
0.04790298  
-0.3934940674  
-0.04025905726  
-0.09674679431  
0.4142040032  
-0.1046771973  
0.05820645437  
-0.01047392755  
0.01917251629  
-0.1279886364  
0.04177497227  
0.1668803132  
-0.05254526279  
-0.2607593161  
0.4436859254  
