0.06044774983  
0.461134266  
0.1322331587  
0.2191590375  
-0.5348523138  
-0.3113822597  
0.06721843252  
0.0746046957  
-0.00176474041  
-0.01981260779  
0.289726689  
0.7258014153  
0.4593270688  
0.5842830335  
0.1199358677  
-0.4219645646  
0.1329868931  
-0.9368565655  
-0.3016286935  
0.06741401085  
-0.3553979234  
-1.067593782  
-0.2514936581  
-0.1265507161  
-0.4696033074  
-0.3870693713  
-1.610407652  
-0.1827467322  
-0.3326502332  
-0.3717527264  
-0.5495233232  
0.4234731406  
-0.004144310284  
0.3444982097  
-0.1853084151  
0.08820790204  
0.07118178407  
0.1888511102  
-0.2790695804  
0.001844975793  
-0.0144056637  
0.05171772046  
0.0542693714  
-0.4614361548  
-1.229281224  
0.1317696338  
0.1046109938  
0.3808859701  
-0.5843898667  
0.04538077112  
-0.191070387  
-0.3736021056  
-0.6097465006  
0.5962986431  
