1.344539565  
-0.7063610818  
-1.466741272  
-1.911285473  
-1.221907769  
0.2146915054  
-0.6645292114  
-1.718809401  
0.06128157067  
-0.1445561126  
-0.1787955849  
-0.6807195536  
-1.657068378  
0.4910670469  
0.3502492307  
0.0122093174  
0.2945715428  
-0.8635051011  
-0.05535973452  
-1.785914967  
-0.62570575  
-0.3375512768  
-1.892921332  
0.1953246119  
-0.290495254  
1.379998683  
-0.4631801452  
1.074207846  
-0.996288196  
-0.7834185582  
0.9818530765  
-0.1294881509  
-1.798141338  
-1.469197498  
-1.181127493  
-0.2920765315  
-1.278549662  
0.6265772926  
-0.3288684452  
-0.6319377171  
-0.6557602561  
-0.3062444458  
0.5544924638  
-0.3575897111  
-0.3550886622  
-0.01754567766  
0.9211843657  
-0.6071959318  
-0.8766203156  
0.8401894452  
-0.4198408521  
-0.9616746252  
0.5643977031  
-1.314585125  
