-2.172675021  
0.5705630332  
0.2036614258  
0.3184225732  
-0.5822641636  
1.226663997  
1.016877793  
1.092107681  
1.687400986  
0.6130294697  
0.3518713655  
1.181313756  
1.410340615  
0.6873723907  
1.034998021  
1.365453485  
1.147483989  
0.4699494742  
0.234340164  
0.9771048723  
0.5486978554  
0.5974327964  
1.121497403  
0.9113927481  
-0.05865426721  
0.8184482341  
-0.3610280209  
1.377629549  
1.084063287  
1.086550561  
0.2287506582  
1.414879848  
1.173598865  
0.1115735299  
0.3123858973  
0.3537081371  
0.963331854  
1.531283642  
0.6104588128  
1.722061473  
0.1143646217  
1.471073149  
1.438224864  
1.268342081  
0.6924369879  
0.9978644866  
0.7767232167  
0.2308869523  
0.21811338  
1.643322567  
1.145177128  
-0.1595730261  
-0.3149879205  
-0.3677644289  
