-0.2561045182  
0.3099154907  
-0.8406675298  
-0.1372802681  
1.743272209  
-0.08983784294  
0.7398218016  
0.2012516487  
-0.2910853972  
-0.06996845239  
0.5214264188  
0.4708536962  
0.6686737082  
-1.082651498  
-0.1927186887  
0.1104974667  
-0.2109324707  
0.5832428655  
0.210931928  
-0.838490104  
-1.103739923  
-0.2625543163  
-0.3576125407  
-0.2849265083  
0.3585575627  
0.007729139777  
-0.2975641276  
0.8255893152  
0.1463462843  
0.6725482769  
0.581438436  
1.420289024  
0.06676950201  
-0.00424392988  
-0.008872702235  
-1.956384455  
-0.1729918514  
0.09931742546  
0.8928716436  
0.3066966691  
0.2605664646  
-0.04309553528  
-1.006664065  
-0.03559330439  
-0.3288251561  
-0.002022485514  
-0.2442668616  
-0.3437091181  
0.8732787191  
-0.2751435352  
0.8987674716  
0.2369076913  
0.4254507815  
-2.550712265  
