-1.268720882  
0.7897501206  
0.3039751583  
-0.9610594078  
-0.5748755062  
0.6376204882  
-2.455214068  
-1.059018253  
-0.07263357887  
-1.399676461  
-0.3729492654  
0.08402889723  
-0.9562276859  
1.319928931  
0.6109932566  
-0.05000099974  
-0.7538257788  
0.1486787466  
-0.9877605099  
-0.1638019859  
0.04274466241  
-0.5707606145  
0.7496348798  
0.1932499516  
-2.074909572  
-0.8208807369  
-1.072386869  
0.3697970166  
-0.5459946746  
-1.283038096  
-0.4062316265  
-0.7813315109  
0.3712917239  
-0.2019351618  
0.8709908793  
-1.191700165  
-0.1970127799  
-0.9057855851  
-0.8645605652  
-1.677643791  
0.04057021386  
1.84277532  
-0.01222708346  
0.2023029883  
1.131409223  
-0.4551341538  
-0.4333252324  
0.15690301  
0.271694099  
-1.539064306  
-1.33269165  
0.2604135706  
-0.3935579957  
-0.5299062369  
