0.9452473163  
0.3205793776  
-0.03930868795  
-1.34445601  
-1.226187557  
0.7681857413  
-1.89867576  
0.7237109309  
-0.1820281042  
0.1703204705  
-0.4838047886  
0.7690330044  
1.323925327  
0.6026942978  
-0.6074309168  
-0.8527951212  
0.3040855076  
0.6632204737  
1.433744972  
0.5188097757  
0.009179058592  
0.3635642131  
-0.2929958259  
-0.8639927402  
-0.08469693791  
-2.189368439  
0.04470638451  
-0.5380302482  
-0.5168716736  
1.186442328  
-0.3771938345  
0.2402075707  
-0.9742641243  
0.6404245072  
-1.576592633  
-1.826370152  
0.176049627  
0.7902376295  
-0.4681854873  
-1.023292912  
-0.2573342368  
1.124590626  
0.08678084383  
0.4892094839  
-0.08143850651  
-0.27959532  
-0.808057279  
-0.8551596571  
-1.837604182  
-0.541900312  
0.6400467272  
1.067770015  
-0.9881842949  
0.2294901638  
