-0.02450023467  
0.325808939  
-0.4194831531  
0.70187278  
-0.6130077277  
-0.4666636519  
0.7031318363  
0.3755381465  
-0.1218034271  
-0.09116798429  
0.3483689592  
0.1704912765  
-0.5920378214  
0.227579288  
0.3762322695  
-0.4491727627  
0.4389743486  
-0.1733207778  
-0.6555887585  
-0.6907329735  
-0.2341761037  
-0.7064721866  
0.2939007643  
0.2574708299  
0.3577731049  
0.549791133  
0.9695535427  
0.8045597856  
-0.04368929981  
0.4070610219  
0.09793913192  
-0.6288996245  
0.6424627317  
0.881090108  
-0.2287574555  
-0.008915214622  
0.1938036706  
-0.3199463958  
-1.300177838  
0.1066906127  
0.1213973067  
0.3890912234  
0.5536144781  
-0.8507187657  
0.09294026193  
0.7047785636  
0.5952543229  
-0.08984521059  
0.07125484405  
0.6406046882  
0.4353371105  
-0.02852884787  
0.6521887338  
0.0793583789  
