-0.2768449977  
-0.2451688128  
-1.099879761  
0.6671026581  
0.8404881023  
0.6956382492  
-0.2412191835  
-0.5899263665  
0.6421291458  
-0.2448344856  
0.7452755552  
0.3279342698  
-0.3393753584  
0.6516010536  
-0.255382176  
0.135865344  
-0.05717806317  
0.2298750329  
1.698977568  
0.1245368537  
0.07860761164  
0.6584352556  
-0.1190286628  
-0.4110245829  
-0.4207055868  
-0.10369531  
-0.06699274254  
-0.5633431033  
0.1609797585  
0.04442545987  
0.4884086764  
0.4379110689  
0.8424816136  
-0.3029420048  
0.7518159295  
-0.3723974571  
-0.1498345538  
0.7548989829  
-0.8149237384  
-0.2727857811  
0.1284730062  
-0.06385264937  
-0.5673232676  
0.8281189756  
0.07484313151  
-0.8429831581  
-0.1391666244  
0.9850073528  
0.008454185156  
1.117095851  
-0.5075006775  
-0.5043655171  
0.3845450884  
0.2234527211  
