0.5089484212  
0.4758792938  
0.9417949525  
-0.9188929601  
-0.8641339649  
-0.494646874  
-0.06172958703  
0.6731204057  
-0.2867027877  
0.4384893427  
0.05009785963  
-1.510222019  
1.556005221  
-1.507967173  
0.9370880895  
-0.4625696019  
0.8701781263  
-1.108096728  
1.49113858  
-0.170195128  
-0.6214636719  
0.694245886  
-0.04186739116  
0.240867953  
0.272564772  
1.09345143  
0.4157641962  
0.05969735865  
-0.817216642  
0.8638482925  
-0.6629371295  
0.3482824906  
-0.7188784646  
-0.7586606674  
1.773701721  
-0.7578204335  
0.245042531  
0.4763021853  
0.6688674888  
-0.1606087742  
-0.07407601818  
1.214300274  
-0.7151867281  
1.760452102  
-0.05428734622  
-0.2336879621  
0.1369002616  
-0.4064964658  
-0.8340232329  
0.5468921051  
0.2914999642  
1.139321723  
1.138137585  
-0.9882540186  
