0.7306954699  
0.5838854926  
0.3703166576  
0.461360585  
-0.07579526374  
0.2024711037  
0.3613574043  
-0.5467302625  
-0.5227853887  
-0.4083126282  
-0.5405815117  
0.4226276853  
0.003789374087  
-0.228473868  
0.11697213  
0.1562396043  
0.1306120724  
0.5303107427  
0.02114386572  
0.2615174308  
-0.8715023354  
-0.2432617904  
-0.4928498406  
-1.187962551  
-0.5920993453  
-0.2589346821  
-0.5986763543  
-0.6440901875  
-0.3674006537  
0.04943509699  
1.092361041  
-0.3202229232  
0.4177877199  
-0.3985639752  
0.5320119169  
-0.10637952  
-0.6441973756  
-1.018599173  
-0.9986664837  
0.3828481402  
0.3932272831  
-0.1970402601  
0.8761970273  
0.5474658998  
-0.1950984235  
0.2990563584  
0.4208082306  
-0.8857411198  
-0.6573447873  
-0.05863879103  
0.254845967  
0.5556001702  
-0.1208795541  
-0.03384159302  
