0.4421844143  
-1.78790083  
0.4303559243  
-1.390243439  
-1.151531349  
0.8764401666  
0.05507202026  
0.0003022364317  
-0.1937069899  
0.4993403168  
0.1104655243  
1.141376868  
0.3394338985  
1.381152031  
0.250356949  
1.044875192  
0.03263060395  
0.1647160612  
-0.9988739395  
1.307508636  
-1.078636154  
0.8220791857  
3.730939142  
1.236464818  
0.2249223231  
-0.5693897402  
1.703865691  
1.099739549  
-0.7767839836  
1.548758673  
-0.6214382172  
-0.05208635937  
-1.647533216  
1.068146677  
2.318800781  
0.5672163764  
0.427292849  
0.5354898579  
0.823592475  
-0.4527197085  
2.524191805  
0.9585697842  
-1.602643598  
0.4726169546  
-0.4792119429  
0.08903020362  
-1.516907866  
3.587380587  
1.499033088  
0.394512371  
-0.2605010003  
0.68030482  
-0.1443406033  
1.112710745  
