-0.5010159077  
-0.2143177342  
-0.4933093828  
-0.7503991362  
-0.5828271018  
0.08705913561  
-1.587979734  
-2.174711051  
-1.887549638  
-1.127595553  
-0.3474188676  
-0.2966900248  
-0.4663174173  
0.5372700236  
0.03403050276  
-0.2007012169  
-0.9457181432  
0.2875166461  
-0.4631003237  
-0.2656087223  
-0.6897730927  
-1.280165215  
-0.93964681  
-0.2818313782  
-1.357178971  
-0.6151579429  
-0.7918997472  
-1.207166493  
-1.334964362  
-0.8236564327  
-1.401278561  
-0.03651290902  
-1.030448331  
-0.2453038523  
-0.3211680793  
-0.8902071468  
-0.6409925921  
-0.1644495108  
-0.2844377686  
-0.4955065811  
-1.079676647  
-1.21626203  
-1.271664581  
-0.642132464  
-0.8536909071  
0.41035055  
-1.931384108  
-1.90070425  
-1.400079873  
-0.6658262312  
-1.498092293  
-0.5018528951  
-1.719521606  
-1.427399355  
