0.3102359083  
0.9130819927  
0.5200836149  
-2.563145026  
-1.379209561  
0.1280954987  
-2.154564106  
0.29784262  
-1.119404887  
0.8565471  
-0.8558636785  
-0.3202464488  
0.9511648997  
1.709754903  
-0.5881052023  
-1.384041701  
0.6320996054  
-0.1184591458  
-0.9310741597  
1.245258834  
0.5121961955  
0.7773312793  
-0.1428550655  
-0.6956451316  
-0.8023395647  
-0.5217581673  
-0.1825216781  
-0.960429308  
-1.796438557  
0.3589838864  
-1.155239722  
0.07863113042  
-1.988930644  
1.305856045  
0.2719105775  
-2.270533181  
-0.5675744175  
0.2422709394  
0.8429830129  
0.4183815852  
0.8405525042  
0.1675540757  
0.02282165517  
-1.17358875  
-0.008162153974  
-0.4920938961  
-1.707993272  
-0.6407104792  
0.9672568526  
-2.351684079  
1.314079304  
-0.02314046407  
-1.073656175  
0.2324002081  
