-0.4523786516  
0.1534302563  
-0.5757783067  
-0.7506459968  
-0.1845438257  
0.5643496303  
0.6921423846  
0.00324522906  
-0.04603742193  
-0.07568369302  
-0.07347586583  
-0.1773903208  
-0.3402719936  
0.1939917453  
0.2336815388  
0.7888527996  
0.1721828969  
-0.4424235143  
-0.1880037798  
-0.2884018675  
-0.03847812019  
-0.01800687676  
-0.5949224196  
0.3979665501  
-0.01855895405  
0.3368043076  
-0.5336132968  
0.1757186337  
-0.6519109764  
0.2179016204  
-0.8370381795  
-0.3696898697  
-0.7977172205  
0.4171978661  
0.1448125217  
-0.5349907849  
0.06380021326  
0.1198570342  
-0.7261713533  
-0.2048868578  
0.2272090545  
0.8620488527  
-0.4484990695  
-0.2730406454  
0.3977366379  
-0.23185893  
-0.3438273245  
-0.8637092522  
-0.4341046521  
0.4513965809  
0.6129195495  
0.6960969977  
-0.7887240388  
0.2062704  
