0.5425147589  
-1.155900133  
-0.282600305  
0.5193900788  
-0.212442498  
0.4953373784  
-0.1312280165  
0.1753366441  
0.1911928279  
1.483325753  
-0.60270977  
-0.4863331919  
0.7769351483  
0.1944890861  
0.3848963406  
-0.2504862104  
1.106429906  
-0.1686725635  
-0.2185627415  
0.7490779015  
-0.3594589839  
-0.672730962  
-0.4890743922  
-0.4058874665  
0.2713746162  
-1.09874997  
-0.2918263836  
1.355910019  
0.5734079947  
-0.4243576865  
-0.05926796812  
0.3685186538  
0.369894956  
0.7372035105  
-0.2917915038  
-0.7380732324  
-1.641858464  
-1.090196118  
0.2175884403  
-1.554760293  
0.9314090432  
1.124978835  
0.7657328084  
-0.2936975747  
0.7039150355  
0.08468020372  
-0.6887095699  
0.567596298  
0.0170536743  
0.5609173883  
0.1464511282  
0.5612808369  
0.02805875715  
-0.3964423583  
