-3.099472291  
-1.022318405  
-1.337235058  
-3.079785305  
-0.3134236007  
-0.09387324268  
-0.9643371938  
-0.1209944191  
-2.816715591  
-3.026242971  
-2.260386481  
-4.60239315  
-3.987688605  
-0.728905591  
-3.620372997  
-2.578362058  
-1.859778386  
-0.3901321993  
-0.6439525627  
-1.510888331  
-2.356787436  
-0.5553955773  
-0.8640991883  
1.029174245  
-0.8875480627  
-1.790135384  
-2.34069818  
0.1231486789  
-1.706723003  
-2.33055234  
-0.5399997762  
-0.2346643827  
1.479481834  
-1.867921065  
2.131476658  
-2.097161149  
1.105973933  
0.3641629254  
-1.87356938  
-3.410216254  
-3.986543459  
-3.087945819  
-2.170766164  
-2.076207739  
-3.212620553  
-0.2249334657  
-2.097641096  
-1.600531827  
-1.535921267  
-0.4168162218  
-0.2952143313  
0.101579805  
-1.339518539  
-1.316437069  
