-0.4703907991  
0.09744406011  
0.2289380319  
-0.005602984841  
-0.0208310202  
-0.7428096014  
0.6788572103  
-0.3396112844  
-0.5289042879  
0.7973319865  
0.5212787653  
-0.1140503515  
-0.2705543187  
-0.2641002045  
0.423051179  
0.01551872333  
-0.07918570782  
0.4183144513  
0.4843776316  
-0.398617418  
-0.1364977161  
-0.2298318122  
0.2868173685  
0.2767141819  
-0.396052123  
-0.1831489541  
-0.6949792328  
0.1146505974  
0.1730043176  
0.1934416906  
1.371371658  
0.5589028568  
-0.349949725  
1.086265174  
0.1575605216  
-0.2366817204  
1.020667198  
-0.1830689376  
0.2416128259  
0.141415551  
-0.4666245907  
-0.3797093109  
-0.065305281  
0.108258246  
-0.4223512666  
0.5086251029  
-0.2138494475  
0.4715614028  
0.4533572034  
-0.3340417093  
-0.256397258  
0.577408373  
0.8205128627  
0.01941647743  
