0.1446251028  
-0.6452306928  
1.762272158  
-0.5329063645  
0.1666672563  
-0.55026954  
0.8738213948  
1.010072382  
-1.348159509  
-0.04011640939  
1.867825669  
0.981873223  
0.9670783983  
-0.4701457944  
-0.590466498  
0.7092838949  
-0.6679154249  
-0.1130825307  
-0.4667998791  
-0.8897379606  
-0.05209569019  
-1.219349461  
-0.9253025614  
0.5734550876  
-0.4110705204  
-0.2789755448  
-1.46155157  
0.627801971  
1.917575198  
-0.7899260255  
-0.7391083663  
1.26355488  
-0.3668511256  
-1.205892711  
1.562422926  
0.6079047725  
-1.520420003  
0.5679222972  
0.667606295  
1.156428974  
-0.9147349434  
-0.2218369807  
0.5581835749  
-0.1814418902  
0.07164221498  
0.3193187608  
-0.3690781365  
1.447958804  
0.498345996  
1.143700627  
1.376570056  
-0.4948305422  
1.007911196  
-0.09536331426  
