27.26261057  
5.540934483  
-2.396286414  
-39.17551948  
62.21225546  
188.6186832  
-19.24626481  
-30.13079686  
60.12035571  
7.026912553  
165.0567663  
13.84923649  
-0.3757415988  
24.1718365  
25.96377817  
20.09273048  
-8.769439307  
-59.977349  
-87.06263615  
-76.64127636  
-5.698433079  
-18.48262209  
-102.4947351  
34.45399721  
20.97617941  
6.20303109  
-25.85943166  
93.01245983  
11.90672258  
20.43125222  
-67.37617889  
17.46527913  
-6.585633423  
-7.104903452  
-7.761476625  
52.23366581  
31.36240565  
152.0010195  
8.81515318  
34.08865247  
-42.65123018  
-125.2173049  
-14.50827272  
14.18548761  
-13.08737667  
42.16985092  
5.51456879  
-1.698550241  
102.0065057  
5.602147676  
-27.09530575  
-97.17152636  
-12.8143213  
-43.97315097  
