-0.8260447397  
0.5097831653  
0.4482231447  
0.2687217322  
-0.5161296994  
-0.1279515206  
-0.115794232  
-0.1880521439  
0.0670740398  
0.5786151283  
0.01791866952  
0.4324703451  
0.8932808598  
-0.1941515537  
-0.5140674198  
-0.4528252276  
-0.4538195094  
-0.111267526  
-0.2282177274  
-0.09799644319  
0.04841392527  
0.1486817351  
0.03785357271  
-0.674011111  
-0.8456147705  
0.2617392201  
-0.1201044988  
-0.1515041017  
0.3182977448  
0.8248944781  
-0.5618638444  
0.7073986889  
-0.2177998348  
-0.5433074351  
-0.9474297717  
-0.1986632497  
0.4869755582  
0.3873940885  
-0.4888874203  
0.2408236185  
0.651933137  
-0.5142467257  
-0.3857995234  
-0.3082205314  
0.3979319397  
-0.06736348432  
-0.5771206992  
-1.448927344  
-0.2042639196  
-1.134053898  
0.9111998953  
0.1020559519  
0.1759234445  
1.014917111  
