-1.061313  
0.3055755484  
1.001719733  
-1.057867817  
-0.3096992253  
0.339981229  
0.6606114941  
0.7429262748  
-1.19880333  
-0.2599025352  
-2.125075484  
0.6905609726  
-0.3418559926  
0.1406841773  
-0.148108508  
-0.3359010047  
0.4065727834  
1.741395561  
-1.077931485  
-1.241901873  
1.360952782  
-0.4798069298  
-1.755793494  
1.349269963  
1.193400821  
0.04855254084  
-1.29142117  
0.08406785722  
-0.08196127327  
-0.9167222817  
-0.5441713048  
-1.278396755  
-1.544128264  
0.3259831172  
-2.503718341  
-0.3247891742  
-0.0224967571  
0.3880167954  
-2.110190826  
-0.2406951399  
-0.4819287894  
-1.720926937  
0.6709341784  
1.259307105  
1.110498553  
-0.3528165892  
-0.2668328737  
-1.299994364  
1.858062502  
-0.1130075095  
1.925269814  
-0.4114297015  
1.005052624  
0.275706604  
