-0.8417585442  
1.894734065  
0.7031956258  
-0.3176483949  
-1.302977782  
0.1235556526  
1.036167141  
3.122748064  
-0.5189146547  
-1.210484787  
0.8832770793  
-0.4484978553  
0.06649810102  
-0.06966736683  
-1.143463314  
0.2234151986  
-1.036187626  
1.482919649  
-2.145336599  
-1.165300303  
1.205852482  
0.1136774131  
-0.6153118776  
0.5565178711  
-0.5481430449  
0.7045135586  
-0.9017337801  
-0.3443223735  
-0.7146554257  
-1.349151677  
-0.513054723  
0.3213608137  
0.164520916  
0.4809883772  
-1.599406543  
0.4655740005  
1.551555996  
-1.276983548  
0.3990939374  
-0.8127684639  
0.6792719311  
1.127181876  
-1.23381663  
-0.6009158672  
1.122739461  
0.6486544598  
0.8150377016  
0.09460853734  
-0.2506166694  
0.740468405  
-1.131813474  
0.7228746347  
1.142933282  
0.8542686471  
