-1.688475749  
-1.965433149  
0.7016705275  
-4.250025777  
-0.9352295719  
-0.7413208266  
-2.963828073  
-0.910499016  
-0.2167395833  
-2.511287304  
-0.8537191678  
-1.330614814  
-2.194716047  
0.8736551312  
2.201206972  
-0.206180867  
-2.082394894  
0.6265710088  
0.1844354191  
1.115364998  
0.2846668818  
-0.2505631688  
3.087668251  
0.85062872  
-0.4944605985  
-0.4166573663  
-0.5079221112  
-2.253025239  
-1.357492914  
-2.2009691  
-0.4940996896  
-1.983478397  
-0.09107621096  
-0.4928101501  
0.3186555139  
-1.969946957  
-0.9663930229  
0.1389612918  
-0.7187553166  
-2.553923754  
-3.551526638  
-0.009782229934  
-0.3517724227  
-2.309323277  
0.6311090637  
-0.5998315835  
-0.2439031485  
-0.1413231466  
-1.0669811  
-0.1641715081  
-1.314423406  
0.6433878046  
-2.516823067  
1.180475729  
