-18.0759481  
-14.81988116  
-19.22583931  
-11.88281412  
-43.68784783  
-58.11505032  
-27.02276984  
-36.54175829  
14.54727491  
-10.13581093  
-22.02796339  
-18.11323388  
-7.332727921  
-8.748444601  
5.156431137  
7.864396911  
-60.06294356  
-18.76483977  
-15.92192057  
-32.94833602  
4.381003851  
-68.34220482  
-5.583447585  
-2.010861618  
-31.76783239  
-22.26717492  
-24.3905093  
-55.96458722  
-29.47021446  
-28.39567475  
-56.60978578  
-8.768531889  
-30.51744512  
-7.234615931  
-41.41079479  
-23.01053544  
-16.04744125  
-5.836850987  
-12.27250525  
-26.10437498  
-27.05912  
-18.25240672  
-17.70604469  
31.32114348  
-30.25913801  
-37.15042326  
-77.0405907  
-39.04874753  
-21.47555048  
-72.85552302  
-33.08927422  
22.02652076  
-8.920125413  
3.316457145  
