0.524591532  
0.6766872011  
-0.04876376487  
0.4319563134  
0.3582850161  
-0.3656905961  
-0.2713726472  
-0.2282501125  
-0.4596272949  
-0.01786834951  
-0.4444095472  
0.6113457822  
-0.2473615053  
-0.1223828337  
-0.3077130377  
0.1929256298  
-1.084329286  
-0.4777468138  
0.2895519966  
0.01021239926  
-0.6483564766  
-0.2102028015  
0.3608016686  
-0.00230617374  
0.465037321  
-0.6625212018  
-0.2570627715  
0.2479505975  
0.6399479125  
-0.06234454888  
0.06115984805  
-0.02258536705  
-0.2832141855  
0.2484461217  
-0.7969914117  
0.7433174083  
-0.6044932219  
-0.1942972998  
-0.5430849826  
-0.2543713704  
0.4640855993  
-0.04554328369  
0.01337539026  
-0.3059725134  
-0.1573396023  
-0.8661465617  
-0.01139297427  
0.5689558899  
0.1801141981  
-0.2133851488  
0.2080948536  
0.008234229341  
0.2183037894  
0.866083385  
