1.279851288  
0.1959848084  
-0.3696983715  
-0.3759965563  
-0.4577862409  
-0.6794020431  
0.4050122726  
-0.5682384951  
0.1853451428  
0.1306869805  
-0.291210263  
0.2499936088  
-0.1662111544  
-0.03054636627  
-0.5926863832  
0.7097842521  
-0.2089092474  
0.7293550265  
-0.09824378849  
-0.06817972063  
-0.5413800672  
-0.5595336571  
-0.7401964471  
-0.6942570585  
-0.2273956014  
-0.7041382973  
-0.6040159393  
-0.5741100967  
-0.3921171597  
0.244267885  
0.7399837124  
0.5302349478  
0.4180225012  
-0.3928450222  
0.1330183963  
0.8943971843  
-0.4985765422  
0.5073015974  
-0.4038349004  
-0.4615113752  
1.039507314  
-0.6773049511  
-0.2307025943  
-0.657230119  
-0.0869788039  
0.1200983884  
0.3526392848  
-0.9191279106  
-0.1378998329  
-0.701350324  
-0.2205850227  
0.3687172625  
0.6298979633  
-0.2015476396  
