-1.219972308  
0.07367674519  
0.07276324734  
-0.4407120203  
-0.05812108154  
-0.4001546317  
0.5517015946  
0.2709250152  
-0.5332940789  
-0.08513694163  
-0.8232574775  
-0.0893150536  
-0.9036216005  
0.2016228254  
0.7711713664  
0.1510558694  
-0.4201849132  
0.09329855535  
-0.3212868684  
-0.3020442086  
-0.2573309481  
-0.2519032993  
0.1924287471  
0.5643933053  
0.1649838454  
-0.5815653834  
-1.420020376  
-0.03331642946  
-0.7326536837  
-0.5033289637  
1.854456781  
-0.7023636228  
-0.04441893705  
1.036287784  
0.1569496617  
-0.6232274258  
0.05753055746  
0.1162755721  
0.07326443017  
-0.3572258235  
-0.4382513451  
1.169744688  
0.04766109208  
-0.1888615826  
-0.1201200499  
0.3219654993  
-0.4758662272  
-0.190341119  
-0.07768099774  
-0.1131104659  
-0.1210814406  
0.60033108  
0.6619950151  
-1.28862413  
