-1.181452393  
0.3157337566  
0.4605296698  
1.049047317  
-0.1125778649  
-0.8721815927  
0.3214957489  
0.007887005899  
0.4256419772  
0.3194206013  
0.07954461581  
0.8517791044  
0.4987002501  
-0.3356929722  
-0.4633084205  
0.01127364415  
-0.5485387368  
-0.03664250153  
-0.1666382977  
-0.2259314336  
0.1332451953  
0.1981148362  
-0.08676788974  
-0.2586959424  
-1.275519483  
0.1519965616  
0.8203474789  
0.4316863107  
0.05654579903  
0.9762799416  
0.6585853336  
0.76206968  
-1.234539887  
-0.4846608278  
-0.9253894543  
-0.1180580816  
-0.1271679917  
-0.3724686606  
-1.673635001  
0.3101850161  
0.7954279039  
0.3037676554  
0.09265886102  
-0.4355947686  
0.5852347465  
0.176248362  
-0.3425261093  
-1.48372058  
-0.1270475592  
0.4246130903  
0.5779915392  
0.1931997288  
0.4927081374  
1.569965358  
