0.5673667938  
0.7487133899  
-0.004898339839  
0.5109440465  
1.086433846  
1.087873967  
-2.267284534  
0.3568329992  
-0.3235695279  
-1.180471904  
-1.089941192  
0.1104845755  
-0.3384305988  
-0.3949402  
-0.6188972586  
-0.7688074029  
-0.6489149227  
0.6151037015  
-1.329047169  
3.064391262  
0.8626068265  
-1.107004071  
0.287638964  
-0.7570451305  
-1.409929447  
1.825297394  
1.711882517  
0.2590586911  
1.121240758  
-0.6384709903  
-0.02911978259  
1.254074819  
1.047042127  
0.2696274974  
0.1057686021  
0.1326594329  
1.289215815  
-0.1424016795  
0.0846111609  
0.6587274955  
2.013492156  
0.2053633051  
0.0454219549  
0.6464333536  
1.314752905  
-0.6108854048  
1.111137879  
-0.1210113729  
-1.104414922  
0.8735461314  
-1.01905663  
-0.009100265144  
0.9901745766  
0.4104549233  
