0.3215632771  
0.3109255299  
-0.1670080773  
0.1675763811  
0.2915664083  
0.5202097562  
-0.1962793382  
-0.673112657  
0.5169237814  
-0.4435861461  
-0.02754240826  
0.6865868238  
0.06148478435  
0.2443990725  
-0.5250456357  
0.4329817956  
0.01473787536  
-0.4507047219  
0.7803972388  
-0.1929857698  
1.250118858  
-0.5376349579  
-0.3148823308  
-0.2028210215  
0.07049492527  
0.006478671878  
0.2968032176  
-0.5902739133  
0.1911844919  
-0.3262950207  
0.04512725073  
0.5737328184  
-0.2169046373  
-0.04824536378  
-0.3748035519  
0.2513295698  
-0.7420167984  
0.6603549115  
-0.6047455408  
0.2705016868  
-1.157578257  
0.6798542033  
-0.4040999415  
0.2401196005  
-0.1463501359  
0.3270882201  
-0.9464409708  
0.07630075127  
0.8593887674  
0.1339652411  
-1.033827105  
-0.3300804098  
1.084898123  
-0.3960171866  
