-0.7435093776  
0.3206777606  
-0.1930738721  
-0.2401572482  
-0.08392590998  
-0.06574417245  
0.9169003762  
-0.2523577742  
0.1665208035  
-0.3632818161  
0.1831292583  
0.5318176137  
0.688487246  
0.7134382913  
0.2108012569  
-0.04389208964  
-0.504119392  
0.4980770387  
-0.2057230311  
-0.08830993858  
-0.5736247647  
0.3716803979  
0.4637136548  
0.5255427128  
0.4294100604  
0.4772883335  
-1.408384423  
-0.3314801486  
0.7888778438  
0.832945656  
-0.151137271  
-0.8381272059  
-0.61178671  
0.05601087671  
-0.09780737894  
0.2592443462  
0.7746238183  
0.2691987003  
0.3769905734  
0.2460314809  
-0.3492197987  
-0.4168545128  
0.6145347298  
-0.5861305549  
0.90717772  
0.2508681414  
0.8002676648  
0.5321634254  
0.7527716924  
1.374472199  
-0.234868581  
-0.2958594075  
-0.4571877575  
1.052393399  
