0.2035151397  
-0.9398494285  
-0.5687222782  
0.9860235593  
0.5005336427  
-0.6285304205  
-0.06400659798  
-0.8013229809  
0.2532536234  
-0.3205024361  
-0.7722263312  
0.9737813963  
-0.3435262799  
0.006593762409  
-0.4742047339  
0.756135287  
0.7304206936  
0.4526191855  
-0.2592809061  
0.0521230929  
0.23041585  
-1.224565125  
-0.4993400779  
0.2178191821  
-0.8104216632  
0.4745191224  
0.7015454195  
-0.8635246642  
-0.4015825595  
-0.7524925137  
0.5231247821  
-0.5103271424  
-0.5541094598  
0.4109908666  
-1.003924371  
-1.172313228  
-0.1789660609  
-0.2792427465  
0.5472545375  
-0.1937675252  
0.5238192013  
-0.1175006626  
-0.2996523217  
-0.2739914986  
0.3391481961  
0.1332257162  
-0.943922606  
-1.587095021  
0.798474864  
0.5443907184  
-0.5621534241  
-0.65977613  
0.6982801084  
0.4846742271  
