-2.530370958  
-0.6262278792  
-1.797335993  
-3.052907411  
-0.05924499561  
0.2734719502  
-0.8059497388  
1.871426373  
-2.298799171  
-1.470239557  
-2.219841915  
-5.280670657  
-2.217920619  
0.8910929026  
-1.279749418  
-2.446510413  
-0.3868469307  
-1.818290341  
-1.106235995  
-1.727543771  
-0.1905450045  
-1.316693433  
-1.588367136  
0.06484055497  
-1.929600852  
-1.10500024  
-2.854093194  
-0.9103633244  
-1.217458303  
-3.403462754  
-0.6368887674  
-0.8454346394  
-1.91359014  
-0.7298455852  
-0.6484710671  
-0.05694568234  
-0.2512680597  
-0.3262833113  
-2.543812275  
-2.708825378  
-2.52754616  
-2.533843188  
0.5335101239  
-0.6900756534  
-2.740726777  
-1.914154347  
-0.6798282514  
-1.693555593  
1.51386355  
-0.500701736  
-1.467124822  
0.9017658914  
-2.725916382  
-0.7676016574  
