0.3768789144  
0.02779498791  
-0.7778890012  
0.1904303906  
-0.05354325373  
0.3478681302  
-0.5779303652  
0.3480985855  
-0.2359916506  
0.03579249887  
0.1909196299  
0.5104576859  
-0.3395173279  
0.5037543304  
-0.07411506212  
0.3504066508  
0.495625802  
0.2926364083  
-0.2397931009  
0.1790018031  
0.1263489247  
0.2464816468  
0.8126932814  
-0.3050954907  
0.2667519026  
-0.1199742782  
0.9611891939  
0.08570491278  
0.2742665153  
0.9641392748  
0.5597012181  
0.3662209896  
0.1104914134  
-0.3915823954  
0.05468805225  
-0.6496182015  
0.2631888353  
0.06549252688  
0.7777909047  
-0.2825035619  
0.6543492386  
0.1656816901  
-0.0618625605  
0.3631041801  
0.02169968617  
-0.1497833546  
0.2227815549  
-0.3670510932  
-0.1397244925  
-0.03810799466  
0.6872868603  
1.187628795  
0.4081917231  
0.3085032826  
