0.08383411709  
0.70267568  
-0.09578119354  
0.03222859003  
0.593472537  
0.04131197957  
0.01504056225  
-0.07783954103  
-0.001594641508  
0.04742646272  
1.222752091  
1.262821445  
-0.8759482984  
0.1794637774  
-0.0162653047  
-0.1598829504  
0.5416693779  
0.6033378856  
-0.1127843741  
0.2690512797  
0.3152484485  
0.4311811701  
0.02995036686  
-0.7906204348  
-0.4002079265  
-0.2713625923  
0.4461433628  
-0.2015136132  
0.1533009569  
0.02576673112  
0.2244988111  
0.1114370618  
1.195658894  
0.3540247355  
-0.1183256539  
-0.2439455236  
-1.198824159  
0.8004709006  
0.2913318274  
0.2571695749  
1.062180137  
0.2071629828  
-0.144649601  
-0.2763857337  
0.3889284476  
0.2126270109  
0.4119996899  
-0.5887386821  
0.3046299897  
0.483840154  
0.0827668773  
-0.06223050754  
1.039038739  
0.5175108176  
