0.8239819544  
-0.3570337529  
-0.2036061001  
-0.219252135  
-0.2454703071  
1.341734317  
0.1238091023  
-0.7118513968  
-0.4710891018  
-0.3701605998  
-0.03802424269  
-0.6752348908  
0.4668966426  
-0.04021882635  
0.5035765869  
-0.6151477289  
-0.6066420026  
-0.3831805104  
-0.3101362842  
-0.6758510842  
-0.3932843307  
-0.8257121742  
-0.41532948  
0.2296610647  
0.6537112363  
-0.366760773  
-0.4500900695  
0.3367050163  
-0.3342846191  
0.6018182276  
0.3163924593  
0.5705123517  
-0.5947074624  
-0.7809722862  
-0.7358286547  
-1.058097396  
0.267838916  
1.012322164  
-0.4809084525  
-0.4151127552  
-0.02272265389  
0.0598281492  
0.6578140981  
0.2521663789  
-0.3854516375  
0.07472883628  
1.04360211  
0.5396423696  
-0.6644449881  
0.337498918  
0.1323061687  
0.02710698071  
-0.05750087759  
0.09687253144  
