-0.3027359583  
0.1761363163  
-0.1680957603  
0.1189782254  
-0.1293638132  
0.3241716269  
-0.04965959579  
-0.1828885466  
0.2365663061  
-0.1871564478  
-0.02512488525  
-0.141822205  
-0.05713381933  
-0.2052293585  
0.0223064765  
0.1706601207  
0.01968305679  
0.03965460312  
0.1878014922  
0.06491333318  
0.04322931858  
0.01232333381  
0.1801975436  
-0.4216842957  
-0.1084066132  
0.01201047001  
0.1874472533  
0.1975153891  
-0.01791997551  
0.1871529243  
-0.05018765381  
0.03409649751  
0.00177997537  
0.2744136883  
-0.02724946555  
-0.07181421893  
0.2119419106  
0.1245475031  
0.3024250223  
-0.04991808018  
0.3339749168  
-0.2002536757  
0.1924634272  
-0.02840415306  
-0.2045918257  
-0.08059635071  
0.2462051256  
0.09543062535  
-0.04153590005  
-0.004016651629  
0.02898789219  
-0.05577692089  
-0.0616933721  
-0.2096002062  
