-0.2989315313  
0.107385638  
-0.212075736  
0.5381856351  
0.6145974438  
0.0119160812  
-0.802308003  
0.4003110861  
0.2341254193  
0.2916397747  
0.05091131473  
0.05113463874  
-0.745886884  
-0.2211659086  
-0.3450931496  
-0.3192371124  
0.4627408483  
-0.2062494602  
0.009858088919  
0.08748642131  
0.04389511109  
0.05306890459  
-0.5232919744  
0.2371336531  
-0.1240571174  
-0.1741423042  
1.466932167  
0.3575612466  
0.1029124834  
-0.04438494384  
-0.1604921948  
0.3869612171  
0.05547745679  
-0.08598783847  
0.1417680936  
-0.6209622824  
-0.3689148725  
-0.1973201638  
0.8013540919  
-0.2041205798  
0.4673548806  
-0.2932871722  
0.01474215483  
-0.08762538044  
-0.2701304685  
-0.2074147181  
0.2649520721  
0.1367171965  
0.08471763607  
0.2161652686  
0.2431041232  
-0.4516544159  
0.2962780741  
0.6348152249  
