10.87937436  
2.718909421  
-109.9859885  
-37.96683041  
-38.18894032  
2.420088642  
-13.29115852  
-104.2440194  
-23.50603781  
-24.99578526  
-61.52272829  
-9.266151932  
5.061715742  
20.76170567  
38.4511662  
-2.976684917  
-19.8856003  
-39.01578735  
-82.19161355  
7.001152429  
11.73882006  
-9.483128737  
-16.23792611  
-45.59660799  
-43.42950626  
-24.23119029  
-78.26308109  
-60.54280343  
-29.01805912  
0.502184476  
-60.15025841  
18.66496324  
-71.81183145  
-40.28981191  
69.44653323  
-80.69212013  
-82.19128999  
-17.72680046  
-52.50375302  
-45.56381508  
-41.75842008  
-77.80349529  
-93.03049708  
49.48309285  
-14.75068589  
-45.25902894  
-69.00621895  
-42.65963055  
-142.0509909  
-103.781542  
-71.25752807  
47.05271395  
-36.58353087  
-36.71532462  
