30.17575926  
25.55449122  
-15.03686764  
-3.025455437  
-70.45420807  
-53.57732006  
-38.39490011  
-48.34911652  
-28.36171111  
-50.21088171  
-48.22819446  
-15.48975984  
8.420684727  
-8.795156192  
-10.871902  
9.515358138  
-34.8514992  
-9.687573313  
0.03727583013  
-49.33965217  
-23.34414201  
-36.49891245  
-1.648971284  
-21.84444202  
-29.5587734  
-32.34923666  
-17.63216961  
-58.38211032  
-35.23000598  
-17.07859355  
-41.78034843  
-4.713526918  
-40.58449395  
-7.148932913  
-41.99078512  
-37.41315043  
6.01055812  
29.48787468  
-10.19851716  
-45.62747373  
-21.08675348  
-28.71315182  
-26.00009989  
10.85457222  
-7.897137791  
-52.20791008  
-68.6922842  
-38.36319192  
-14.99493654  
-48.20578107  
-48.17847892  
29.52332949  
-28.22857079  
0.1378398  
