0.420769482  
-0.1549797882  
1.104083468  
-0.1176757281  
0.08012514261  
-0.5711494908  
0.2173792774  
0.5543885547  
0.536618389  
0.4399959284  
-0.171883459  
-0.1957370144  
0.3486817444  
-0.4513780752  
0.2193457066  
-0.2206771122  
-0.2649039428  
-0.319541024  
0.1913684819  
-0.1885937467  
-0.5946975143  
-1.351287224  
-0.3704941424  
0.6135945591  
0.1704626859  
-1.895177294  
1.632239672  
0.6453609689  
-0.1701659057  
-0.6962727653  
0.5479119149  
-0.6324815784  
-0.1867191748  
0.4784082019  
0.9760055659  
0.8026653398  
0.7882957236  
-0.4550094923  
-1.596945701  
0.4530527918  
0.3754189671  
-1.298171529  
-0.4683650341  
0.2188326503  
-0.4030045138  
0.2638149045  
0.4756207063  
0.3567867782  
0.4422657154  
1.083540083  
0.6863707684  
-0.981446028  
-0.131370496  
-1.291953618  
