-122.4475877  
23.40346959  
-141.6928021  
75.24972716  
-407.8369985  
-214.5586072  
-127.2774683  
-13.5326567  
-130.4035237  
-12.06942893  
38.29178326  
53.50179811  
-68.04219423  
-33.51243285  
-14.75801925  
-93.54761421  
-26.92320358  
48.38450135  
-287.3336349  
74.62099596  
-66.33732793  
-93.82114933  
-37.98715636  
84.87549652  
50.98687472  
-31.66648  
58.21039448  
-76.26113917  
-150.6482714  
-210.570369  
-119.5012503  
-25.34282657  
-253.3759633  
11.69615582  
-105.0357833  
-161.9057411  
-13.08968455  
-37.20779329  
-128.8810558  
-153.1914147  
61.17054819  
-27.74052406  
-154.5102999  
52.81140517  
-95.04206878  
78.01577874  
-37.53647153  
-38.5864528  
-66.98707446  
86.23678415  
29.61840434  
-188.6003818  
17.36213908  
86.62133043  
