1.051651979  
0.8645148697  
-0.02443070068  
0.7495437486  
0.8890264233  
0.125731115  
-0.5548777291  
-0.2881249781  
1.548505533  
-0.7292342  
1.68546128  
-1.850826002  
0.249924399  
0.7490332963  
-0.2722010112  
-0.8928302303  
-0.7873726483  
0.8951524918  
-1.888279262  
0.4401428779  
0.9176650842  
0.9401113126  
1.267555169  
0.1271037223  
-0.1158993786  
-1.299504515  
0.4658212865  
0.1200692857  
-0.9704474608  
1.503314802  
-0.9193903446  
0.2256964996  
0.2705827664  
1.133013601  
0.789956176  
1.629003217  
0.165227191  
0.6419432091  
-0.003441164891  
-1.185574755  
-0.4947984831  
-1.162948591  
-0.8743037532  
0.8204860965  
1.547548395  
0.7557320104  
-0.6479436598  
-1.239317195  
0.1391640685  
0.3178715855  
-0.2332897952  
-0.9127708756  
-1.403586479  
1.249284287  
