0.3789876935  
-0.7979280086  
-0.6758963244  
0.02279416433  
-0.834835011  
0.5088817869  
-0.4194279839  
1.020010854  
-0.9016325054  
0.1170480432  
1.828443802  
0.5886790235  
0.3373288202  
0.3112327562  
-0.702913671  
0.4497104642  
0.2253443973  
0.4017135377  
-0.07047990376  
-1.072940098  
-0.04390390453  
0.1557246472  
-0.1509236566  
0.6291222592  
-0.6316353147  
-0.4398498551  
-0.6037623743  
0.04786184861  
-0.9019588479  
-0.9349116197  
-0.4773317579  
0.8813260654  
-0.6240294934  
0.2588397625  
-1.412988804  
0.3078415802  
-1.760863379  
-0.8441664935  
0.3370194372  
-0.006794500704  
0.3191247554  
-1.761705808  
-0.05067221173  
1.12941263  
1.084354005  
0.6155177139  
-1.278651711  
0.8479550775  
-0.03710643624  
-0.1714793185  
-1.352500717  
0.377236231  
1.099460821  
1.212380114  
