0.6488543515  
1.92444937  
-0.7309776054  
-0.2948368172  
-1.320053912  
0.4507367259  
1.040513617  
1.337638317  
-0.6972791891  
-2.671208246  
-0.3913277164  
-0.5426898438  
-0.9887334302  
0.5382719563  
0.1848905455  
-0.2042229884  
-0.8358216844  
-0.7103996657  
-1.932103156  
-0.5416086207  
-0.1760266546  
0.5914744071  
0.4270934198  
0.2668380992  
-2.333869219  
-0.6929779162  
1.401764224  
1.074202991  
-0.6789295038  
0.2714857982  
1.870922565  
0.6778022026  
1.315551854  
-0.3512928732  
1.408623968  
-0.9852056447  
1.492388759  
-1.836947145  
0.4150591112  
-1.105020874  
-0.3386467045  
-0.3456067437  
-1.146616727  
-2.044547636  
-1.089644417  
0.2894400328  
0.8348775985  
0.4492734558  
1.269179616  
-1.331254951  
-0.4530095398  
-0.7990286488  
1.569808495  
2.105063772  
