-0.2050057699  
-0.8195519007  
-0.354793899  
0.3523662719  
-0.9606926373  
-0.07839279104  
-0.4053360203  
0.2452232414  
0.6628771477  
0.5440224266  
-0.497724313  
-0.717098792  
-0.04338085652  
-0.1070794125  
-0.6932386822  
0.3874961416  
-0.1704597905  
0.5025221674  
-0.103560682  
-0.01020653723  
0.2518289006  
0.2686472421  
-0.6684915755  
-0.8825433674  
0.670862378  
0.5104176781  
-0.1806285298  
-0.342454206  
0.2179050977  
0.3959213413  
-0.6974214647  
-0.005166935875  
0.3130299529  
-0.1892968627  
1.209262175  
-0.308194851  
0.395740277  
0.7036489774  
-0.506548185  
-0.2036187518  
0.4363337641  
0.6140174721  
0.1222925025  
-0.3977605584  
-0.5098800433  
-0.7608622055  
0.2028814932  
-0.007145374326  
1.331747676  
0.111954411  
0.7117094663  
-0.4465641756  
0.6893046896  
0.1914040972  
