0.6605350354  
0.2259639848  
-0.1219581621  
1.187083826  
0.1621435247  
-0.3768055525  
-0.3383196273  
-0.03464783665  
0.6082044013  
-0.6907738174  
-0.4800237259  
0.8519528724  
-0.2564750169  
0.07393336293  
-0.4950216365  
-0.203026011  
-0.1522128178  
-0.4248338327  
-0.05510991712  
0.3933094077  
-0.33682311  
-0.1928775747  
0.657279252  
-0.3475501453  
0.1654204864  
-0.7586083863  
0.20469451  
0.1253293368  
0.2644518253  
-0.1845480776  
0.5104788629  
-0.288448113  
-0.4488750414  
0.5807769029  
-0.180900511  
0.5808759059  
-0.7511405576  
0.3071499055  
-0.5522353049  
-0.06913795176  
0.5381526664  
-0.2449915083  
0.4142270044  
0.2028009974  
-0.1205206635  
-0.8761429923  
0.07571181817  
0.5124885196  
1.036312988  
-0.4651935259  
-0.1922340673  
-0.5030884957  
0.4205459986  
0.06349318449  
