0.9649713054  
0.1971900679  
-0.1424105318  
0.06704833978  
-0.9138723235  
0.4255914535  
0.3788521019  
0.3805715759  
-0.1324981168  
0.5051572481  
1.065984758  
-0.1480777703  
0.3720521729  
0.1764603344  
-0.01639973794  
0.1863343886  
-0.3237281108  
0.5174772806  
-1.126638206  
-0.8585955261  
0.3378411016  
0.7967357177  
-0.6153037148  
-0.962740512  
-0.2273120667  
0.2427480421  
0.07440215469  
0.2561782736  
-0.3577725976  
-0.4560321071  
-0.3512124434  
0.517344836  
-0.4563093358  
0.2845129546  
-0.7308095511  
0.3539331818  
-1.440687495  
-0.7032692986  
-0.1554310218  
-0.1962173637  
-0.06772884512  
-0.613254565  
0.6323448627  
-0.1376942834  
0.04781784359  
-0.003424726661  
0.1416492933  
0.6571008601  
-0.1068071826  
0.4542506101  
-0.4748842797  
-0.2290703905  
0.9067078655  
0.315436273  
