0.913026918  
0.1997073246  
0.3197352121  
-0.6558732199  
-0.2131696057  
1.368057383  
-0.3479713528  
0.5362602356  
1.208627083  
0.3631213471  
1.621136996  
0.04750412999  
-0.6097647227  
-0.6349554842  
0.7075804539  
-0.3659611424  
-0.1622437272  
-0.7483649286  
-1.255115755  
0.4495791798  
-0.7230075395  
0.740402033  
0.0294517287  
0.6570716758  
1.032273607  
-0.4994876711  
0.2570923631  
2.618827808  
1.480571332  
0.7258664522  
1.489319776  
0.360271433  
0.5219774124  
0.3954348444  
0.03038564277  
-0.4403042106  
1.631380093  
1.307346794  
-0.2591816563  
0.3984184181  
-1.115278618  
-1.80789519  
-1.025154224  
-0.1733628837  
-0.1388822885  
0.107848697  
-0.1776552997  
0.6851173079  
0.9471142239  
1.254680815  
-0.07634874618  
0.05042918411  
0.6783313452  
0.1509751503  
