0.1586969927  
1.305183738  
0.3637373584  
0.5278951104  
0.3048925396  
0.4538338144  
-0.2664174703  
0.01704474682  
0.8071513671  
-0.2100065985  
-0.08329559195  
-0.2945291917  
0.8223805926  
0.3134894937  
-0.06575599327  
1.118177601  
1.021321166  
0.6149419767  
1.15795225  
-0.01671272025  
0.1971610175  
1.114506929  
-0.05558461366  
-0.5176909167  
0.9706018091  
1.076641043  
0.2989534461  
0.05345359715  
1.115958004  
0.9714952894  
0.04491291254  
1.057110227  
-0.3883662302  
-0.3193484318  
0.4181309202  
-0.4235324567  
0.4952996988  
0.9709848531  
0.6745528491  
0.6619512835  
-0.2340003444  
-0.13673919  
-0.093442554  
-0.06643744776  
0.06879614991  
0.2353546936  
-0.114932427  
-0.6973000694  
0.001056069816  
-0.4961004315  
0.594028829  
-0.0935848514  
0.8306297339  
-0.1613095591  
