0.621246822  
0.4246366833  
-0.7358548804  
0.5650431144  
0.2129717735  
-1.356097178  
0.2312321514  
-0.1964666844  
0.8987915067  
-0.975219682  
0.3952649294  
0.07766186883  
-1.312411959  
0.3875131483  
0.4240507317  
0.3664158514  
-0.08888145846  
-1.136949194  
-0.5127709409  
0.5516197927  
-0.2595383556  
-0.732413329  
-0.2371384473  
0.1716296806  
0.1131294283  
0.04476131532  
-0.4568986822  
0.7428021208  
-0.3712880065  
0.05927182612  
-0.4062527713  
-0.8606591914  
-0.3317192678  
0.3286593658  
-0.3737858188  
0.6283477514  
-0.6886818075  
0.0953507265  
-0.1290835613  
-0.1561622255  
0.8902307261  
0.2860951634  
0.2901504861  
-0.2317933799  
0.4008770312  
-0.3904556018  
0.5232894165  
-0.5805354696  
1.88284554  
-0.7231874732  
0.2125063608  
0.102178445  
-0.4603848002  
-0.3772065447  
