37.26884674  
29.05725958  
-29.59593966  
-103.8065401  
-69.00648664  
-38.73173681  
-91.68416681  
-171.818988  
-54.32064844  
-11.6297012  
75.20562418  
-62.50421586  
-9.766440428  
-44.72602886  
47.58400791  
-49.58450309  
-53.86189762  
140.0451772  
-33.61070037  
-266.4068961  
39.62342251  
10.89032486  
-164.7322194  
-32.26513431  
-85.73950361  
-28.55075699  
22.84362591  
20.50866448  
-69.65198921  
-38.71844619  
65.75089686  
43.73485309  
-45.31259116  
-128.9643018  
58.99861338  
-118.0138876  
37.85685915  
65.77246046  
-74.6670044  
-201.7214877  
39.51277563  
53.49009131  
-76.33752889  
-161.9289143  
-78.50183071  
36.07912812  
-9.080614482  
-77.80915976  
28.4713094  
38.89283982  
65.38872716  
74.35403505  
-20.23118619  
-141.0470141  
