0.5125696705  
0.9377453203  
-0.6066715465  
-0.2526798963  
1.570455105  
0.2212241596  
-0.2007514732  
0.04659864985  
-1.017661774  
0.08923434371  
0.02531240943  
-0.06238868649  
1.887148178  
-0.5967318577  
-0.609408577  
-0.6939609709  
0.006059025319  
-0.4370098996  
-0.1270181646  
2.122443351  
0.02497810352  
-0.9799693532  
0.6680246154  
-0.2794912234  
-0.4161631914  
1.133797105  
0.1045074128  
0.2504954897  
1.394854148  
-0.7477442232  
-0.5887518596  
0.7676009178  
-0.1572533539  
-0.2334358998  
0.3240038831  
-0.7428579988  
0.459446078  
0.01446771287  
0.3260052002  
0.6916144714  
0.9656365029  
0.1635092506  
0.6727457311  
0.1321242557  
-0.04823405181  
1.029042806  
-0.3293593695  
-0.2286851869  
-1.050686168  
0.8934252865  
-0.7900045892  
-0.8561544981  
-1.923728216  
1.01815672  
