-0.3681057893  
0.356809892  
0.1559690622  
-0.9503422434  
0.1832565011  
0.1414567264  
0.3339300628  
-0.1868482968  
-0.9850991302  
0.8303003658  
0.3246105066  
-0.4982838634  
0.1099729924  
-0.3310696724  
0.249033891  
0.4670819776  
-0.820139096  
0.1784789692  
0.3446597291  
-0.09316393121  
-0.1777948739  
0.1015856705  
-0.4216620125  
0.5112238788  
0.1340463075  
0.4305512078  
-0.4630559885  
0.2739765657  
-0.2467494352  
0.15848146  
-0.6630689936  
0.3011636015  
0.1622328112  
-0.5585840372  
-0.4719856958  
-0.3048378129  
0.3136792214  
-0.4077708678  
-0.3460060282  
-0.3545391355  
-0.3506344588  
0.5487045502  
-0.5279640777  
-0.4425025097  
0.07036596843  
0.3448393294  
-0.1303610717  
-0.367943188  
-1.321922418  
0.5223895699  
0.6641293963  
0.6807805936  
-0.3671547364  
0.4272523914  
