0.2946072464  
1.075943938  
0.7620720871  
0.3052080318  
-0.7174786189  
1.15264908  
-0.1081713589  
-0.7390261257  
0.7256672531  
1.097886263  
-1.048641705  
0.3982758128  
-1.694364229  
0.617960825  
1.575213846  
0.9169977211  
-0.03440522622  
-2.016514224  
0.191361308  
0.5871151059  
-1.015589802  
1.953652682  
-1.300765402  
1.547192562  
-0.1251948739  
-0.9807154957  
-0.1238413471  
-1.188422687  
0.7567145855  
-0.2182286325  
0.5243450543  
-0.190304228  
-0.7697927908  
-0.4541927646  
0.6898881578  
-0.1994419133  
0.6867435856  
0.3661323841  
-0.8683713442  
-1.059160566  
-1.212107523  
0.300042571  
-0.2325474968  
0.3429112538  
0.6096543739  
0.3701676869  
-1.803210005  
-2.365119925  
-1.14403395  
-0.613172369  
1.974555875  
-0.5712826291  
-0.6208257501  
-2.106175517  
