-8.114110596  
-238.0683842  
85.60780815  
-371.6611702  
-253.5783217  
335.1807377  
83.48625717  
-41.91422325  
-4.880759077  
210.1516541  
-318.4257665  
182.6409137  
-112.1509251  
73.06314972  
69.95936657  
-62.02613522  
156.1632463  
-296.6904377  
-223.2581215  
-75.02405542  
-90.03744813  
-95.38817567  
0.4517704848  
95.7597557  
14.51109941  
48.10467712  
-356.4250535  
7.812936717  
-85.60747542  
-108.9869062  
-301.4262713  
70.61315508  
-394.6489636  
1.538236976  
4.373394446  
95.8998883  
528.3095224  
338.543385  
-56.68365579  
-63.29962691  
-99.20346847  
112.4042999  
137.6638326  
229.0250901  
106.1404232  
127.4808635  
-171.7466398  
19.13928967  
145.6928175  
118.1576289  
-15.39409759  
763.3369407  
170.1661812  
38.67381147  
