0.1091543925  
0.3788335212  
0.7919398427  
-0.2218262256  
0.1219844429  
0.441441262  
-0.02731600515  
0.1860931707  
1.104734928  
-0.1108381142  
0.3238852091  
0.2497666751  
1.145298189  
0.657317137  
-1.267841018  
0.691511396  
-0.02687860257  
0.6575851747  
1.019124797  
-0.7648367912  
0.3417989718  
0.995545774  
0.1494298339  
-0.3024585735  
1.520441137  
0.8369584698  
0.4788058247  
-0.04439213709  
1.325763717  
0.5719983052  
0.3134224336  
0.8380885582  
0.001411960784  
0.3688280369  
1.339144188  
0.5307446918  
0.4759302828  
1.962916708  
-0.2829043466  
0.2668594944  
-0.1010863193  
-0.06993650817  
1.111020083  
0.814405785  
-0.4778850923  
0.7589522631  
-0.8787596746  
0.8748909564  
-0.9582207277  
0.2480542859  
1.272010461  
-0.4064602281  
1.175191196  
-0.4373799922  
