0.3662837881  
0.2636273473  
-0.01791723211  
-0.8289644844  
1.431609636  
-0.3334482696  
-0.0450278839  
0.01671793395  
-0.2924200749  
-0.604953343  
-0.3435142704  
0.1067202155  
-0.1463632451  
-0.2317009415  
-0.2190859898  
-0.4881299739  
0.738912295  
0.1379425145  
-0.007701156127  
0.01281090395  
-0.9162937004  
0.3515496407  
0.5155234648  
0.5269270868  
0.4778827486  
-0.7546331272  
0.9060993737  
-0.02570363879  
-0.4086175294  
-0.2533901138  
-0.6147716736  
-0.1764212832  
0.5260804243  
-0.05252463876  
0.2095785615  
-0.2897505341  
-0.3254269652  
0.6677962799  
-0.6665259175  
0.3069717084  
-0.004488877146  
0.430189167  
-0.1726142756  
0.1568536943  
0.01496764068  
-0.6143610828  
-0.02041712642  
-0.2109945886  
-0.3383186497  
1.225503437  
-0.3318372502  
-0.5006065866  
0.6061259558  
-0.3736718188  
