0.1457795591  
0.3727379923  
0.1300374396  
0.6254222257  
-1.157716944  
0.2543056799  
-1.373750472  
-0.7366998141  
0.1164918741  
0.9081183161  
0.4401191137  
0.5366173484  
0.5521666511  
0.1852613787  
0.2345341122  
-0.7766706741  
0.4243487032  
0.1342968437  
-1.198457438  
1.110310227  
0.4271299546  
0.247436405  
0.2419649107  
0.5961808517  
-0.4536249528  
0.5992781407  
0.2296823572  
0.4239815234  
-1.383487311  
-0.1797339386  
-0.9920376048  
-0.1148056907  
-0.4084612341  
1.81988755  
-0.7734752268  
0.392242605  
-0.3349278057  
0.154297344  
0.01637698413  
0.1217704363  
0.5001254485  
0.4308140847  
-0.08693186874  
0.454535741  
-0.6137867367  
0.6232752489  
1.472791549  
-0.2072456878  
0.1932362582  
1.075461394  
0.7471796173  
0.2721783902  
0.913605188  
-0.1645292913  
