-0.8216738221  
-1.179722543  
0.8811713522  
1.4517408  
0.468614889  
0.1748469343  
-0.4596034642  
1.042138584  
0.7257092657  
0.2671471794  
0.02350227468  
0.9289853041  
-1.991285919  
-0.4744890966  
1.38534501  
-0.715614045  
-1.304821082  
0.8400885384  
0.1242066582  
-0.4542637576  
1.77893867  
0.858216545  
-0.1632842048  
0.6514113234  
-1.456868573  
1.160303842  
0.3821709175  
0.07889773857  
-1.004253403  
0.4671983258  
1.715760752  
0.2833493422  
-0.06820839455  
0.005330664058  
0.3130664576  
-1.747642197  
-0.7166094206  
0.3389880006  
-0.8700932578  
-1.461506896  
-0.6991864038  
-2.134733545  
0.1545598011  
-0.3457753988  
1.267804569  
-1.433285764  
-0.1270323948  
1.209040088  
-0.9859439998  
0.01311842247  
-0.9582342314  
-0.9035290319  
0.4584588791  
2.533151073  
