-1.04584502  
-0.9811555547  
-0.5371031463  
-0.6278584451  
-0.754998189  
-1.065275438  
-1.74260964  
-1.348395633  
-0.4688907592  
-0.9158997371  
0.01665197419  
0.2790561816  
0.02874486437  
-0.001939705532  
-0.3193212134  
-0.1507676151  
-1.642949406  
-0.4847776318  
-0.2232334855  
-0.7728273666  
-0.8684314598  
-2.00634028  
-0.350639285  
0.2618761462  
-1.288900046  
-1.371119403  
-0.7703192289  
-1.440681115  
-0.8444710128  
-1.285027376  
-1.370918302  
-0.5226551157  
-0.3417238263  
0.0209280382  
-0.8696751072  
-0.2404859291  
-0.1633156262  
-0.5048212507  
-0.6534460387  
-0.4257106206  
-0.9244958297  
-0.8369366715  
-0.9620095149  
0.4781607966  
-0.9816612863  
-0.5077244337  
-1.887967452  
-1.520118943  
-1.015918252  
-1.371425541  
-1.31691252  
0.3795790613  
-1.223228644  
-0.01199234289  
