-0.4248836109  
0.209478585  
0.2382298741  
-0.03325105321  
0.3907436625  
0.07976431695  
-0.4261057919  
0.9326311536  
0.2023273764  
-0.05566494172  
-0.12722428  
-0.4283820069  
0.2361369489  
-0.2850160826  
0.2591792779  
0.3867127975  
0.661908499  
0.358451074  
-1.137212691  
0.1418825586  
-0.107040207  
-0.5370775025  
-0.7022063284  
-0.07606967  
-0.01192297999  
-0.233283805  
0.6980143509  
0.1182899568  
0.04306779653  
0.6999353914  
0.1957050775  
-0.04888173345  
-0.04305879624  
0.01820705993  
-0.5200478395  
-1.050260909  
-0.3304027765  
-0.4011286023  
0.1936394505  
-0.7996907618  
-0.1412765088  
-0.1633609926  
-0.315159429  
0.1648018787  
-0.5509658874  
0.6438791034  
-0.2925503831  
0.7379315144  
0.05346754982  
0.4205280655  
0.1882914465  
-0.4016637636  
0.4229877803  
-0.0790265595  
