1.014098237  
0.3697208437  
0.6644127401  
-0.276696785  
0.6986787671  
0.6508747264  
-0.2085557726  
-0.09991779915  
0.4869658367  
0.02190547019  
0.6499632587  
0.1562268854  
0.02010125923  
0.3287835316  
0.723267088  
0.2978856306  
-0.3760642648  
0.2975565731  
-1.138986575  
-0.03140297757  
0.581283842  
0.0619678634  
-0.2940357609  
-0.9224001661  
-0.5645395992  
-0.3071503281  
0.6185145336  
-0.1957318066  
1.078963286  
0.4067111869  
-0.8710470581  
-0.3133994743  
-0.1209300185  
1.354385435  
-0.6509759762  
-0.1897999753  
0.8636339254  
-0.03528602034  
-0.8571201417  
-0.6494457703  
-0.5143187241  
0.5553839735  
-0.09390012216  
-0.6538191983  
0.2906354879  
0.2591204114  
-0.5125214913  
-0.2657915395  
-0.09652962023  
-0.1040869946  
0.3414846967  
-0.2445479655  
0.468872046  
1.241991643  
