0.1913515906  
0.2742990301  
0.6413885727  
-0.3550083898  
-0.6327546917  
-0.5781619783  
0.6996851784  
-0.3954791473  
-0.4226375495  
-0.6012286179  
-0.7699101954  
-0.8508245251  
0.971089092  
0.9075804059  
-0.3761695205  
-0.750289067  
-0.4334453389  
0.7749183293  
0.7612831498  
-0.4951156584  
0.754009189  
-0.6829056356  
-0.481865623  
-0.09878532242  
0.2285545692  
0.3589804433  
-0.07949875734  
0.07381772962  
0.9188760941  
0.4421827287  
-0.3982139325  
-0.686583954  
-0.6041878598  
0.3961931694  
-0.3964955624  
-0.1025477927  
0.1162379419  
0.7676678473  
-0.8495535026  
0.7340587938  
0.3522976256  
0.1928663765  
0.801141616  
0.4310636209  
1.580010015  
-0.3180853206  
0.4216476656  
0.43686266  
-0.1404899498  
-0.744366119  
-0.1581802029  
-0.1162574025  
-0.3639675509  
1.020509417  
