-1.463443333  
-0.1641785307  
-2.829471672  
-2.590336154  
-2.755858548  
-0.4091399456  
-1.382817935  
0.2177423771  
-2.424391852  
-0.6543663445  
-2.869439216  
-4.736679161  
-1.93399887  
2.264622085  
-2.089192306  
-0.5455469068  
-0.593602617  
-0.2622355718  
-0.09731107687  
-2.957002948  
-4.118231956  
-1.167245858  
-0.3470916643  
-0.3679882998  
-2.307511989  
-0.09464624776  
-0.3950249406  
-0.8785819942  
-1.393556435  
-0.7904583742  
-1.876562175  
-0.5033634713  
-1.44474749  
-2.207393296  
-0.8176017373  
-0.2091299574  
-1.801283777  
-0.1210835087  
-1.398732746  
-3.57112332  
-3.122767119  
-2.345254929  
-1.376663713  
-0.9175894098  
0.04568249677  
0.5473388162  
-2.685452593  
-1.763558302  
0.7884876656  
-0.3581268472  
-1.33741587  
-0.3460564271  
-1.719880586  
-0.5509932962  
