-1.58051455  
-0.8007966984  
0.1858853977  
-1.118115309  
0.3585557358  
1.263771273  
-0.4888671947  
0.01796862193  
-0.5554201237  
-0.0143743549  
0.6907466211  
0.4766894545  
-0.5982871889  
0.4968813201  
-0.1468249428  
0.175202987  
-0.6970774384  
0.6390810216  
-1.289193278  
0.007475572095  
-1.194972921  
0.2791792621  
-0.2367787537  
0.06336769913  
0.2430168999  
0.6248572607  
-0.4233115333  
0.2163288937  
0.768928411  
-0.4892283971  
-0.1811616938  
0.7713543009  
0.7554331204  
0.05076147548  
-0.5004027548  
0.03989640006  
0.2120908494  
-0.1595383264  
0.7467532179  
0.08484738128  
0.1057529329  
-0.03034333659  
-0.3591780181  
0.7327444251  
-0.04482511304  
-0.2789777858  
-0.4542831032  
-0.6362024237  
-0.1324511277  
-0.03028004075  
-0.3729679345  
0.1909006249  
0.3849326967  
1.128782472  
