-176.2551462  
184.1717007  
-314.0204415  
-515.6790223  
-404.6361205  
-618.1818037  
9.885813809  
-652.2157624  
375.7654657  
-39.11587888  
-1640.255665  
-243.8673363  
-178.3253014  
-176.9039073  
-327.5441933  
-198.9796536  
204.2457362  
30.60292678  
-273.642878  
-1146.934414  
261.174834  
403.7494451  
356.9868616  
-338.1714288  
429.6115909  
-315.6615339  
343.0931253  
546.0346648  
837.7527506  
-43.5438385  
210.471731  
301.2467497  
129.4943828  
-488.4700265  
142.4140897  
-0.8597288315  
263.3005519  
214.5920132  
80.73341736  
-115.8257322  
622.6026344  
643.5252122  
-86.67909273  
735.0779225  
243.9272296  
116.9436277  
65.25665338  
-499.4968124  
591.3809079  
-76.61557698  
306.6608196  
-2019.009789  
-377.1190984  
-350.7898636  
