0.4853477083  
0.2050970995  
0.3836100402  
0.5245475243  
0.638833648  
-0.5287212337  
-0.3952987778  
0.03263263585  
-0.2339244328  
-0.2107367109  
-0.2993069627  
0.1701591697  
0.4195638862  
-0.3400302704  
-0.7406015207  
-0.3532997935  
-0.6508587202  
0.510246212  
0.2281454986  
-0.4724176879  
0.1988665068  
0.1867234599  
0.7515307365  
0.1289926747  
0.05999927618  
-0.5948101375  
0.8243316463  
0.08928134995  
0.4525795791  
0.4115778373  
1.439574955  
0.1959447649  
0.4597872418  
0.16013972  
0.08138947038  
0.4690297963  
-0.4202620613  
-0.1186307189  
-0.06285141327  
0.2435198944  
0.1495369985  
-0.5063835602  
0.6109051023  
0.03925529644  
-0.3397988551  
0.1174332818  
0.2266488614  
0.6263157901  
-0.2318394587  
-0.07931477696  
-0.2006715176  
-0.1295510275  
0.4959328335  
0.04389308842  
