1.490932755  
0.5206496357  
-1.449186098  
0.21444371  
1.012358797  
1.558010026  
2.080547074  
-0.05129407891  
0.4157361552  
-0.7976793355  
0.1449867545  
-0.670211782  
1.067081584  
-0.5894900324  
-1.132361956  
0.3002549701  
0.4230704905  
0.9668419159  
-1.142651139  
-0.4576476758  
-0.1744036513  
-0.00272796038  
0.8491739161  
-0.1429843487  
0.6374323191  
-0.5369609441  
-0.5124072559  
-0.1273847524  
-1.403962098  
-0.9518455165  
-0.3183955696  
0.6025282636  
0.5415955753  
0.042981469  
-0.6914244539  
-0.05813081727  
-0.2751678478  
0.2745536177  
0.2993700671  
0.667338791  
1.033921612  
-0.04923027009  
0.3644831932  
-0.6417570385  
0.1468132089  
0.3563724036  
-0.1246645674  
-0.4173181565  
1.723966947  
-0.2454560103  
-0.05191744011  
-0.5417638454  
-0.0594319295  
-1.012742218  
