0.8336167141  
-0.2302104549  
-0.6953186378  
-0.6390507949  
0.7653575896  
1.107917158  
-0.08311640555  
0.6004941925  
0.3566635521  
0.6060052523  
0.03603336019  
-0.08829445182  
-0.2372168073  
-0.02887196089  
-0.7694638326  
0.689562036  
-0.492224977  
-2.141659607  
-1.092503811  
0.1286101092  
-0.3318836227  
-0.2363707053  
-0.1686347151  
-0.6563871844  
-1.489831452  
-1.521641238  
0.2685497471  
-0.05242397879  
-0.3426449108  
-0.3820368978  
0.4811395232  
-1.623101551  
1.014616425  
-0.06752674922  
0.1235449791  
-0.5462723378  
-2.060817595  
0.1627001313  
1.260817122  
0.1096046138  
-0.2049514186  
0.5247622665  
-0.4775579691  
0.6785683083  
0.0425189048  
-0.04794556778  
-0.03191828413  
0.1615025818  
-0.1136301501  
2.018026256  
-0.8464874073  
0.5813919187  
-0.1696996404  
0.7765593881  
