0.4140024994  
-0.7763446347  
0.4440933075  
0.7036302433  
-0.4504698439  
0.01593712018  
-0.5830533022  
-0.06408519366  
-0.3330021484  
0.01784080129  
0.2264597441  
0.3592972341  
-0.08240953271  
-0.06934120598  
0.5190941372  
0.2871969658  
0.3378400401  
-1.267535775  
0.3398361144  
1.117487348  
-0.1118670661  
0.1027965804  
-0.1355789366  
1.016378335  
0.7636740371  
0.1474491324  
1.072094984  
-0.6029036465  
0.2455510468  
-0.4081415188  
1.62689733  
0.7838103107  
-0.2684727847  
-0.2274673709  
0.1235465014  
-0.04062316146  
0.470574174  
-0.5929505149  
0.3468912336  
-0.02751797021  
-0.3399907017  
-0.3210850226  
0.1549824336  
0.1846803727  
-0.9935431945  
-0.003668980843  
0.2714453768  
-0.773288837  
-0.1467502322  
0.1556545736  
0.3702485843  
0.4981220468  
0.1290711596  
-0.4550364401  
