0.4684277992  
-0.2780969273  
0.9873010356  
-0.09274710525  
-0.1882349837  
-1.369402358  
0.754460756  
0.1868661627  
-0.1462727038  
0.3776637674  
-1.379115411  
-0.06171591895  
-0.2233985416  
0.777707327  
-1.688637109  
-0.6895420793  
0.5063562791  
1.342080886  
0.09398178889  
0.2487565598  
-0.2883934463  
-0.1957123313  
-0.6719046001  
-0.5454318613  
-0.0007691832904  
0.2574906406  
-0.9917774226  
-0.1384603224  
-0.4698716363  
0.6143968172  
0.6616259544  
-0.1519839044  
0.534439181  
0.2328839906  
-1.168059884  
-0.08578493145  
-1.704455528  
-0.7798063642  
1.565559632  
0.2171856997  
0.8256308238  
1.156591686  
0.5018634947  
-0.5044609847  
-0.08412657492  
-0.7394127743  
0.6295263425  
0.4292258931  
-1.649660885  
0.9756748331  
0.4542421064  
0.7908976027  
-0.1313465887  
-0.9745855113  
