1.439091825  
-0.7214235225  
0.7366748796  
-0.09470316149  
0.6323635244  
-0.8161198405  
1.334269178  
-1.02044737  
-1.10482493  
0.7954324906  
-1.49856933  
0.1722105653  
-0.03139409437  
-0.6949386065  
-0.7285572435  
-0.02657297674  
0.713534146  
1.29972045  
-0.1934557135  
0.9618294793  
-1.277947649  
-0.1253202982  
-0.1727960837  
-0.8899725417  
2.120425012  
0.5214047619  
-1.092531171  
-0.5562924132  
-0.4519786113  
0.1455604433  
0.3897324223  
-0.8234088608  
-1.384932534  
1.476386003  
-0.4738259379  
-1.148569373  
1.59408507  
0.3463628016  
1.208964292  
0.8492871829  
-0.3116618427  
-0.2199231083  
0.671072471  
1.484481303  
2.167626656  
0.9413334937  
-1.674378279  
0.03540804046  
-0.3004035647  
-0.7988330369  
-0.1107440794  
0.3872322094  
-0.008610728268  
1.83907686  
