35.151551  
-18.70431248  
-4.690697021  
3.926783366  
-13.3479678  
8.048656059  
-4.385212956  
-16.22132451  
-6.06298872  
-7.312995964  
-4.714084305  
9.437731655  
3.7468384  
11.33904151  
-7.276993155  
4.846653079  
-1.00284671  
11.17189484  
18.97260729  
0.5252923291  
-0.5677127119  
-9.626153231  
-11.84372084  
4.034736884  
-10.77391069  
18.07140589  
-45.9725975  
-2.628409629  
-1.075470523  
16.46397101  
-8.298067116  
-4.763583218  
27.81645177  
-7.521772676  
6.63891403  
-9.260996329  
2.084132031  
12.98470478  
6.33421566  
1.672882469  
8.98951634  
-13.39078985  
26.74611989  
23.42558221  
-25.49542374  
-30.11185686  
-9.459604903  
2.0652463  
-1.238201784  
-9.995677408  
-12.64353158  
3.265795901  
0.8362848602  
8.596280393  
