0.2590167627  
0.1825576821  
0.1076667777  
-0.5694565461  
-0.6035653457  
-0.09113978345  
0.0295210591  
0.2722673271  
0.2487222577  
0.008442648629  
-1.158630648  
0.2766245191  
-0.4193058731  
-0.7748121804  
0.9597506776  
-0.7761895378  
-0.1236686372  
-0.3511577711  
0.1673660048  
0.4935749526  
-1.747407741  
0.09273177121  
-0.2894149232  
-0.1904209759  
-0.5280373173  
0.2315428936  
0.8769135697  
0.870086602  
0.3162765867  
-0.7992671997  
0.1684397706  
0.2639301986  
0.03721717659  
-0.522305509  
0.001280439614  
-0.3621255066  
0.6418812334  
0.1138999921  
-0.1754089964  
-0.616181155  
0.2820047516  
0.3347010764  
0.111988973  
0.7747147635  
-0.1661471156  
0.4601693006  
0.6107519922  
0.03109922256  
1.004213816  
-0.1008076396  
0.4077958208  
0.2718864104  
-0.6793966622  
0.06421417957  
