0.8041960275  
-0.1584385702  
-0.4558794509  
-0.003637846559  
-0.08545348925  
-0.4633088942  
2.670561847  
-3.199523168  
-0.7536599704  
0.7091832989  
-0.7978945473  
0.7546305412  
0.7750660164  
-0.7148626692  
1.922605178  
1.443627889  
0.03097397122  
-0.03631123407  
1.607316736  
1.061548664  
0.9451394574  
-0.04062353118  
-0.6586214449  
1.027029764  
1.120022709  
0.8556394765  
-2.251559647  
-1.016921877  
-1.203676029  
0.9027536709  
-1.591623937  
0.9964842446  
-2.407689775  
1.845059605  
1.266284115  
-1.482226484  
0.1674259613  
1.226414666  
-0.1341393798  
1.644097356  
-0.03575758854  
-0.8838216344  
0.4289648881  
1.087532797  
0.04227342991  
-2.625930204  
-0.9263661101  
-0.6546817685  
-0.3479470306  
1.295891332  
-0.1089503842  
-0.7424697245  
-0.3352576703  
1.933195807  
