0.5361171298  
0.8698115942  
-0.06637207009  
-0.1569409974  
1.372461988  
0.03652145182  
0.6729938404  
0.4617902068  
0.2710999011  
-0.07545445913  
-0.4080027244  
-1.168473149  
-0.8471423126  
-0.6811118766  
0.1601983537  
-0.6068484657  
0.004673553138  
-0.1054402737  
-0.1841341805  
-1.279379958  
-0.1140400818  
0.8196487621  
0.3700206532  
0.5634875406  
-0.1475521634  
-0.9382726295  
0.7791940128  
-0.1996848026  
0.3271402262  
0.6335235586  
0.9627373565  
-0.4172416147  
-0.1096167424  
-0.1061516052  
0.1491300799  
-0.1761278823  
0.2964017282  
-0.461296585  
-0.8970013021  
0.2016536117  
-0.3394541895  
0.5934309964  
-0.3265342729  
-0.4464390884  
0.4178537745  
-0.2247406217  
-0.1337227352  
0.9859752926  
1.007636607  
0.567784642  
-0.1368290286  
-0.2822706893  
-0.4116203009  
1.871893848  
