0.5709185263  
0.6156290652  
-0.6486676597  
0.1710339523  
-1.019394887  
-1.384294807  
0.01004167341  
0.01132740111  
0.555437261  
-0.6896365336  
-0.07485275479  
0.4967079252  
0.4304798149  
0.07540648137  
-0.4147125834  
0.3023628064  
0.7638985712  
0.1713641813  
0.3288100305  
-0.5081916482  
-0.07292024042  
-0.2766434374  
0.05916739243  
-0.3082273238  
-0.2569973003  
0.1404626029  
-0.1390129664  
-0.4951625169  
-0.524262364  
0.06933947357  
1.157413433  
-0.2946097617  
0.3521923219  
-0.4664841388  
-0.2158688141  
-0.2691180706  
0.04813825026  
0.6074442146  
-0.3931314926  
0.6277411124  
0.6857930434  
-0.1326237738  
0.4405902933  
-0.04764071781  
-0.5596195348  
0.02477349845  
0.3944901258  
-0.4060989903  
0.2617730156  
0.1746452656  
-0.2105239907  
0.3125952473  
0.6405996102  
-0.6041615925  
