-1.611939076  
-0.4910353128  
-1.154463368  
-0.5567684875  
-0.7758724058  
-0.3708960264  
-3.499191083  
-0.8704091332  
-1.998131783  
-1.030969542  
-1.531188717  
-2.81642626  
-1.08168539  
-0.7562337063  
-0.9002483871  
0.4655228932  
-1.966431179  
0.392485619  
-0.2928794947  
-1.285893893  
-1.193631319  
-2.027131758  
-2.750287536  
-2.325692193  
-2.358282519  
-1.27723697  
-0.8845868809  
-0.5252534555  
-1.832840957  
-0.6918772  
-0.4972334808  
-1.757187072  
-1.788224395  
-1.776951415  
-1.538699589  
0.09635578017  
-0.5181643775  
0.05601097955  
-2.260360877  
-2.894045911  
-0.5513329992  
-1.119223898  
0.877355672  
-0.8720948123  
-1.72688642  
-0.9198572887  
-0.8657827989  
-2.749494245  
-2.248392739  
0.3609757267  
0.5522069217  
0.9296921382  
-0.9100665481  
0.8079428875  
