0.5584131395  
-0.1079053602  
-0.2418457544  
-0.05192511455  
1.658794349  
-0.3281768312  
-0.5900558623  
0.4774258566  
0.07511426197  
-0.0645456403  
0.147379036  
-0.3362571151  
0.4636167819  
-0.003641075999  
-0.792583361  
0.5093139561  
0.57458084  
0.4864167812  
-0.655069037  
-0.1678210289  
0.6327118894  
-0.1554831903  
0.2036742413  
0.5887245952  
-0.5551769903  
-0.4086837821  
0.9860438381  
-0.1612994259  
-0.2681264106  
0.4647121278  
0.4264264491  
0.3878194657  
-0.118133822  
-0.1027341346  
-0.001234543265  
0.7405562927  
0.5082445156  
0.1106604182  
0.3384480851  
-0.3130471775  
-0.0315827903  
-0.03349803199  
0.03431062139  
0.1336682281  
0.450699827  
-0.4444410359  
0.1469445607  
-0.007304476834  
0.524004167  
1.313191726  
-0.1870306037  
0.8591236362  
1.502029837  
-0.3294404187  
