0.1062450388  
0.5267643625  
-0.4377768469  
-0.4945166481  
-0.9606494719  
0.6982727975  
0.4528836922  
0.4152382775  
0.2630379479  
-0.2809688408  
-0.04315152569  
-0.5961145113  
-0.6279177309  
0.9919135255  
0.7130684633  
0.1114825278  
0.1359421889  
0.1727240008  
-0.052580559  
-0.04385798035  
-0.7111942653  
0.4484806045  
0.2225330669  
-0.2810212881  
1.119416212  
1.153239394  
0.7663090736  
0.9481064388  
0.6860890563  
1.352505817  
1.006857817  
0.3009108947  
0.611784949  
0.9970968346  
-0.573748481  
1.152373742  
0.7816197129  
-0.4865081544  
0.2961539541  
-0.402245309  
0.2978836933  
-0.7977804961  
1.595818314  
0.4576306466  
0.4225978186  
1.13834934  
-0.3994543042  
-0.1559045824  
-0.6062777829  
0.47336206  
-0.7059157357  
0.1170778606  
1.652919571  
1.258716466  
