-1.159145287  
-0.2520131968  
-1.207721042  
-1.818954934  
-1.919229896  
1.230769159  
-2.673577983  
-1.092081549  
-1.526240734  
-2.11358213  
-2.329218162  
-1.471533713  
-3.024299446  
-0.3821823354  
-2.376612908  
-0.07865246228  
-2.799466825  
-0.2338230567  
-0.03812009093  
-2.13279007  
-1.077400232  
-2.841272153  
-0.5344346036  
-0.342743699  
-2.099445409  
-2.242953853  
-0.6480836893  
-1.479245056  
-2.024380439  
-0.2360932378  
-0.9190228205  
-0.7877238172  
-1.146636237  
-1.28882757  
1.007979924  
-0.3716471979  
-0.3740570837  
0.0255808395  
-2.051601705  
-2.627539026  
-2.676688841  
-0.7813917941  
-0.2085099034  
-2.40740409  
-1.497584145  
-1.837474469  
-1.189480614  
-1.422973483  
-2.016646026  
-0.3152599729  
2.566902302  
-1.057297708  
-1.157000973  
-1.760638361  
