-0.1557907603  
0.6149514071  
-0.8544435287  
-0.1000908143  
-0.1558177026  
-0.8006395206  
0.00973936174  
-0.2901170556  
0.5106351167  
-0.1258946895  
-0.2099782095  
-1.61484287  
0.4957832256  
-0.3579155902  
0.1087736264  
0.2675644675  
0.1121277481  
0.5107158024  
0.1119671361  
-0.3392447373  
0.08992821539  
-0.3473123619  
-0.7888278473  
0.2403094671  
-0.5540582329  
-0.2644630382  
0.9928621699  
0.06924822855  
0.2658659391  
0.139848454  
-0.06891061204  
0.2847447258  
-0.811796335  
0.4648920864  
1.443731975  
-0.6912764583  
1.277357906  
-0.3217924272  
-0.0486848892  
-0.371148035  
0.3310407933  
0.1915430771  
-0.4234390487  
-0.7642902027  
-0.1027579527  
-0.6672896764  
0.2718535853  
-0.5708173261  
-0.1526125946  
0.1124249918  
-0.3938202479  
0.1139158341  
0.6409587036  
-1.312672884  
