0.6398760927  
-0.08120437379  
-0.3642184059  
-0.43613039  
-0.07008626716  
-0.2005581029  
0.6337376109  
-0.8860611842  
0.1792223587  
0.2287600651  
0.06530678711  
0.4470404275  
0.3699592472  
-0.287911151  
0.2964891837  
-0.3112139637  
0.3494227036  
0.3567222272  
0.650074275  
-0.05231241778  
-0.6270214413  
0.3422558375  
0.5603873742  
0.2075914511  
0.5405431453  
-0.2393518089  
-0.2824605828  
-0.5817801078  
-0.3708209129  
-0.3137384436  
-0.0719567809  
1.392099592  
0.2570572651  
0.5291003502  
-0.2737027853  
1.198500021  
0.9729836185  
0.2849530181  
0.007851365918  
-0.9266772755  
0.1496720138  
0.8718722849  
-0.4878709211  
-0.3473357517  
-0.0190535722  
0.3426231481  
-0.6099418757  
0.2027602379  
-0.8413052533  
0.04536949863  
0.05288600576  
-0.4739929547  
0.5540223752  
-0.2073165934  
