-0.4534184569  
1.058735185  
0.2447932516  
-0.1576919334  
-0.05048278456  
-1.730269811  
0.7689947794  
0.2717901822  
2.02244638  
1.560113644  
-1.395431676  
-0.7269638045  
-0.3776321543  
-0.7273719815  
-1.005839471  
1.941437323  
0.08308882091  
-1.113593203  
1.087288941  
-1.717842431  
1.825467657  
-0.9040864128  
0.9607996345  
0.5970848921  
1.258078639  
0.04549230767  
0.5608217339  
0.2210769804  
1.102147386  
-0.07762186339  
0.0885180797  
0.2846566873  
-1.513894437  
1.349242614  
3.269084524  
0.9185055205  
-1.093124295  
0.6133758733  
0.1044397405  
1.746814811  
0.4183754025  
-0.2994604361  
0.272395549  
-1.499852994  
-0.1050407447  
-0.249732598  
1.202213059  
0.20430547  
-0.1264361864  
0.7297125518  
0.3364969832  
0.3271173002  
1.892448055  
0.6462807745  
