0.6372738674  
1.047461515  
-0.2046929661  
0.311762033  
0.2423843654  
-0.5721117476  
-0.3072963286  
-0.7329870148  
-0.2256870983  
0.218964931  
0.8095658216  
-0.2487398632  
-1.219334931  
0.3802673188  
0.3251340198  
0.573937983  
-0.9797538477  
-0.499705595  
-0.1770207368  
-0.5560884246  
-0.1635444466  
-0.6187331004  
-0.1269121528  
-0.2654257863  
0.0191898939  
-0.1677302147  
-0.5471306981  
1.246697723  
0.3516985138  
0.4362527532  
-0.5370092686  
0.11524764  
-0.05029783191  
0.4328357316  
-0.455061955  
0.5023888792  
-1.210106937  
-0.1262355516  
-0.2489304861  
-0.3370881191  
0.7681948691  
-0.5165362397  
-0.1852526657  
0.1413842163  
0.431928257  
0.03898199459  
0.3947977665  
0.2881208738  
0.5262528447  
-0.4206143602  
-0.2814935095  
-0.1847015931  
0.2230584047  
0.09729022586  
