-1.04356713  
-0.1558146643  
-0.2689837431  
-0.08305410892  
0.2950749218  
0.5961977384  
-0.2493081987  
-0.07905905354  
-0.147294513  
-0.5198829108  
-0.3547181179  
0.2690254438  
0.3238213333  
0.468557876  
-0.08830115222  
-0.6228155438  
-0.3657989365  
0.1502810604  
-0.7203388761  
-0.09112169045  
-0.544017579  
0.7249702232  
0.1596841487  
-0.5181113166  
-0.2183984029  
0.684321759  
0.5733077973  
1.053953489  
-0.540915367  
0.5253313719  
-0.09138463989  
-0.9408360737  
-0.1325069631  
0.005699473769  
0.880241229  
-0.4333112482  
-1.228176537  
0.2711183986  
0.673666033  
-0.1180957444  
-0.6996946365  
-0.5095475769  
-0.9705984331  
0.5774897807  
-0.07288487342  
-0.3012366785  
-0.5021457561  
-0.1086277837  
-0.4504381149  
1.235327981  
0.881138021  
1.157232294  
0.5251987963  
0.8641588316  
