-1.141994757  
-1.019116365  
0.4188143051  
0.1023082763  
1.376191671  
0.3226552674  
0.09966412547  
0.5864935889  
0.2180366442  
-0.7956695677  
-0.4980474822  
-0.1953045726  
-0.02278517759  
-0.4693743848  
0.4893837083  
0.05645712064  
-0.2478355719  
0.3494771768  
0.3255651838  
0.5364186606  
0.3367578885  
0.4189279741  
-0.03880844403  
-0.6891123284  
-0.07697437115  
0.6049584488  
0.8613764195  
0.6107425458  
-0.8389501825  
0.007965473165  
0.3812876609  
-0.9339907683  
0.1641012091  
0.2575537515  
0.4680974201  
0.0870110723  
-1.461600566  
0.7022823939  
-0.6539163992  
-0.09040523607  
-0.6592214921  
0.468952024  
-0.2024213295  
-0.01125096374  
0.4056994222  
-0.1120332443  
-0.725049978  
-0.2242099979  
0.3148344367  
0.7884716729  
-0.1331750015  
0.7022137548  
0.2019239897  
0.7099823254  
