-0.2500592622  
0.07870133966  
-0.171129389  
0.3216605069  
-0.1282482747  
-0.5906718627  
1.128414469  
-0.774228254  
1.250744766  
0.1851804817  
0.1098475318  
-1.648059522  
-1.262006262  
-0.491179356  
-1.149063079  
0.2828787648  
-0.9351972565  
1.173568206  
1.279369784  
0.6040558676  
0.181931098  
-0.2572297359  
-0.3683186157  
0.03745415179  
2.368592074  
0.5822524499  
0.1888949016  
-0.5909825469  
0.04277882427  
1.470897072  
0.5104163305  
-0.5183590784  
-0.3870579629  
-0.5213381421  
-0.6380242923  
0.5067074238  
-0.03805162914  
1.426992981  
-0.0003052748936  
0.1868970906  
0.3964278412  
0.9258600539  
0.4883595922  
-0.9676706767  
-0.8317924243  
0.2828180681  
-0.04809891952  
-0.314504071  
0.6368031516  
0.1020164441  
-0.6440078389  
-0.7753236757  
-0.646595999  
-0.3554574157  
