-1.185074334  
-0.3718266868  
0.05506157561  
-0.3129392556  
0.350719995  
0.3183075629  
0.01748084944  
0.03012002361  
-0.839226869  
0.02044970836  
-1.289472783  
0.8332889394  
0.9031579004  
1.08061955  
-1.797829956  
-0.1472504259  
1.410978372  
0.00770856592  
0.6941947967  
-1.035700067  
1.101727503  
0.7585735229  
-0.9085514353  
-0.140255952  
-0.278303541  
0.8408203864  
-0.576059241  
0.314979117  
-0.8259250392  
0.2736412173  
0.2879900191  
-0.8920363572  
0.1148414263  
-0.3636218027  
0.1188415616  
0.9359626927  
0.119656712  
-0.7102075877  
-0.3814421555  
-0.2864533983  
-0.5351669359  
-0.4355357566  
0.8419632126  
-1.66903177  
0.03274718128  
2.260191764  
0.009114622053  
0.0497429986  
2.26662286  
0.5010644425  
-0.1321049356  
0.1729304071  
0.5432251996  
-0.3807021901  
