0.257600783  
0.1783968067  
-0.4293146539  
-0.004454954665  
0.5891405922  
-0.2930278388  
0.5024221889  
0.1218754145  
-0.08453499331  
-0.9595134452  
-0.04899580823  
-0.5795386192  
-0.6066054089  
-0.3134062602  
0.03754224067  
0.2337825163  
0.1770508221  
0.1584624771  
0.2730045694  
0.1972101378  
-0.08741680443  
0.03458425914  
-0.3927165519  
0.8592307557  
-0.2672616101  
0.1693504385  
0.4277891966  
0.6429875556  
-0.7817145254  
-0.2768972794  
0.2981317591  
-0.2180039938  
0.2443252039  
0.8158473621  
0.1021969198  
0.2033615527  
0.2396543138  
0.03180457978  
1.071126113  
0.9377188159  
-1.055613936  
0.08588779941  
-0.2186908287  
-0.4509139653  
1.030925343  
0.00938135606  
-0.283551589  
-0.9312129199  
0.4621001281  
-0.6223021833  
0.2054829393  
-0.02530210171  
0.5927561084  
2.149248144  
