-0.1905636861  
-0.3051151157  
0.9644182692  
0.250060441  
-0.4751980787  
1.360345338  
-0.4103382001  
0.6367913692  
0.9275759524  
0.5098086984  
0.5591937094  
0.1832548758  
1.894248238  
0.5031844073  
-0.6086410839  
1.334037735  
0.2724959603  
1.009725615  
0.7254666157  
0.2612986367  
0.4129440402  
0.3512075395  
0.05337501473  
-0.6935479279  
1.371331009  
-0.04121229135  
0.3123762392  
0.8775406618  
1.022237796  
0.6877204286  
0.8305604281  
2.122262465  
0.2853524804  
0.2037033824  
1.039813034  
-0.2014600025  
0.320016398  
1.006431269  
0.8018158512  
1.336159667  
-0.2946310024  
0.3446569333  
0.5866016549  
0.7376364961  
-0.7129015852  
0.3627044103  
-0.8463219803  
-0.3700561099  
-0.3850983533  
1.401651577  
0.543247704  
-0.3146967437  
0.4896916577  
-0.612722142  
