-0.1320980909  
0.09623130528  
-0.3961485218  
-0.08346923352  
-0.08392590998  
-0.9930617757  
0.9139018059  
0.2686042653  
0.1288183164  
-0.2944248883  
0.3899735774  
0.1909300884  
1.190974439  
0.4525729835  
0.1023345532  
0.08903507498  
-0.660546073  
-0.09997690514  
0.7714557623  
0.3606362828  
-0.3594683935  
0.8928580188  
0.5899131857  
0.4406725173  
0.0594121121  
0.3140748706  
-1.212265145  
-0.4853914612  
0.78019908  
0.1799677569  
-0.2378156914  
-0.630881342  
-0.9824058736  
0.438930014  
0.8740113365  
0.4175275262  
0.9611384322  
0.7247135557  
0.6946181009  
-0.3095128713  
0.1798490537  
-0.06490381032  
0.3631654002  
-0.5846720088  
0.565290826  
-0.1039625224  
0.8002676648  
-0.07623209734  
1.148456588  
1.018345825  
0.2839502397  
0.04102578744  
-0.2996233432  
1.052393399  
