0.8769168742  
0.04715184445  
-0.4817434089  
0.03396733379  
0.1519743754  
1.231050649  
-0.4526095123  
1.010521919  
-0.4625817703  
-0.3215549126  
0.411590824  
-0.4829402123  
0.398707181  
0.4152718879  
0.9560070776  
0.1785600872  
1.223035178  
0.9187132649  
0.02799923496  
1.346601458  
-0.792900171  
1.207809087  
-0.1151192152  
-0.2277503277  
0.8627207317  
2.01452502  
1.047087307  
-0.3427918386  
-0.9284629878  
-0.8808571295  
0.00766676367  
0.6082474502  
0.1974221041  
0.180221007  
-0.1602639015  
-0.252763005  
0.3656439818  
2.485552366  
0.9940159324  
0.2980403417  
0.7353834187  
2.034785888  
-0.5877707131  
0.5735647896  
1.371763871  
-0.7812751578  
0.03402988752  
-0.1220847599  
0.4480231688  
-0.4533600658  
1.728510804  
-0.4029053691  
0.4309674316  
0.2255393178  
