-0.2813662253  
-0.1084208653  
1.778067668  
-1.217347979  
0.9543313905  
0.2396509695  
-0.7495543618  
0.2537537736  
-0.1646266707  
-0.1790256242  
-0.1077428705  
0.2205950155  
-0.2124669574  
-0.209845484  
0.03874362724  
-0.08106519816  
0.22575069  
-0.4807072901  
-0.4924388326  
-0.3230617769  
0.1283507744  
0.4691509715  
0.04940242224  
0.04839444458  
-0.462862612  
-0.2058862354  
-0.0298333852  
0.4761594064  
0.1955383595  
-0.02539931285  
0.5466737633  
-0.3217539283  
-0.1782969203  
1.164717858  
-0.5155463584  
0.5230502209  
0.01505308534  
-0.3406870315  
-1.127193741  
-0.2740028143  
-0.8874022277  
-0.3906398296  
0.1068104644  
0.1524152879  
0.1277425633  
1.177026577  
-0.1343463545  
0.0901016483  
0.1264715354  
-0.4829555893  
1.047886802  
0.7531757027  
0.2353189305  
0.06145579698  
