-0.02255287653  
0.3624828394  
-0.3388412672  
-0.393803797  
1.500787637  
0.2667928703  
-0.506218363  
-0.3488370078  
-0.09814939143  
-0.0216266812  
-0.5757795565  
-0.9410088975  
-0.3662978255  
0.2465732816  
0.07661016072  
-0.4970347332  
0.03412717599  
0.7300009177  
-0.4721886708  
0.2951023684  
-0.02118326425  
0.0196241163  
0.6987341534  
1.506161497  
0.5330906431  
-0.1204557202  
0.9123493884  
-0.02118935  
-0.1927756348  
-0.351503661  
-0.5280453438  
-0.2062269744  
0.6262667219  
-0.1735170087  
0.6924545292  
-0.3550577689  
0.5085270327  
0.0004146963258  
0.3196767696  
-0.2133360784  
0.5501980995  
0.157080156  
-0.5563396063  
-0.3333108881  
0.6752565473  
-0.1940841023  
0.5036705446  
-0.3501789775  
0.07718560356  
0.9346942188  
-0.8212955235  
0.01189925347  
-0.06383470444  
-0.03134813549  
