0.01688281819  
-0.04226514898  
0.1240974073  
0.2130429729  
-0.1819083301  
0.4566524005  
-0.2174010733  
-0.05023057466  
-0.06972122888  
-0.05280924811  
-0.03799758499  
0.1408347985  
0.280133117  
0.1302876094  
-0.06816788387  
-0.2184502791  
0.02524475796  
0.1501121562  
0.004485747813  
0.07834914004  
-0.09374876922  
0.02238693045  
-0.2196544774  
0.073416803  
-0.005190730578  
0.05948904723  
0.07212662048  
0.0830600021  
-0.2278671676  
0.1635468124  
0.2214949414  
-0.2134041761  
0.09065282008  
0.286626237  
-0.05209092574  
0.07113112008  
0.2250736567  
-0.1479663274  
0.002273002492  
0.388213432  
0.1474706286  
-0.09842717404  
-0.1669761518  
0.24633653  
0.06855236297  
-0.06185111049  
-0.05316603875  
-0.3679079827  
0.03704958755  
0.09296211403  
0.1476448101  
-0.1573614578  
-0.009429651783  
-0.1070439755  
