0.1581174346  
0.0006012145718  
-0.3214609753  
1.083955367  
0.1736253685  
0.229443362  
0.1958739496  
-0.4425650564  
-0.2348311267  
0.2121230959  
0.2747193474  
0.3200413387  
0.1227132394  
-0.1210710258  
-0.1994720856  
-0.006048054488  
-0.01337575245  
0.5114921994  
0.3936708901  
-0.4804133426  
0.243165223  
-0.6427191974  
-0.5467117728  
-0.02083578788  
0.127760444  
-0.5808092678  
0.1978528091  
-0.198527395  
0.06209715926  
-0.2143147693  
0.2227119382  
-0.3555804586  
-0.6127380596  
0.5684967862  
-0.4927593458  
-0.8367311173  
-0.652076741  
0.4251878554  
-1.088354846  
-0.7314455105  
-0.3142681365  
-0.291931604  
-0.2252183977  
0.3158083759  
-0.7647581828  
-0.1634568602  
0.778288158  
-0.1667749571  
0.067318113  
0.6330535838  
-0.1036017218  
0.0635109514  
0.4221278555  
0.1150373975  
