-0.3062775756  
-0.1377771075  
0.04687155454  
0.0809164977  
0.03914054842  
0.2077198304  
0.1110257676  
0.08223179219  
0.01946467792  
0.03214153773  
-0.3897992499  
-0.01056601995  
0.3141543294  
0.07352484476  
0.1562810916  
0.04507594255  
0.2354211507  
-0.2099401117  
0.2898528114  
-0.0313179061  
-0.3562619163  
-0.02302010486  
-0.07160135461  
-0.2551469776  
-0.02490022546  
-0.2072617777  
-0.2542989657  
-0.1984057449  
0.01598945088  
0.08406659818  
0.09931395977  
-0.2818925935  
0.1818813373  
0.1705130287  
-0.08537312155  
0.1979432452  
0.004017140358  
0.008388626676  
0.1398085898  
-0.08380486479  
-0.04915928531  
-0.1070782011  
-0.1183600037  
-0.0367716645  
0.1546253192  
0.03432340039  
0.02247868065  
0.03533783397  
-0.1429858015  
-0.1495621827  
0.2129952436  
0.1607740417  
0.1753292612  
-0.2317922871  
