0.5787866497  
0.7369321873  
0.1569356274  
0.1817173889  
0.1257556475  
-0.2170205804  
-0.0861558869  
-0.6972235718  
-0.5222921216  
-0.2277116684  
-1.028616614  
-0.1698872346  
-0.8907137042  
-0.08362639452  
-0.6624540465  
0.7395215005  
-0.08765636583  
-0.4520015636  
-0.0277454471  
0.1135182881  
-0.3055063066  
-0.8560627245  
-0.0870580378  
0.147570679  
0.140121466  
-0.125384691  
0.4032331727  
-0.2979404555  
-0.1810935057  
0.5228353841  
0.708242498  
0.3975506732  
-0.4495351668  
0.8878360096  
-0.9926915582  
-0.01878135614  
-0.4150461517  
-0.8781456701  
0.2602717581  
0.7869952535  
-0.5865988963  
0.7727415679  
-0.6816201712  
-0.1114337288  
0.6485055544  
-0.9259889628  
0.1255542759  
-0.1653697801  
0.75738759  
-0.2923872876  
-0.006878439085  
-0.3639875632  
-0.002797072566  
1.590486589  
