0.6248025753  
-0.3380619238  
0.1219478205  
0.569806143  
-0.3681440817  
-0.5279634552  
0.9039810872  
-0.3448759929  
-0.4895644082  
-0.08073722113  
-0.7398748812  
-1.33932411  
0.3888541184  
0.1309994073  
-1.012380961  
-0.1176236022  
-0.3459522829  
0.5750001882  
0.9010054097  
-0.3148420976  
0.3931933575  
0.1628129219  
0.3197231638  
-0.2401214409  
0.07360970719  
0.2068016548  
0.3698401603  
-0.729244697  
0.06583951257  
0.4782180775  
-1.408442009  
0.2143733564  
-0.9413576854  
0.4787685462  
-0.2072417193  
0.2462874861  
-0.2793245841  
1.048597654  
-0.1538661813  
1.772446155  
0.7601078604  
0.1059340301  
1.26620709  
-0.1298147776  
-0.536250107  
-0.3907863263  
0.6986391836  
0.8193780997  
1.097629631  
0.1074574874  
-0.4307278883  
-0.8555480534  
-0.7863595109  
1.00776487  
