1.574037711  
0.01391703361  
-1.16352142  
-0.1182892623  
-0.1402053902  
0.3393174455  
0.5296882936  
-1.415902655  
0.2877324269  
-0.09205935288  
-0.3667004536  
1.051947414  
-0.9756398763  
1.664123525  
-0.7323799608  
0.5284524336  
0.8578194717  
-0.3766306614  
-0.05915671744  
-0.7115836887  
-0.4399199145  
-1.147838817  
-0.2215495035  
-0.6062424261  
-2.671696638  
-0.0762149672  
-0.004316067323  
0.02246576548  
0.1035578643  
1.060572335  
0.1368407228  
-0.2842311182  
0.6743640664  
-1.422873917  
-0.7150603964  
1.157801001  
-1.173049089  
1.039108618  
-0.1892802241  
-0.4017189937  
-0.1837431926  
0.2657683196  
0.426717197  
-1.757479668  
0.2526704832  
-0.1829403309  
0.6644913346  
-1.113901387  
1.088573683  
-1.218120733  
0.7283543909  
0.3635032407  
0.0684782396  
0.4758558171  
