-0.5138896157  
0.1283736068  
-0.1546827489  
0.04245742686  
-0.6640580471  
-0.4601509643  
-0.05979290493  
0.5017203834  
-0.1492026367  
0.7651078464  
-0.2153840098  
-2.030886585  
-0.7120304128  
0.165558495  
-1.23438766  
0.4247402602  
-0.09041103252  
0.4170951942  
0.6063469979  
0.05341452782  
0.3070823355  
0.650757637  
-0.587509248  
-1.042067954  
1.583369039  
0.1576999364  
0.4254604019  
-0.5455279311  
0.07633981263  
0.3845504931  
-0.4157001757  
0.149008049  
-0.1839130247  
0.1263527629  
0.229194243  
-0.5428133982  
0.2612240604  
0.9554070465  
-0.5273973652  
0.2314010234  
0.06653181655  
0.5791297721  
0.9530741075  
-0.7195507002  
-0.2804952009  
-1.317315751  
-0.3664132059  
-0.272671147  
1.406767312  
-0.23195754  
0.3963638744  
-0.7385216281  
0.06507338671  
0.6952612273  
