0.8254877311  
0.9083145327  
-1.129315091  
-1.034931105  
0.8199448327  
-0.8387725073  
1.492933762  
-0.3203788277  
-0.6625862108  
-0.8672204763  
-1.106882683  
-0.7073959829  
-0.202572377  
-0.3942833613  
-0.3759132105  
-0.9313166055  
0.8418550272  
-0.05664177606  
1.376520635  
-0.4026155325  
0.5722837886  
-0.1012631699  
0.06550351903  
0.4152867163  
-0.8302727201  
-0.9873631881  
0.5782934554  
-0.6122279919  
-0.1906926821  
-1.457583852  
0.1159287919  
-0.9190953865  
0.3979753514  
-0.6801420135  
0.7820666378  
-0.6121046697  
1.120637679  
-0.05843483591  
-0.01794093102  
2.178362075  
0.1761808474  
0.04392071857  
-0.1186336265  
0.7437216902  
-0.00252006255  
-0.5862002504  
0.06368143769  
0.1681711108  
0.7895343461  
-0.3285873515  
0.3867633842  
1.37596644  
0.9220657329  
1.684119526  
