-0.5147962659  
0.6492540476  
0.05384479428  
-0.5621912082  
-0.9606494719  
0.676449478  
0.3642299668  
0.3671749855  
-0.08630327964  
-0.2348547847  
-0.2608321399  
-0.4226793668  
-0.9876021806  
0.9442889662  
0.6915650105  
0.3880896756  
-0.1764528874  
-0.6851547186  
0.4543591153  
-0.460474124  
-0.8652744497  
0.4535151369  
0.9621112581  
0.2618809926  
0.6369586069  
0.6766026293  
0.7261233929  
0.3960371941  
1.337252323  
1.561136756  
0.948206504  
0.9052743337  
0.9466654984  
0.894557978  
-0.6867080392  
1.540227282  
0.3684877921  
0.1728789206  
0.2172309996  
-0.8423694184  
0.2628237754  
-0.5462920832  
0.835626453  
0.540868218  
0.165985377  
0.7241579557  
-0.3994543042  
-0.2059058465  
-0.4928451339  
0.8964782127  
-0.5923241227  
0.1920921542  
0.9708878783  
1.258716466  
