0.562581652  
0.529326642  
0.7923681874  
0.1892966062  
0.5293267338  
-0.3005239418  
0.4447852195  
0.9451802714  
0.2739819941  
-0.1780294715  
0.03621087679  
-0.04569155757  
0.1974591424  
-0.2668134906  
0.9169090916  
0.2712249837  
-0.3430988109  
0.06264178582  
-1.025663985  
0.3268260418  
-0.3754192447  
0.06971678378  
0.5108647725  
0.04785949056  
-0.6132157284  
-0.3235810394  
0.8279872772  
-0.9088665938  
0.06618418764  
-0.7351802945  
-0.2813787935  
-0.3697092661  
0.07392319045  
-0.4099212285  
-0.1027778954  
-0.3046112875  
-0.3173424909  
-0.3770589442  
-0.203342516  
0.479298146  
0.2887985807  
-0.8370178628  
0.3706356272  
0.09080569628  
0.5779424416  
-0.4445462662  
0.03546183045  
-0.6598828194  
0.5702881048  
0.6060161964  
0.2320237874  
0.3065360607  
0.07810685894  
0.6776079452  
