0.3280660036  
-1.8678016  
0.8425277779  
-2.430114533  
-1.20464149  
-1.375342134  
-1.772795087  
-0.2788803475  
-1.797334193  
-1.601041113  
-1.537896796  
1.03598927  
-2.2936533  
-0.9871518693  
0.2021348008  
-0.901057548  
-0.7140449976  
-0.17548513  
-0.4496290199  
-1.573151526  
0.5402430402  
-1.57617348  
-0.651454344  
-0.1070006967  
-2.054180553  
-1.977719652  
-2.097288732  
-0.7301172002  
-2.90032757  
-0.6530730834  
-2.725108876  
-0.639965384  
-0.8981261838  
-0.4188943409  
1.772145968  
-1.772859354  
-1.215796291  
-1.066744172  
0.7389575584  
-2.396142857  
-0.5640524591  
-1.637935618  
-2.152750514  
-0.3197061702  
-0.05649657312  
0.2626162422  
-0.9773466491  
-0.946784763  
-1.259126184  
-2.453597439  
-0.7788215852  
-0.4645604766  
-0.7796225058  
0.1783786533  
