-0.9071259395  
0.5571170131  
-0.07692322686  
-1.724889764  
-0.2509000838  
-0.2763638348  
-0.04152597597  
-0.325983891  
0.2416492267  
-1.541949957  
0.2447566004  
0.3989324414  
0.6482267974  
0.5036605607  
-0.1916157995  
0.4257061046  
-0.4582291713  
0.7297327414  
-1.168189154  
0.3395991746  
0.9812373156  
0.3297222054  
0.7295752237  
-0.7339755104  
0.3818090333  
0.1292901771  
-0.8383840195  
-0.2941564923  
-0.390497684  
0.4679340871  
0.08387162019  
-0.5576980774  
-0.518470622  
0.282504762  
0.6165865701  
-0.5380390596  
-0.2308361025  
-0.3029806451  
0.4323337844  
0.7163185173  
0.5045529814  
-0.4950768534  
-0.5042353085  
-0.5020761313  
-0.633897628  
-0.2511583795  
0.8578298147  
0.5335554442  
-0.3127006386  
0.8775320775  
-0.4803701319  
0.1709409367  
0.3192063469  
0.5633915191  
