-1.287936692  
0.6815417098  
-0.4587526604  
1.022759032  
-0.192372534  
0.05537471586  
0.9691986968  
-0.8865404396  
0.7024780573  
1.539472412  
0.3866007661  
-0.5686886558  
2.434531801  
0.5867021811  
-1.086160616  
0.5921748883  
0.7203622831  
-0.3240433182  
-0.4468780335  
2.285184552  
-0.4635884082  
1.355885127  
0.3079715623  
-0.6066494435  
0.6783077769  
0.7293330843  
-0.130996096  
-0.7121344454  
0.8620910172  
-0.01898973063  
0.5342143411  
-0.5620545995  
0.5151019099  
-0.1983841584  
-1.447425858  
-0.486757405  
-0.5710415533  
-1.301398135  
-0.955986406  
0.418060806  
-0.5707284204  
0.3230478363  
-0.08230966724  
-0.9102930821  
-0.6762443375  
2.012751095  
0.1771193486  
0.5671517153  
-1.310892448  
-2.559114288  
0.4795318132  
-0.4773415445  
0.1725306961  
-1.410327263  
