-0.02007885015  
1.03021658  
0.4728652803  
0.3509910113  
0.3938222484  
0.03288986918  
0.4757596269  
-0.1288801032  
-0.08025607088  
0.3175279527  
-1.301675571  
0.3563487252  
0.224685309  
0.04779974694  
-0.2823880229  
0.3558450218  
0.3462209351  
-0.3686580845  
-1.316095387  
-0.2387697788  
-0.2328317131  
-0.3224138167  
-0.05580387606  
-0.4150170521  
0.01021333284  
-0.3076972482  
-0.5085361403  
-0.1781369731  
0.3409780901  
0.4960998426  
0.6065370467  
-0.4788844764  
0.847906636  
-0.09997854865  
-0.3625265229  
0.8086744254  
-1.5187536  
0.6083893367  
0.4244824998  
0.02763059593  
0.255210538  
-0.5180587293  
0.0999387377  
0.8867404871  
0.09459742183  
-0.6898522501  
-1.448258637  
0.1403473413  
-0.516696926  
-0.4841496989  
-0.02929862095  
0.5519027226  
-0.06610972168  
0.445090408  
