-0.3699843413  
0.01886018139  
0.1565118087  
0.722532437  
-0.5059645029  
0.2785943279  
0.8197507572  
0.4477388232  
0.01521596268  
0.8624224546  
-0.1466038833  
0.04039118885  
-1.38900296  
-0.4857938854  
-0.07768408543  
-0.5549292514  
-0.7229784375  
0.5394054  
0.3906621406  
-0.3183954637  
0.008931990491  
1.273946445  
-0.4273287351  
0.6248805619  
-0.4494590064  
-0.2627930843  
0.3157430653  
-0.4512610327  
-0.5220991559  
0.5154918308  
1.508175654  
0.5513114755  
-0.1330923739  
0.016818465  
0.5333510077  
-0.5912343237  
-0.3725542204  
-0.5277693892  
-0.3020869104  
-0.5079508232  
-0.08581513864  
-0.4262801949  
-1.152849764  
0.04963806583  
-0.01446889652  
-0.9995494228  
0.4313187499  
0.7178117632  
0.09911293912  
-0.1072225598  
-0.3224560948  
0.2209275914  
0.4736024074  
-0.05745044042  
