-0.5905581568  
0.4110162715  
-2.282286409  
0.01210205698  
-0.2973564275  
-0.1663995772  
-0.31003766  
1.438739655  
0.5682903862  
0.9500668465  
-0.3718923989  
-0.7525940851  
0.3798001638  
0.3595618553  
-1.413223624  
-0.2259377743  
-0.1803231237  
0.7663206364  
0.8682021789  
0.7406052355  
0.2297890796  
1.115058698  
-0.3251441198  
-1.383298334  
0.6406637861  
-0.3142065376  
-0.09221873648  
-0.6413296877  
0.08959514452  
0.3734717467  
1.73832246  
-1.483224618  
1.506771099  
0.1468725645  
1.050709219  
0.354576749  
1.535238006  
-0.97327521  
0.531894996  
0.04958549652  
0.3667093231  
-0.1992594349  
0.6392799077  
1.510666325  
-0.27198192  
0.03487190447  
-0.1121201713  
0.2651535057  
1.155489409  
0.9899301724  
0.3951395848  
0.1562925393  
1.379028112  
-0.4912823222  
