-0.2767193776  
-0.4667713695  
-0.4730174631  
-2.433020442  
-2.081361313  
0.03682931027  
-2.762669677  
-1.689329276  
-0.6008166571  
0.3098685009  
-2.114534541  
-0.7054949071  
-1.316295938  
-0.2016114335  
-0.2041161822  
-0.288007906  
-1.510469177  
1.495213293  
-2.309899128  
-0.5159987627  
-0.5910666283  
-0.8620966492  
-1.260201276  
1.012325945  
-0.4559517553  
-2.243996029  
-0.1702916456  
-1.652481504  
-1.249123601  
-1.436822267  
0.04818478728  
-0.08652020246  
-1.150449387  
-0.5568463426  
-0.2381938162  
-3.237791445  
-0.418714924  
0.4497910616  
-0.4286857535  
-2.681802861  
-2.114585599  
-2.520417601  
0.5622949058  
-2.172525638  
-1.336552169  
0.4255526431  
-0.5420038747  
-2.498490337  
-0.1194430822  
-0.3910168286  
-0.905646126  
-0.9211185039  
0.01384898345  
-0.4823618533  
