-0.6590840225  
-0.9404100199  
0.5493462444  
0.08371639324  
0.7985572586  
0.4776925937  
-0.410335192  
0.8027380656  
0.4933684322  
-0.5707005755  
-0.3060226773  
0.246732522  
0.3881691642  
-0.4975949911  
0.1104554629  
0.2301919805  
0.1767032005  
0.2095574131  
0.6146827503  
0.1839417553  
0.4967127418  
-0.2850247962  
0.575218071  
-0.8827633845  
-0.5631454141  
0.4627638174  
0.8343013012  
0.06982105706  
-0.4374883529  
-0.3164900068  
0.702783143  
-0.07676690884  
0.1699323897  
0.3468897943  
0.4968283916  
0.1943846802  
-1.04522193  
0.2993721714  
-0.596396902  
-0.6323179403  
-0.4651260428  
0.5608046162  
-0.3345915579  
-0.513257281  
-0.07608949738  
0.005345024593  
-0.3586621153  
-0.2865741931  
1.413924413  
1.015082919  
-0.1777942069  
-0.3706631422  
0.8080772157  
0.1896174149  
