-1.647568436  
0.09913174347  
1.157388409  
0.5077852367  
-0.5233262989  
0.7990624858  
0.1678119657  
-0.2403809242  
-1.188405476  
0.6991315719  
0.4533210256  
-0.3461039162  
-0.3278350961  
-1.114337942  
-0.1958707483  
1.078425186  
-0.7966853733  
0.3698757114  
-0.09377016598  
-1.523067954  
1.02921015  
0.1691272546  
0.3285350125  
0.2195630166  
1.001607556  
-0.6487618026  
-0.1461946988  
-0.1943392084  
0.1405452721  
-0.5265110194  
0.04558266542  
0.7438844137  
0.5073729859  
-0.8859204705  
1.352672991  
-0.9680585383  
-1.157459378  
-0.1081847884  
0.7187483734  
-0.3168060682  
0.2764898209  
0.5920599621  
-1.146611467  
1.430185877  
-0.8373535969  
-0.01875059687  
0.708421074  
0.651951501  
-2.723491587  
0.9119835408  
-1.204763885  
-0.219238544  
2.12898693  
0.9617403407  
