-1.141717953  
0.7733553897  
-1.721685293  
1.159440249  
-1.088489459  
-1.186113401  
0.03593051306  
-1.225457393  
0.935274129  
-0.2911156942  
1.498202976  
0.05307678487  
0.1990302765  
-0.8741195197  
0.8784919448  
0.3532594888  
0.127217119  
0.9320203739  
0.5747797051  
-0.8553047538  
-0.2612648045  
-0.7533068814  
-0.3864151729  
0.09031886138  
-0.6514524553  
0.366000794  
0.309742352  
0.7085052824  
0.1084823663  
-1.073373448  
0.09784938667  
0.6457823001  
-0.6309635234  
-0.1004897486  
2.098992109  
-0.6293506601  
-0.2858236416  
0.3311796841  
-0.4052196508  
1.178664588  
0.8980904626  
0.08056037986  
-0.3838219617  
-0.9068258992  
0.03649699511  
0.6300307769  
0.1755831105  
-0.2957085965  
0.1105122247  
-0.2121366166  
-2.041756635  
-0.03824967892  
1.883552253  
0.03447013237  
