0.3941254696  
-0.3591188633  
-0.3017377945  
-0.5286932201  
1.203857859  
-0.2627259788  
0.7237186965  
0.1402622888  
-0.0669491354  
-0.2993416829  
-0.316652652  
-0.4469117512  
-0.4160435333  
-0.3466974965  
0.2480637045  
-0.3909184261  
0.03140648832  
-0.1214585127  
0.01970837552  
-0.0600891  
-0.1218478768  
0.05072911714  
-0.3742067517  
-0.3298074995  
-0.4311019744  
0.0627072916  
0.4240560181  
-0.03190272054  
-0.4374737898  
-0.684330662  
-0.5679871471  
-0.01756815879  
0.8465336551  
0.9394472209  
0.2981974272  
0.3341596194  
0.1131240526  
0.1219137753  
0.7787612599  
0.8422269216  
-0.4474539273  
0.411463941  
0.2727338008  
-0.3790392693  
1.406652385  
0.7527701437  
-0.6086597818  
-0.1347811536  
0.5954435415  
-0.3296502346  
0.2243512615  
0.150159193  
0.4206321409  
1.477659789  
