0.1726202794  
0.4904796774  
-0.2059833566  
-1.318051887  
0.4837805193  
-2.007988231  
0.2567974653  
0.6199445935  
-0.06613876678  
-0.4250372994  
0.3278858357  
0.6467329887  
0.7001199367  
0.07848305835  
-0.8554924167  
-0.5089591589  
0.3667385526  
-0.5911921229  
-0.319601103  
-1.425595398  
0.2361917132  
0.9888921758  
0.1538034107  
0.5537737792  
-2.027489621  
1.152070355  
0.2392508503  
0.0980110561  
0.7252942993  
0.8381498019  
0.9610620467  
0.7385914775  
1.665473377  
0.3792994727  
1.316250969  
-0.6905163401  
-0.7107059943  
0.5014207897  
2.180890405  
-0.2196605013  
0.4959065813  
-0.1762036054  
0.1444216065  
-0.6972344699  
0.8368535836  
0.1810764027  
-0.6404004239  
0.5158049222  
-0.4516034335  
-0.9971265813  
0.09926240576  
-1.097863407  
0.6345773912  
-1.417343746  
