0.08851911476  
0.4884106442  
0.02105603019  
0.2243163454  
-0.6027883169  
-0.3254485309  
0.06660526014  
0.10709392  
-0.01998570909  
-0.04027963855  
0.3142972585  
0.6670400415  
0.4916789031  
0.7368893859  
0.140354957  
-0.3007466897  
0.1900090491  
-1.025677003  
-0.3873756764  
0.09914118569  
-0.2352301285  
-1.103094627  
-0.3155443539  
-0.07894805969  
-0.4740735107  
-0.2855031763  
-1.571522594  
-0.2012255224  
-0.3509089071  
-0.2740511318  
-0.56475913  
0.4751269263  
-0.03161253713  
0.3430280836  
-0.1377932387  
0.131172704  
0.06804162192  
0.2251577762  
-0.3505097465  
-0.007855949469  
-0.01573166629  
0.01103803119  
0.1106177499  
-0.4862173208  
-1.314031494  
0.1201454979  
0.06096830309  
0.4662417399  
-0.6502326897  
0.05060810455  
-0.1676685845  
-0.4838424162  
-0.6910009454  
0.6129218534  
