-0.9722606475  
-0.5295080516  
-0.3924648317  
-1.314624484  
-1.440898401  
0.09868708336  
-0.07076499931  
0.5606947698  
0.4769716363  
1.635982465  
-1.599437187  
1.273142893  
-0.1462473762  
0.5686027808  
0.6914230795  
0.235069217  
-0.2458219176  
0.1988888563  
-0.8875452278  
0.1490441028  
0.04532912901  
0.7315413713  
-0.02441466643  
0.7838048124  
-0.8463718359  
0.9088146918  
-0.06606157254  
-0.4702563235  
-0.02440312027  
0.6098169777  
-0.3743378363  
-0.09118376939  
0.8472579764  
-0.4639969047  
-0.3628217819  
0.6306759551  
0.6056867754  
0.1195378175  
0.5359885843  
-0.7038568744  
-0.2646608475  
-0.1559963324  
0.401365362  
0.9205010244  
0.6078761542  
-0.1214277519  
-0.7598284571  
-0.6923384245  
0.1018320688  
-0.08838934987  
0.2671354127  
-0.4545403325  
0.1269646719  
0.2349522084  
