4.866010448  
5.794657942  
-13.54070552  
-166.702641  
-25.50307931  
-99.50569554  
-72.24785617  
-61.31590707  
34.50769376  
-40.3003669  
122.8528762  
-247.8597571  
-43.82468252  
-17.98620731  
-13.0502162  
36.93964695  
53.1832796  
66.00095252  
131.2659853  
-92.44964613  
-0.7843887825  
18.66050812  
-20.52670455  
41.79432269  
36.02365351  
31.21347039  
-23.07744256  
-30.01294645  
31.21329298  
38.127344  
88.27454118  
-3.430573373  
30.30206972  
-59.13812794  
41.76032326  
-12.6902527  
-13.96508072  
109.3897645  
45.69049909  
-126.6521858  
25.62201029  
25.08425453  
189.7524908  
-27.82446415  
-24.40284207  
-78.44967725  
-28.33321087  
-48.00661697  
8.545084157  
1.322931167  
42.48026006  
39.46781773  
26.93659429  
-62.64249334  
