0.146498169  
0.3038309411  
-0.232160815  
-0.07595477805  
-0.02187976736  
-0.5033012391  
-0.04632864606  
0.1321106596  
0.06778290497  
0.08496031043  
-0.2394926822  
-0.1704196868  
-0.07194795101  
0.09467069805  
-0.1374718671  
-0.1629621223  
0.2437647001  
0.01408432883  
0.2420712203  
-0.1636464903  
0.006900917895  
-0.32440473  
-0.07815980806  
0.1350665111  
0.3399345779  
-0.1210722755  
0.2845006295  
-0.002032291287  
-0.2701839474  
-0.03254495884  
0.08179171699  
-0.2045640702  
0.1427795684  
-0.1027203279  
0.01000304463  
0.2140787016  
0.2542374436  
0.3124208201  
-0.07997103258  
0.02791144618  
-0.1356968105  
-0.1455572664  
0.005375405057  
0.2516524468  
0.1334044371  
-0.1008435275  
-0.04014968165  
0.1283993311  
-0.08713573123  
0.3410354561  
-0.2073446834  
-1.044693188e-05  
-0.1837815837  
-0.4761657917  
