-4.416338513  
1.733227863  
-3.748971233  
-5.128570425  
-6.595684999  
1.328373651  
-0.480833001  
1.154888725  
-4.034141473  
-1.587150877  
-9.332637941  
-6.992539617  
-3.794847741  
-2.429815255  
-0.7763524571  
-1.725769765  
0.1810741449  
6.384476526  
-3.147435358  
5.969174039  
-6.091520955  
2.180905107  
-1.376556647  
1.106196161  
-1.768784824  
-2.909731493  
9.185090469  
-3.782420864  
4.663175326  
5.79053699  
-7.568617546  
1.629334963  
-0.5045285872  
5.497141562  
-2.996372648  
-0.8068542817  
5.067067888  
-2.928387601  
6.389929904  
-5.6264301  
2.335636091  
0.1075914406  
-2.647894608  
-4.96507149  
2.678717737  
-2.072146438  
-2.777210061  
3.75905169  
-12.69623097  
-7.765624882  
-5.363933982  
0.8589717335  
3.078746307  
-4.844758681  
