-1.067415208  
-0.06338908113  
0.1008584492  
-1.033884935  
-1.118984825  
-0.8804413979  
-0.2425230382  
-0.1844819989  
1.112734202  
0.7693529068  
-2.026068995  
0.9390182376  
0.1006553884  
0.06192488743  
-0.1186898158  
0.005549915859  
-0.2932567626  
-0.1800215002  
-0.9025589336  
-0.2801976395  
0.1794646179  
0.874806469  
-0.1356614583  
-0.1469943436  
-0.7491992352  
0.5230139525  
-0.01235815104  
-0.5442570679  
0.03335076817  
0.5771151483  
-0.1222373774  
0.08477588975  
0.5179057346  
-0.948337513  
0.3401161999  
-0.3125938907  
-0.1140355349  
-0.1727048343  
0.519998204  
-0.4968534727  
0.2497315557  
0.1779718471  
0.6104627582  
0.3601661093  
0.5813125204  
-0.5102168934  
-0.7758108771  
-0.8167159032  
0.2240714685  
-0.01930625653  
0.9474142851  
-0.8239872141  
-0.4475507565  
0.6249462909  
