0.6932388343  
-0.1703229138  
-1.088500318  
0.7412690173  
1.463440726  
-0.2384180872  
0.2306579603  
0.7170891809  
-0.9568609338  
-0.3241671625  
0.8698676301  
0.1028983053  
-0.6614004715  
-0.2509871567  
-0.2056367427  
-0.4671685603  
-0.009194232643  
-0.06670102869  
1.412331521  
-0.0756251449  
1.044951366  
-0.751571805  
-0.4609871834  
0.6261041785  
0.4387996991  
-0.858439033  
0.04968890581  
0.3429539484  
-0.5158379708  
-0.6582619956  
-0.6617502257  
-0.2191860147  
0.994628382  
-0.12856894  
0.8033033275  
0.5962506382  
0.3238834419  
0.6196921  
-0.8189162224  
0.7354394175  
-0.7149722538  
0.8048083721  
0.4137036535  
0.3373527208  
0.3489405078  
0.08623624462  
0.2067267258  
-0.2053997471  
1.218051498  
-1.751080818  
-0.8158294335  
0.5363433048  
2.355731556  
0.9276061904  
