0.6227826607  
-0.8840166359  
0.2938032524  
-0.2816479814  
0.07706082648  
-1.401775857  
-0.04771976065  
0.2311229257  
1.788405329  
1.278635083  
-0.7872141267  
-0.4157311277  
-0.3610558761  
1.496108134  
-0.3151957727  
-0.4713807281  
-0.1779935328  
0.2167514225  
0.02529412121  
-0.6183790058  
0.2050315756  
-0.7270005308  
-0.2466691029  
0.0478827146  
-1.185442499  
0.3306495908  
0.1753806952  
-0.572844025  
-0.06824305723  
-0.4712411344  
0.4998372189  
-0.5207836914  
0.5414354596  
-0.8053623493  
-0.105529251  
-0.9805811131  
0.2828667526  
0.9950155591  
0.4242658543  
0.06172682342  
-0.993520837  
-1.102282498  
1.326476525  
-0.6878983095  
0.8597171338  
-0.958658539  
0.1177970924  
0.1469038325  
1.259607004  
-0.285347992  
-0.3176630131  
0.9966369779  
-0.1581969011  
1.576674508  
