0.03224379069  
0.7573676132  
-0.1173485842  
-0.9852878414  
-0.153917658  
-0.04747459191  
-0.7415105501  
0.2865833242  
0.7470591859  
-0.7335335287  
-0.3273846291  
-1.772827953  
-0.4799260032  
-0.1912535352  
-0.2282985821  
0.9311929845  
1.089905898  
1.019299908  
0.9184650801  
-0.7812445704  
0.1234816186  
0.1765049175  
0.002245018041  
0.1093202653  
1.427849461  
0.6226888272  
-0.1003134481  
-0.3703787508  
1.063943118  
0.5925433148  
0.9129026055  
0.5112078707  
0.5778529658  
-0.6575537958  
0.4911523403  
-0.4170894246  
0.07367971398  
1.354739489  
0.1871674011  
-0.9468460091  
-0.2794669884  
-0.3336893738  
0.5224127186  
-0.1704556792  
-0.2227128557  
-0.2222952869  
-0.303998354  
-1.030374401  
-0.2097516797  
-0.3130627979  
1.346816091  
0.3175767853  
0.2176726694  
-0.5710639991  
