-0.2185942689  
0.3968615644  
0.7734387004  
-0.3469487185  
-0.03552233242  
1.613222474  
-0.3447488198  
-0.5321358156  
-1.182048153  
1.194054641  
0.2701253167  
-0.02508754889  
0.5583424927  
-0.1267062732  
-0.4083763626  
0.2021662321  
-0.7633625289  
1.012950724  
0.5066906232  
-0.7259202997  
0.3046465497  
0.4184184597  
0.4678825072  
-0.2723978219  
0.3848241714  
-0.3166560592  
-0.09014600026  
0.4061516557  
0.6894692219  
0.2272649385  
0.03305473566  
0.8995561318  
0.5169472636  
-0.1150767229  
0.09148337341  
-0.7706689313  
-0.2936757264  
-0.1200727012  
0.204940182  
-0.3849199433  
-0.5766548847  
-0.2098092262  
-0.6939066451  
0.6940214918  
0.03561522757  
0.417230764  
-0.3351779334  
0.8607248223  
-2.123995983  
0.6477880619  
-0.1831245416  
-0.08233482443  
0.8793943872  
0.5038193563  
