-0.03919434555  
1.147619944  
0.1149721875  
-0.6189616217  
0.9925547432  
-0.3182547215  
-0.3767603273  
-0.06897328803  
-0.5336462658  
0.3729758129  
0.6292746083  
0.8560561942  
-0.1451970398  
0.8962311479  
-0.5649979594  
0.2113372429  
-0.08217932816  
0.1479275766  
-0.6529228242  
0.2482189024  
-0.002181898391  
0.1244261663  
-0.6678979347  
0.2979280659  
0.1815052532  
-0.1567940168  
0.03094656369  
-0.3140471456  
0.4642072956  
-0.3383569397  
-0.6620071914  
0.1921106947  
0.07010242215  
0.3941038465  
-0.8032135304  
-0.1990147396  
-1.107605723  
-0.6783413789  
-0.8639529947  
-0.0951634563  
0.03232851563  
0.2764694483  
-0.2638541298  
-0.2334636781  
0.5042766577  
0.9202866075  
0.232054497  
-0.4370264493  
-0.509987997  
0.9733389704  
-0.3889763984  
0.2477873496  
0.2660149856  
0.009489218861  
