-0.236468904  
0.9369804932  
1.516646115  
0.2342697378  
-0.1374027652  
-0.4896911072  
1.075261679  
1.393104299  
0.8176602016  
0.2466802042  
-1.497569574  
0.6881953044  
-0.8715004279  
-0.2897733207  
0.8271299449  
-1.806273906  
0.6897610986  
0.5759699345  
-0.8748562678  
-0.6914945148  
0.3259983554  
-0.2712540219  
-0.8508733599  
1.673584777  
-1.304829822  
0.1786211248  
-0.5655584495  
0.9449502738  
-0.2227979815  
-1.02802281  
1.110527729  
0.07124146293  
-1.196922576  
-0.4824797461  
-1.837024408  
-0.6598325334  
0.8081420223  
-0.7049233786  
-0.1156876473  
-2.512539843  
0.4281638896  
-1.963232202  
1.65155976  
0.1490471582  
-0.07897963912  
-0.7376074134  
0.497819928  
-2.644171189  
0.07792025448  
0.148290864  
0.7614763931  
-0.1385758146  
1.715668812  
1.055521444  
