-0.01106790818  
0.3317475822  
-0.9817622944  
0.4597360452  
1.005274091  
-0.1915284539  
-1.165223305  
-0.6691615892  
-0.2603736795  
-0.2380989535  
-0.7192536473  
0.7704076719  
-1.344488982  
-0.503931632  
-0.4071284379  
0.5214633023  
-0.3008312926  
0.7995231299  
-0.7934414644  
0.08617180462  
-0.2433066921  
-0.6320476219  
-0.6465107738  
-0.7072090286  
-0.3341331688  
-0.4292932601  
-0.4787815505  
-0.01739489016  
-0.9128557535  
0.06195915188  
-0.2298883695  
0.2034734726  
0.03504972584  
0.222972733  
-0.6945583408  
-0.02709669002  
-0.5130706403  
0.1686598578  
0.557016492  
0.08692303431  
0.6471193331  
-0.4342918923  
0.01264130964  
-1.001170343  
0.4837286863  
0.4690497973  
0.2512534505  
-1.058914914  
0.4139822796  
0.8890196311  
0.2603712593  
-0.2742955306  
0.4472275643  
0.9057245167  
