0.6177425723  
0.03317881474  
0.4568232812  
-0.5541891469  
-0.5165844005  
0.1049550585  
0.6934015836  
-0.2564052145  
-0.698794742  
0.4737173816  
0.3693979746  
0.1340157183  
0.3126597499  
-0.4521056339  
0.512589494  
-0.1626704245  
-0.0411429497  
0.1302617213  
0.2861293841  
0.3250905958  
-0.3119840907  
-1.017282618  
-0.4303075474  
0.5144575454  
-0.214426455  
-0.86124338  
0.9933515642  
0.7213299534  
-0.2060566985  
-0.5642904278  
1.555270877  
-0.6027301999  
0.3683925521  
1.032812123  
-0.3242860057  
-0.2318214954  
-0.148574082  
-0.3546355696  
-0.791720496  
0.406619979  
-0.1313982672  
-0.4513232348  
-0.1380689174  
0.5415238483  
0.1694566109  
-0.4830251133  
0.7138263967  
0.3721694064  
1.335232663  
0.02750719369  
-0.3361927653  
0.4256026932  
0.1538896299  
-1.48881606  
