-0.2197909548  
-0.2563397717  
-0.6128784605  
0.3713867749  
1.376739297  
1.037208277  
-0.08001784108  
0.4005875131  
0.3733687181  
0.003271252642  
-0.0462121972  
0.02264029377  
-0.3209831495  
-0.09100259318  
0.09971186229  
-0.04638294898  
-0.2692679493  
-0.1941588431  
-0.6176923824  
0.2557610195  
0.2532310764  
-0.1182240216  
0.265459114  
-0.1445934737  
-0.008628743206  
-0.08100275415  
0.06262574836  
-0.5398098917  
0.07680253686  
-0.9575403175  
-0.2079415747  
0.5681112958  
0.4616848521  
-0.008836049975  
-0.07833881613  
0.5555760068  
-0.7435632882  
0.3207710885  
0.2355997843  
-0.461506384  
-0.2037310785  
0.3167052658  
0.3371639501  
-0.4707866957  
0.1271935946  
0.1727194502  
0.1871158225  
0.1490915453  
0.8542666558  
-0.1469578547  
0.4810766161  
-0.3832978492  
-0.3166823505  
-0.9617531064  
