-1.598389968  
0.9198090552  
-1.41842781  
0.8663342742  
0.2421515994  
-0.2881832353  
-0.9530792393  
-0.188193537  
-0.2086936981  
-0.587011851  
-0.1387906216  
-0.2163136384  
-1.459425245  
0.4700916196  
-0.7730419189  
0.2060825883  
0.2770230052  
0.1990702086  
0.8895129349  
0.445250176  
0.0629635991  
-0.9375455762  
-0.491298279  
0.7078625807  
-0.1960632404  
0.4605256672  
0.3510022966  
1.906038652  
-1.759841191  
1.025166855  
0.4101297069  
0.7964974615  
1.284941085  
0.3820988541  
-0.7916343822  
-1.363952511  
0.3343610901  
-0.2256078716  
1.118243252  
0.01409750002  
-0.842453074  
0.06000121652  
0.2753464191  
0.4387424471  
-0.5588595368  
0.2713438693  
0.6311526226  
-0.694508029  
0.5549188625  
-0.003244952132  
0.8659743922  
-1.358901197  
1.123413023  
-0.3482443836  
