0.6061177235  
0.01125473293  
0.1927110864  
-0.7446185425  
-1.011934535  
2.291126582  
-0.1403846991  
-0.1482971156  
0.7281052128  
0.5252071914  
0.9704350478  
-0.2219515004  
-0.540980652  
0.3427913284  
0.4259735483  
-0.4579999971  
-0.1509195601  
-0.3008094264  
-0.08691807319  
-0.542408761  
-0.5622171462  
0.4695876965  
-1.464371387  
0.3808420581  
-0.3971881724  
-0.894262699  
2.025023618  
2.826537765  
0.3338160613  
1.451341696  
1.228945035  
-0.01105500955  
0.2598585238  
0.02804492049  
1.02927878  
0.4379227079  
-0.2935683296  
2.223553785  
0.7136892571  
0.7941717488  
-0.8781082326  
-2.864368411  
0.2243570348  
0.1826453984  
-0.3703739861  
0.710796404  
0.0715844664  
0.5191636151  
1.465260826  
1.173402523  
-0.489899253  
0.5734939718  
-0.4370711402  
-0.2356250677  
