-1.491446615  
1.05588498  
0.2564686903  
1.266407237  
1.390258377  
1.609224283  
1.819530727  
0.570023384  
1.659380665  
0.152991717  
-0.4680864215  
1.273960184  
1.655445497  
0.6175418686  
0.3782902974  
0.9598248644  
2.28323478  
0.1308186056  
0.3378244939  
0.1662195711  
-0.2440156512  
1.067680793  
1.981956773  
0.317050738  
0.3068491935  
1.041273451  
-0.3579266801  
0.4131873969  
1.990280375  
-0.6025656473  
0.2850508235  
1.120768056  
-0.1830177861  
0.3891713595  
0.02367972613  
0.8563817485  
0.8629591025  
0.9285615454  
1.439090864  
1.004331121  
0.2245904882  
1.449035142  
0.922074844  
1.42842109  
0.6752613482  
1.188953984  
1.477226727  
0.4466046163  
0.501264846  
0.6448771374  
0.9664915083  
0.3020929509  
-0.739249572  
-0.4671195221  
