0.2606966694  
0.5318032468  
-0.0810518251  
0.5841345818  
-1.085666758  
-0.9089413311  
1.144042468  
-0.1343555386  
-0.2987893167  
-1.116040912  
0.05432746795  
-0.2852719643  
0.0122491435  
-0.7973088928  
0.4311200775  
-0.4040518923  
1.778950797  
-0.3815875767  
-2.093076797  
-0.4618568232  
0.03455276925  
-1.943938408  
0.8452578556  
-0.3086783357  
0.4323527474  
0.06020269631  
1.224272816  
-0.739131422  
-0.1433167712  
0.1290722693  
-0.7115435741  
-0.3153352688  
-0.5552577022  
-0.05074716712  
-0.8338766506  
-0.05127132527  
-0.6459511417  
-0.2447232659  
0.6326409676  
-0.1568259503  
0.5380542006  
1.367588249  
-0.9152968173  
-1.838915  
-0.4763752898  
-0.5941458517  
0.2000809028  
0.6450500881  
0.7574895309  
-0.2725034297  
0.116578436  
-0.6267535808  
-1.807680532  
-0.7884815649  
