0.17808125  
0.2565317471  
-0.6087818244  
-0.003823682525  
0.02953376162  
-0.1155834595  
0.3789131618  
-0.004241285665  
-0.02971549405  
0.04459167781  
0.166280133  
0.07906247646  
-0.4839464202  
0.1187972156  
0.6812837235  
0.3671502206  
-0.2056012849  
-0.03614664361  
-0.1111493968  
0.0661962274  
-0.4613885684  
0.07422360059  
-0.118625896  
-0.1790420772  
-0.05526280874  
0.03813015039  
-0.9579011072  
0.2071545696  
0.153822832  
0.6872911027  
0.6384342413  
0.1417531318  
-0.5931797832  
0.4497205651  
0.4120499769  
0.3191152163  
-0.2738382008  
-0.07593217794  
-0.2807898366  
-0.1539271213  
-0.7537595887  
0.4386195793  
0.1416985542  
-0.5644640279  
0.3128209492  
0.4165040786  
0.05057987522  
-0.9136920939  
-0.2861747384  
0.325429769  
-0.03247426096  
0.2633622109  
0.2351827952  
-0.03301384971  
