0.7472717452  
0.5483948484  
0.09708802771  
-1.485396574  
-0.3512763257  
-1.478962836  
-0.05756473776  
-0.8166255923  
-0.4056221903  
0.1688715195  
0.003381351499  
0.215227578  
-0.8016743231  
-0.9335699118  
-0.8338631644  
-0.5376720814  
0.7542861895  
0.3110877149  
-0.02712222477  
0.9459350069  
-0.1329091462  
-1.930264154  
0.3517340891  
-0.2715854628  
-0.5188778183  
-0.4348823547  
0.6315861132  
0.09092187608  
-0.8497665151  
-0.8054539694  
0.6432253338  
-0.6215552098  
0.2319675837  
-0.8030199142  
-1.35257066  
-0.4720811884  
0.823180017  
0.3641410778  
-0.3202709761  
-0.09698192323  
-0.9271703392  
0.2105922612  
-0.3355328198  
1.138468508  
0.436814504  
0.3382814161  
1.75477582  
-0.06450561962  
0.9914726639  
-0.6248215708  
-1.406036401  
-0.398089131  
0.2981916594  
0.6513037453  
