19.69048748  
-26.24269152  
-69.42754586  
-84.72335521  
-4.295533396  
60.12915741  
-60.4948741  
-27.50889296  
-37.86493263  
-90.61198751  
-64.53543733  
-47.76761318  
-50.66705171  
61.76627239  
18.54564798  
-100.8671457  
-119.8321258  
15.89058241  
-174.4436534  
-63.5412571  
-128.3689461  
-70.25293705  
-28.47799258  
-32.28095946  
-22.89531976  
-37.29502431  
-68.54570427  
99.46899039  
-27.44144958  
-72.07297274  
-120.261429  
36.28744772  
-11.59200109  
-6.882426521  
23.5272123  
-65.78391384  
-7.429569803  
7.481818975  
-48.93827944  
-91.62123975  
-98.89033143  
-116.7424642  
-19.18677897  
-4.659040672  
-38.0115436  
-10.80555436  
-34.38649935  
-4.203213847  
-66.37881695  
-237.0314181  
-136.3109958  
-83.76712337  
-35.10495634  
-130.4750427  
