-0.3818113715  
0.03393308994  
0.02096672718  
-0.4540929148  
-0.04732581117  
-0.1282795545  
-0.01202889937  
-0.1898672098  
-0.06042426452  
-0.06127839356  
0.4157707096  
0.1514704023  
-0.2018602198  
-0.01401984788  
0.2779189868  
0.2457996085  
-0.03035553636  
-0.15118058  
-0.03861224429  
0.1494518191  
0.1661675204  
0.1948222409  
-0.111523855  
0.068321611  
-0.5152752697  
-0.002135512276  
-0.1701446434  
-0.02425360286  
-0.1246122835  
-0.07034979766  
-0.2454450936  
-0.1579534938  
-0.1952207666  
-0.1098756057  
-0.05187546356  
0.1534042618  
0.02865072669  
0.1356523027  
0.009093106402  
-0.3395774123  
-0.08828738071  
-0.005700597826  
0.2474709745  
-0.1025973189  
0.2434250591  
0.2459693256  
-0.07750493911  
0.1061264923  
-0.1578984441  
-0.16700402  
0.12708891  
-0.09078881093  
0.04625411739  
0.2012838796  
