-0.4238036832  
-0.0653239018  
0.4924273428  
1.766127728  
-1.085666758  
-0.8853956684  
0.2609688544  
-0.1830411932  
-0.2606706925  
0.4316491973  
-0.0674266274  
-0.3807967656  
-0.0701685989  
0.1526446664  
0.5829901699  
-0.2259900829  
1.643582323  
-0.4171047234  
-1.895938522  
0.01057340207  
0.195614415  
-1.423371748  
1.525146839  
-0.1407784686  
0.1145729152  
-0.9164951899  
1.076390496  
0.63455503  
-0.11376644  
-0.2310789556  
-0.09851010614  
-0.1235894205  
0.4631244079  
-0.1250342759  
-0.6528175277  
-0.5957040599  
0.2810019421  
-0.579360249  
-0.6625685602  
-0.5590366282  
0.8105329769  
1.140078401  
0.00826571421  
-1.615880607  
0.8976216544  
-0.1843979931  
0.2000809028  
0.4506971798  
0.4218613402  
0.4223559502  
1.061103515  
-0.3524076319  
-0.9814864851  
-0.7884815649  
