-124.2489227  
-26.19621183  
46.32954934  
165.0088931  
-104.0076643  
-131.8918961  
357.3811637  
-9.570329489  
525.3006195  
-55.0043613  
480.0024261  
289.5593309  
388.1702021  
-18.4744959  
-199.2806098  
180.7324839  
-7.911669474  
-247.9875184  
-72.28798647  
229.9821778  
-11.19123579  
211.9103387  
88.67619018  
-222.129076  
26.87863094  
-155.3099709  
-607.4444306  
-44.34658869  
328.8711791  
-138.4550487  
-243.1252465  
191.9595543  
88.42487961  
-210.0732364  
88.84240915  
-10.70100026  
331.031065  
286.4320202  
86.41884134  
42.99080846  
-11.3096478  
-80.53867001  
487.5958655  
-249.3186665  
-34.61683012  
97.86978074  
99.92469548  
-98.52346953  
-151.0652308  
509.9810439  
138.5749816  
339.9008308  
23.96961003  
348.4555317  
