0.01929482857  
0.4552588439  
-0.2556635066  
-0.3779801937  
-0.54938426  
-0.3525406359  
0.2926188182  
0.1255643342  
-0.4784605752  
-0.4280551795  
-0.4988898504  
-0.3087410608  
0.257718474  
-0.6190711894  
0.3317711439  
-0.04356761062  
0.05962700748  
0.4564567206  
-0.7779035112  
0.4067815401  
0.3775614112  
-0.03150236089  
0.583105122  
0.2129653123  
-0.4606831236  
-0.1155671966  
1.08181438  
-0.3727464318  
0.2797355899  
0.2093187984  
0.1290460731  
0.03766884613  
0.03964593801  
0.637261401  
-0.1239623267  
-0.3503123405  
1.069305435  
0.07391582378  
1.398421163  
-0.5028832963  
0.08270088983  
0.2356282035  
-0.4878248119  
-0.800092657  
0.6200699893  
0.2391453576  
-0.2311027384  
0.6197288929  
-1.236179052  
-0.5136937337  
-0.01476260766  
0.06753209322  
0.7075858259  
-0.3009712583  
