0.9106016017  
0.2388348862  
-0.02962008142  
-0.8482235106  
-0.1341798881  
-0.09524989465  
0.5622993094  
0.2097620217  
-0.1583483289  
-0.3998830641  
-0.6926317673  
0.4510018763  
0.185442953  
0.4474697074  
-0.06696628202  
-0.04608534682  
0.05065599607  
0.278385595  
-0.09297096951  
0.3675437957  
-0.1996967334  
0.5369655336  
0.936623406  
-0.283068522  
-0.6776073786  
-0.1095346855  
0.1338662583  
-0.4064885367  
-0.4492508556  
0.3734892691  
-0.2522087328  
-0.1405875386  
-0.2877246568  
0.5144515219  
0.2326887755  
-0.2675576341  
0.8001818787  
0.1564718518  
0.07684937116  
-0.6510537378  
0.6918900896  
-1.151579267  
0.7225893585  
0.898943211  
-0.4194591322  
-0.323085226  
0.4331406347  
0.2051140434  
-1.379967444  
-0.1421911652  
-0.07055034806  
0.2046001274  
0.1590857362  
0.5624525815  
