-38.0587915  
-40.93469571  
-86.58535914  
-147.1346508  
21.78098782  
14.44705171  
-168.448191  
-75.22627439  
-35.48527659  
-66.3181753  
-52.69350077  
-79.77057719  
-36.19609822  
55.93655033  
-7.667926235  
-64.87911026  
-54.00692324  
-41.5781479  
-104.1654327  
-54.98929718  
-128.4837663  
-85.78613072  
-37.02270662  
-1.071141774  
-39.00744082  
-27.52069523  
-86.23239826  
-4.099877038  
-27.79875473  
-40.59067932  
-231.2010747  
-19.58589795  
-32.7815585  
-101.6848903  
-6.863752  
-48.07797859  
3.832663402  
-42.49605175  
-45.64316649  
-42.48342903  
-48.20003659  
-115.7899645  
84.62673893  
-10.50455027  
-18.56119748  
-46.47056688  
-44.21927399  
-43.06300494  
52.25097774  
-72.30693976  
-85.96638404  
-92.77522183  
-57.73549073  
-81.51764576  
