0.5832420164  
-0.06683324816  
-1.483512042  
-1.326496844  
2.412450155  
-1.783739882  
0.3742669716  
0.1430506864  
1.162408501  
0.3559600793  
1.247995995  
-0.005187130876  
0.03806200658  
0.2022851937  
0.6624404501  
0.6103148602  
0.3656109168  
-0.2728283426  
-0.277411946  
0.8203203064  
-0.9682636386  
-0.2410051485  
0.2660903382  
0.778162323  
-0.5267185902  
0.1375727612  
-0.0381264267  
0.1784303738  
0.481806506  
0.7795318067  
0.8760099533  
1.811221815  
0.8204600564  
-0.1267871594  
-0.4676346267  
0.2188453001  
0.6430850694  
0.4666722413  
0.5564719595  
-0.4300282493  
1.127777217  
-0.6658891718  
-0.04450540813  
-0.2236660915  
-0.9335445189  
0.7052796214  
0.1757100237  
0.7374193952  
-0.4288257004  
0.09340337625  
-1.003210261  
-1.445442371  
0.6117695743  
-1.467870891  
