-0.3946166044  
-0.5423108063  
-1.545766603  
-1.657770641  
-2.2699117  
0.7076545742  
-2.530513789  
-1.602154487  
-0.7914929825  
-0.2048074054  
-2.208594887  
-2.602215789  
-1.515435502  
-0.9757801934  
-1.456773339  
-0.7355361291  
-1.630722309  
-0.3535329073  
0.2991213476  
-2.956158255  
-2.646697346  
-1.959290429  
-0.5420323548  
-0.6737445171  
-2.352742581  
-1.264061692  
-0.2467264235  
-0.9695359404  
0.2349540042  
-0.2631730563  
0.6124242332  
-0.6953090076  
-1.050534733  
-0.828806936  
-1.244257789  
0.2990172725  
-1.929706432  
-0.1193145404  
-3.268252009  
-2.627777018  
-0.8558533266  
-1.049135343  
-0.6952046171  
-2.164979496  
-1.165866654  
0.6508814034  
-1.346914782  
-1.273144062  
-1.380189462  
-0.8291115384  
0.2185797857  
-0.8945882895  
-1.765800968  
-0.8367050459  
