0.850125123  
0.1581530107  
-1.595705958  
1.580443069  
-0.6323684802  
0.8132844273  
0.7635949287  
0.1711342604  
0.2806338251  
0.3828009392  
-1.450630849  
-0.7725080346  
1.217733864  
-1.050423757  
0.1098717191  
-1.911487454  
-0.01462198214  
-1.055290662  
0.06653914  
0.7916601044  
-0.9022997309  
-0.4521672979  
0.2061475317  
1.105708823  
0.4505451949  
-0.6639851423  
-0.3982297451  
0.4326720509  
0.2355302543  
-1.561913886  
0.373350053  
-0.3960298286  
0.700942636  
0.3661783081  
0.6888272183  
-1.983486791  
-0.3738634448  
-0.1904052093  
1.886403792  
0.4362974473  
-0.9097958472  
-1.171458684  
-0.2550603376  
-0.471551295  
0.6723972998  
-1.226849226  
-1.507824597  
1.160021787  
0.5587919429  
-0.2903300864  
-0.7264065192  
0.9201587172  
0.2322711282  
0.5724667836  
