-0.1037608865  
-1.015088741  
-0.5885658472  
-0.1691485646  
-0.2793969611  
2.529964669  
0.4046277483  
-1.19611147  
0.266056569  
0.593025346  
1.765047619  
1.144968649  
0.6444316219  
-0.623331412  
0.7083956643  
0.0121175397  
-0.86753266  
0.05445823665  
-0.1781410625  
1.531798688  
-1.184397069  
0.6407249893  
-0.6285860595  
0.783080476  
-0.2487319046  
0.1103463328  
2.695215877  
-1.001858534  
0.5253313953  
-0.05708142326  
-0.4240738175  
0.697661232  
0.7737075402  
1.204408717  
0.1038961229  
0.9737206803  
0.8556151276  
-0.6767032348  
0.9296026716  
1.342814637  
-0.07932031067  
0.2995955164  
0.7013730402  
-0.09753874755  
0.03621592373  
0.3288033208  
0.7993035948  
1.010830014  
0.1037700711  
0.7358523824  
0.8566472129  
0.4679115458  
-0.08523490039  
-0.6871105128  
