0.9692224212  
-0.1191710965  
-1.503874718  
-1.860735649  
-1.20496069  
-1.399314943  
-0.255791072  
-1.737805214  
-0.07406549273  
-0.7776540069  
-0.0304022399  
-0.5615051067  
-1.766571089  
-0.5414156696  
-1.10691119  
-0.338012337  
0.0241182472  
0.6998836184  
0.2505060168  
0.5425466185  
0.9548334001  
-1.731515523  
-1.658182596  
0.783065138  
-2.529171009  
0.5779909176  
-0.2286677619  
1.101805991  
-1.513383878  
-1.198116813  
0.6895827126  
-1.09428036  
1.091318181  
-0.7450842834  
-1.53935269  
-0.3301108457  
0.6622940424  
-0.01909359348  
-0.6904587644  
0.9816198792  
-2.870517919  
0.01151245877  
-0.2684354594  
0.3842889328  
0.579355052  
0.02270273982  
0.9063170725  
0.5073616897  
-1.376918567  
-0.9513371722  
-2.036951507  
-0.5689792884  
-0.518937303  
-0.1841416943  
