0.3837900315  
0.7077206293  
-1.072353379  
-0.4284543505  
0.06536686208  
-0.01826331749  
-0.4559877218  
1.094664593  
-0.2052150534  
-0.150024962  
0.3875643513  
0.1576214034  
0.4695282702  
-0.0100812295  
0.4469157622  
0.2324978143  
0.5046479974  
-0.09192054304  
0.3652417088  
0.4462562089  
0.6727247506  
1.237622882  
-0.4524517815  
-0.4946592993  
-0.1606861974  
-0.4669088564  
-1.084215215  
0.2919906082  
0.04814502718  
0.8875320112  
-0.5688719754  
-0.2737927118  
-0.5448701661  
0.5833433542  
-0.731387563  
-0.73631051  
1.060378546  
-0.1982847482  
-1.148155871  
0.3481119674  
0.4785112354  
-0.652058188  
0.1930262521  
0.8416246863  
-0.8354975906  
0.7517570959  
0.4758476251  
-0.538116726  
-1.44551762  
0.2586641201  
0.0315120569  
-0.3297528028  
0.4114683878  
-0.714505834  
