-2.187457213  
-0.5878176183  
0.517042841  
0.3771314619  
0.9299172695  
1.273829249  
-0.7712384057  
-0.0156064152  
-0.5541257986  
-1.17609591  
1.310677004  
0.5640374318  
-0.4641332142  
0.6746522317  
0.6182338596  
-0.2872688446  
-0.9942001485  
0.4806351309  
0.5386728042  
0.8004760008  
0.5355413393  
-0.2294434354  
-0.3287096699  
-0.3792567515  
-0.344336036  
0.9667070623  
-0.2219051228  
-0.2594949277  
-0.03999997118  
-0.534608062  
0.4709662324  
-0.6587703265  
0.8847279004  
-0.3482737312  
0.8954131652  
0.08643837488  
0.09190719514  
0.7163466464  
-1.310447908  
0.2717931093  
-0.2849569508  
0.3745888579  
-1.163601143  
-0.5985038903  
-0.1746314802  
0.4433143121  
-0.1536835805  
-0.06206680091  
-0.2169653448  
1.396758396  
0.6417206191  
0.4540984865  
0.6939082041  
0.2154905102  
