0.09196163276  
-0.3264679834  
-1.376470711  
0.2074991776  
0.1769591015  
-0.5964216257  
0.7827343414  
-0.2455302133  
3.086000372  
-0.5393493023  
-0.6394880081  
1.501099299  
0.03458993663  
-0.3271811153  
-1.07291725  
1.490832266  
1.037800221  
-0.8519816442  
0.5256432001  
0.2208820915  
1.763712799  
1.167562614  
-0.6304013259  
-0.4454774589  
-0.4057432593  
-1.095657347  
0.6069830761  
0.5934211964  
0.4607518087  
-0.09269354098  
0.3793951207  
0.601334313  
0.2359948662  
-0.7820476596  
-0.8257359653  
-0.9222666369  
-0.7578314959  
-0.02185661009  
0.9848297422  
1.33704531  
-0.6149466827  
1.048092208  
-0.7699995462  
-1.320170895  
-0.9505036342  
-0.1008433752  
-1.925303768  
0.572225297  
-0.3560469992  
-0.4652337721  
-0.4404957461  
1.220961252  
0.940041067  
0.2787607481  
