-0.2293638057  
-0.4903013552  
0.8863115451  
1.442881547  
0.4726671406  
0.307310485  
-0.4275822161  
1.047369992  
-0.1977810355  
-0.198550185  
0.396163632  
-0.4815362474  
0.4579626429  
-1.63698066  
0.286929108  
-0.3446329335  
0.009403136678  
-0.1425191549  
-1.279091613  
0.9184972879  
-1.813827509  
-1.063999538  
0.4577344545  
1.406339155  
0.5044084336  
0.9765641195  
0.241617748  
-0.4141155502  
1.542075563  
-0.3888981099  
1.293921317  
0.2565039885  
-0.1652807403  
-0.8507914147  
-0.4246584551  
-1.778012695  
0.3134508265  
0.7405273946  
0.1528277076  
-0.1057313837  
1.612001101  
-0.3817047339  
-0.2674737846  
2.439938545  
-0.7567647215  
-1.443613578  
-0.1317481394  
-0.1670706597  
-0.0888631832  
0.3404033294  
-0.361676529  
1.047915081  
-1.289956655  
0.685878894  
