0.4206828359  
0.2074873446  
-1.14019583  
0.6901126868  
-0.2109213271  
-0.1739169997  
0.2901522135  
-1.133941683  
0.4128698375  
-0.7575405833  
-0.054191769  
0.2133148788  
1.286844647  
0.9003010061  
-0.6058393505  
0.7714873899  
1.472754532  
0.1187361243  
0.6713302045  
-0.7383559368  
-0.5698374561  
-0.2912878128  
1.663525648  
-0.1136708867  
-1.41053871  
0.2896387444  
-0.2398885241  
0.2922895992  
-0.3203479708  
-1.166502596  
0.08202645031  
1.270264589  
0.3921196717  
-0.4224568966  
0.05283491884  
1.054917233  
0.7314556158  
0.272553853  
0.4829077663  
0.1360742626  
-0.2081185702  
-0.0853063575  
-0.5802499732  
-0.3889683454  
-0.8792435188  
0.220685622  
-1.37705985  
-1.342990673  
0.1306430793  
0.1826246395  
-0.116510362  
-0.7804435565  
-0.5811538767  
-1.36390209  
