0.9023613894  
-0.9402987291  
1.11703036  
-0.6807907373  
0.9719567023  
0.6732848512  
0.1221428865  
0.7044426032  
0.7540644184  
-1.884979497  
-0.5996652745  
0.1748678419  
0.6708873747  
0.7875285881  
0.8554316084  
0.3271627667  
-0.6255623966  
0.2623318713  
-0.8013302243  
-0.09691449079  
0.8222967001  
-0.5692423968  
0.8222720474  
-0.8462252069  
-1.521499169  
0.114800734  
-0.4145576971  
0.6473600448  
-0.4516132144  
-0.3946219365  
0.1353287539  
-0.7097524961  
0.9860052927  
1.382273964  
0.4680246889  
-0.6867967375  
-1.71356623  
-0.2445814973  
1.177201035  
0.3125988035  
-1.07621789  
0.5782860112  
-0.3186814965  
-1.219323769  
0.613952851  
-0.3442078051  
-0.425828041  
0.1943494997  
-0.396526263  
1.349137715  
0.6309222158  
-0.3797306429  
1.426541837  
0.9425507679  
