0.1958368586  
1.893508835  
1.234569172  
-0.3021954635  
-1.333054648  
0.4424987978  
1.050215913  
1.969862403  
-0.6905535099  
-1.653857264  
-0.3921975369  
0.3274571212  
-1.316420108  
0.5732764737  
1.461466771  
-0.07604093783  
1.666531754  
-0.02381097308  
-2.283478124  
-0.5211835618  
1.120349888  
0.7827256865  
-0.4245618016  
1.269174667  
-1.227621143  
0.3050326266  
-0.001363380597  
0.2050441797  
-0.6990263891  
-0.2191537526  
1.346198517  
-0.5366153274  
-0.4915777966  
-0.7841037073  
-0.8613414882  
0.1465541521  
1.551786472  
-1.140691107  
0.3673003295  
-1.278071774  
-1.168664068  
-1.952649914  
3.082029084  
2.710390769  
0.8295849329  
0.3757405343  
0.8303921101  
-0.113379903  
-0.5395039533  
-0.3271749221  
0.3848119186  
-0.4818630618  
1.612061643  
2.645258584  
