-0.0257522176  
0.1738503613  
0.3089003467  
1.151544675  
-0.5719380439  
0.1972715508  
-0.4864336997  
0.4995817443  
-0.2734225968  
0.08695389958  
0.5484438673  
0.5076593404  
-0.740528779  
-0.1160911808  
0.4185989706  
0.3280592032  
0.3875973568  
-0.2437687826  
-0.4855460211  
-0.1125423947  
0.08093342  
-0.2748095421  
0.2851646135  
-0.1529477605  
-0.3939800256  
-0.527955052  
-0.5724020613  
-0.3056784028  
0.7532317434  
-0.3772426346  
-0.06182228571  
-0.07728582203  
-0.1939409234  
-0.31849564  
0.2087066876  
-0.2493716211  
-0.7313514508  
-0.839269825  
0.5974125836  
0.3871243738  
-0.323962026  
-0.04169368609  
-0.08595153939  
0.4545077204  
-0.1556191167  
-0.4987059898  
-0.07728254928  
0.008715020575  
-1.184868708  
0.5526108205  
0.2074222357  
-0.6060854285  
-0.0612807405  
-0.2744488753  
