-0.7098023481  
1.045712023  
-0.9744549912  
-1.15817393  
-1.147949823  
0.1224432022  
-1.188825739  
-0.8997005075  
-0.4438271905  
-1.947715206  
-1.912796052  
0.3302551375  
-2.455458524  
0.2416536756  
-0.2738536009  
-0.06764278804  
-2.843185072  
1.161793442  
-0.8633867452  
-1.329507016  
0.1754462525  
-0.1883688728  
-0.2190992917  
0.6760881514  
-1.237824227  
-1.168443098  
0.002833169491  
-2.028280125  
-1.267845826  
0.2129328715  
-0.2537069796  
-0.4265079166  
-0.6561438352  
-1.468918932  
0.4673625844  
-0.7992169959  
0.809592919  
1.328886698  
-1.2545834  
-1.126853675  
-2.103229619  
-2.03861676  
-0.7982699384  
-1.039241593  
-1.416958165  
-0.3724897786  
-0.1373265923  
-1.13178792  
-1.164582507  
-0.3573200504  
-0.6331680224  
-0.9495198689  
-0.09191029649  
0.3052516315  
