-0.6956473805  
0.4181806541  
-0.1855554422  
0.09927321712  
-0.928057412  
-0.7689868326  
-1.095976593  
-0.108260108  
-0.8575608549  
-0.7083392236  
0.2066457712  
0.5542083113  
0.1806631906  
0.09068099592  
0.1609317974  
0.03277757897  
0.1729429035  
0.5250597955  
-2.2702524  
0.0867920773  
0.5077659717  
-0.3672633747  
0.01526979758  
0.6865178473  
0.3844791392  
0.298386599  
0.3094297952  
-0.5423735796  
-1.428320034  
-0.2976998422  
-1.51473167  
-0.6878243047  
-1.389304245  
0.2693142085  
-0.651446691  
-0.9641263626  
-0.6979751558  
-0.04668035834  
0.2483357684  
-0.5795589301  
-0.1709200871  
0.4803830531  
-0.767640518  
0.7505226224  
-0.9277648561  
0.4024908383  
-0.1732787931  
-0.3613451507  
-0.07967836144  
0.7035547446  
-0.3663557987  
-0.2277038835  
-0.04264595804  
0.3044742591  
