0.330427729  
0.03872200393  
0.5835003251  
-0.2855687662  
0.8221975098  
-0.02495343171  
-0.0345115514  
0.484437058  
-0.7067623684  
0.4412848878  
-0.1941177427  
-0.4596749206  
-0.5227993294  
-0.08909675549  
0.1230781085  
0.1639046547  
0.0207744816  
0.4272126509  
0.1924755389  
0.1473829664  
0.2252018092  
-0.6669915747  
0.2235568798  
-0.2529250127  
0.2941273231  
-0.3856615482  
0.9762950834  
0.01491252492  
-0.432922126  
0.4169764511  
0.2117728145  
-0.05808278162  
-0.1782970724  
-0.2086849789  
-0.5223171119  
0.6502153785  
-0.2840571568  
-0.3815639083  
0.2612413684  
-0.0690308394  
0.1992066133  
-0.180432992  
-0.6642014586  
0.4681208954  
-0.3057526756  
0.3005506579  
0.1059639225  
-0.8916975693  
-0.420100146  
1.379234619  
-0.02269797753  
-0.1981166675  
-0.1750478423  
0.8973221533  
