0.2283823479  
0.6560337705  
0.2518278879  
-0.1944986819  
-0.6130077277  
-0.5104926845  
0.7606173608  
-0.01275803168  
-0.4014669668  
-0.6222446905  
-0.2812923486  
0.3669977996  
-0.7024081786  
-0.1584385225  
0.4915472254  
0.2133933326  
0.4966134281  
-0.1672285397  
-0.5191126631  
-0.7244621123  
-0.5278706726  
-1.113261661  
0.401123339  
-0.108872002  
0.4356021462  
0.8820364287  
1.133582111  
-0.3563826895  
0.02959136586  
0.8996661543  
-0.1200794004  
-0.3618273803  
0.1806492661  
0.8444215436  
-0.2809958533  
0.5424373259  
-0.654666461  
0.2278021  
-0.2065604702  
0.1928990974  
-0.4407257524  
0.5235805228  
0.1749612911  
-1.006217883  
-0.5701321545  
0.2251202003  
0.5952543229  
0.1379087319  
0.4127944111  
1.404482243  
0.52397147  
-0.1292688007  
-0.31221864  
0.0793583789  
