0.1114660161  
0.4505696466  
0.1224395073  
0.07155542424  
0.0992560763  
0.3250334835  
-0.001349140683  
-0.3436234484  
0.8367479906  
-0.2886199865  
-0.03266964673  
-0.3449771196  
0.02545917854  
-0.4225848804  
-0.2436393527  
1.06462967  
-0.2165989602  
-0.04195060882  
-0.5653732126  
0.5098966394  
-0.9968063169  
0.4768671339  
0.007582382915  
0.4242591855  
-0.2982582255  
-0.03176216306  
1.1376258  
0.2262381062  
0.2384582141  
0.2506616637  
-0.3544913377  
-0.07841666853  
-0.09798622873  
0.1853111507  
0.2475731619  
-0.2971837544  
0.506499307  
0.674468706  
-0.9651846348  
-0.3095841744  
0.07632706164  
-0.2652456019  
0.6564417253  
-0.3535103419  
0.782889797  
0.6722463409  
-0.02332523866  
1.025982663  
0.06110011024  
-0.1498474273  
-0.06165301036  
0.3728691523  
0.5635708741  
0.6530647229  
