0.01092460982  
-0.09940783346  
-0.6033066652  
-0.6917548433  
0.2762299177  
-1.204003869  
-1.11595932  
-0.05567412431  
0.5219078397  
0.06460164639  
0.9314854859  
0.02769475881  
-1.331961175  
0.435308325  
0.9469898759  
1.19160811  
0.128382771  
-1.024337159  
0.5564210097  
-2.414622614  
0.2281061348  
-0.4563161445  
0.5499750807  
0.04254310434  
-0.7586985466  
0.1903547857  
-1.35035439  
0.3686255501  
0.8532998838  
-0.6599105079  
-0.9594215723  
-0.2134288562  
0.8468099982  
-0.3709477814  
-0.9998256399  
1.188594884  
-0.5665400128  
0.6537678465  
-1.355713704  
0.09697132862  
0.1011764399  
-0.6174196754  
-0.3856893635  
0.6940082139  
0.8092918241  
0.3644402487  
1.087616713  
1.130723985  
0.2843997267  
-1.630350951  
-0.02011782401  
-1.412625857  
-1.299019231  
0.1419879139  
