9.322991531  
-8.356449372  
1.827488342  
-7.935705443  
-1.229736713  
1.583811085  
4.306747046  
-4.628425787  
-1.406747793  
14.91894645  
-25.11691973  
-2.106237232  
-11.95763137  
3.180548954  
-6.38905718  
1.866118676  
-10.22055899  
-0.4726003649  
17.65468542  
-4.712632543  
-5.124129573  
-20.24470449  
-2.710979735  
-12.57027352  
-18.6215029  
1.18686643  
-12.57393323  
-4.527862354  
-0.4764984664  
0.3567823632  
-15.35892012  
3.434602914  
-1.622133331  
11.35920209  
9.823693159  
-3.865370018  
-8.313938275  
12.23545022  
15.16871299  
24.34148112  
4.626608809  
17.41290582  
8.829917261  
1.5658537  
-3.555910306  
-1.410006844  
0.9094531983  
-0.5906263629  
9.222040586  
-13.40196948  
6.513884292  
-24.89726272  
1.888087801  
2.513127723  
