-0.7541469232  
0.5791898587  
-1.640309463  
0.7036012152  
0.0436790359  
-0.7786886245  
2.361215372  
0.8049885391  
1.138182562  
-0.2332372495  
-0.8030388717  
-0.5072088034  
0.05797746721  
0.7695903194  
-0.9407747011  
1.605222605  
-0.5803084382  
-0.2863033245  
-0.8170989909  
0.4283350401  
-0.7960379849  
-0.5108074152  
0.4331101869  
1.252197194  
-0.7876864084  
-1.281491551  
-1.158811491  
-1.208407997  
-1.492358223  
-0.2603352676  
-0.6282689912  
0.6663555636  
1.027314685  
-0.2518839066  
0.5875395787  
0.6798993639  
0.2336595886  
-0.3065599777  
0.01727508459  
0.5853280402  
-0.4921738905  
-0.447467221  
-0.3621081143  
-0.2630567952  
-0.9783653052  
-0.2653591011  
-0.02979115279  
0.740199978  
-1.333970591  
-1.108847216  
-1.217841187  
-0.01564778162  
-0.91586106  
1.561837187  
