0.358798292  
0.9888458397  
-2.083936434  
-1.561424846  
-0.5747195436  
-0.5140735041  
0.1276813435  
-0.280657906  
-1.123869611  
0.6471292589  
-0.2298457207  
-0.269702523  
-0.2431116856  
-0.1733968986  
-0.3229765945  
-0.8140844739  
0.8933515261  
0.3571808865  
0.5185955329  
-0.3183459576  
-0.1757761912  
-0.3173834011  
0.2378207008  
-0.3620441683  
0.1884056051  
-1.248047261  
-0.03252871879  
-0.1959468684  
-0.4659350254  
0.06863577071  
0.1657518368  
0.109415397  
-0.6634012605  
-0.7100775221  
-0.6968210885  
0.4999727921  
-0.2525938402  
0.4578202502  
0.299247834  
-1.111592517  
-2.16994296  
-0.199059013  
0.8006626087  
0.08882998051  
-0.01599845242  
0.4899670451  
1.367220889  
-0.6599525183  
0.1626841728  
-0.2266846706  
-0.8496699254  
0.4413598064  
-0.4439211673  
-0.6006193505  
