-0.8181572757  
0.5506120652  
0.5110013512  
0.9070081942  
-0.1503172967  
0.03848576717  
1.594425496  
-0.4074724451  
1.096475701  
-0.2679015606  
0.5338729636  
0.1677963812  
1.201101995  
-0.5646744375  
-0.8587276408  
0.1200520422  
-0.03342597854  
-0.9744563469  
-0.2753913932  
-0.35327391  
-0.09879202894  
0.6141648729  
-0.1060415483  
-1.075769588  
0.1489079976  
-0.9647553919  
-0.5007446134  
-0.6031243347  
1.08757168  
-0.7291292307  
-1.042446322  
0.04713908165  
0.1398788915  
-0.7838494812  
-0.1887341632  
0.1150077288  
0.6643916325  
0.7050638182  
0.6991569516  
-0.8679018561  
-0.3695966095  
-0.2062360568  
0.04610926209  
-0.5882474527  
-0.1526416755  
0.4432314979  
0.3306160374  
-0.8932897962  
-0.5460661599  
0.04602630569  
0.7952277631  
0.4868710207  
0.3591067722  
0.6964118534  
