-0.04235196978  
0.4134230971  
-0.6608965007  
0.4724743229  
-1.222885185  
-0.4666335399  
1.075456697  
-1.859911746  
0.726525517  
-1.506248564  
0.07979803611  
-2.010023099  
-0.02572660817  
-0.4535510082  
0.395192147  
0.7698941356  
-0.4099459259  
-0.0851628223  
1.224387218  
0.9106860984  
-0.7108416042  
1.243361187  
0.6216343945  
0.465923682  
-0.3338253868  
-0.5493850199  
0.2636079499  
-0.7365403438  
1.259957533  
-1.094991807  
-0.2514315974  
0.9849726386  
0.1907493455  
-0.2877370194  
0.42571347  
-0.3865050684  
-0.4643740917  
0.5296861069  
0.2059503471  
-0.7177700592  
-0.5307538081  
0.5094345859  
-0.09193282918  
0.5064257105  
-1.661260844  
-0.2740996134  
-0.3628974598  
0.9572940366  
-0.02005575588  
-0.3210182408  
-0.502909007  
0.684683042  
0.9739961645  
0.5572649439  
