-0.5361081248  
0.3290869824  
-0.1859907967  
-0.4222906736  
-1.200739151  
-0.4917522077  
0.03914036382  
-0.4937778835  
-0.3129434229  
-0.6477972636  
-0.1616763075  
-0.1148902841  
0.5901548118  
-0.02393941984  
-0.2029170186  
0.3774171153  
-0.5754940076  
0.09145213312  
1.001365592  
0.4194383696  
-0.4756789241  
0.6191170839  
0.2623858656  
0.3897943527  
-0.5563715601  
-0.06488424232  
0.2292403789  
-0.2778197471  
0.5708415838  
-0.07613997416  
-0.02407736138  
0.6425292338  
0.06501193438  
-0.1388857256  
0.4296538997  
-0.5546117785  
-0.286088716  
-0.3153050926  
0.09270237616  
-0.5606245614  
-0.9787460696  
-0.02903004194  
0.2407400779  
0.209712006  
-0.5453809461  
0.115503412  
0.02875702088  
0.7694504193  
-0.5158553353  
0.2750796218  
-0.1153513848  
0.05694826809  
0.3159276846  
0.06007208571  
