-0.7102174131  
0.6494934088  
0.9767086292  
-0.8231180078  
-0.6134681897  
-0.3475825629  
-0.1344143838  
0.3348849598  
0.5019395977  
-0.5165600496  
0.2799431178  
0.4550364803  
-0.9375441324  
-0.04374299211  
0.09921847939  
-0.01774046743  
0.08911760808  
0.004523993541  
-0.1601082408  
0.00137538131  
-0.4532080987  
0.3555890311  
0.3781231373  
-0.7571869364  
-0.5051760557  
-0.4769629683  
-0.4207332915  
-0.408003761  
0.01585762078  
-0.3011109947  
0.1068891886  
0.1993495232  
-0.5707829233  
0.8567137132  
-0.2002222099  
-0.4494033652  
0.2088844488  
-0.5728462381  
-0.04152556379  
-0.2930222256  
-0.1098540168  
0.8025287815  
-0.7098886802  
-0.05247500911  
0.2697381644  
0.2213569923  
-0.2672351388  
-0.1104630987  
0.1947389384  
0.3044332148  
0.8652485838  
0.2877074723  
0.5968232404  
1.256301877  
