-0.7394868668  
-0.9717377126  
-1.09293395  
-1.228903697  
-0.2555885557  
-1.293168179  
-0.2080297459  
-0.750570437  
0.1696510197  
0.2138578817  
0.1589800523  
0.8194619032  
-0.257809419  
-0.4311345784  
0.03232773656  
-0.5162684558  
-1.333912783  
-0.1673836323  
-0.2951754289  
-1.16792236  
0.8921344399  
-0.9421253792  
-1.080495414  
-0.6925168844  
0.1006387726  
0.2772127687  
-0.4577418853  
0.9475642671  
-0.2062143377  
-0.939963664  
0.760404003  
-1.289956137  
0.2078232429  
1.17339596  
-0.208935185  
-1.187185573  
1.397738135  
0.9785214084  
-0.3347242203  
-0.2968087517  
0.7520301491  
-0.9303962185  
-1.109875589  
-1.307545227  
0.1498389533  
0.1785091095  
0.7517022876  
1.306661452  
-0.8147022571  
-0.3786225117  
-1.709618709  
-0.8749638989  
1.555742495  
2.587951359  
