0.697494088  
0.1376016463  
0.1218240098  
1.165618809  
0.02294027037  
-0.7278345798  
1.303502201  
0.360192803  
0.5635133739  
-0.3715581732  
0.2933927217  
-0.2604024796  
0.1545500065  
0.6055493166  
-0.05607262161  
1.020736206  
0.6891770102  
0.2419098712  
-0.6668860708  
-0.4312343336  
0.2201970651  
-0.3372856858  
0.2222095964  
0.1785774252  
-1.399039374  
0.1561360424  
-1.206446261  
-0.3122855839  
-0.669149101  
-0.06060756016  
-0.2890978058  
1.228116544  
1.124275982  
0.3448995105  
-0.2358912774  
-0.4682707557  
0.2394304313  
0.1279284714  
-0.3998070002  
-0.09391510603  
-0.4568838369  
0.1965816527  
-0.2508812411  
0.3965384014  
-0.009450703206  
0.829968212  
-0.1522798803  
1.094248414  
-0.5061316553  
-0.174678191  
-0.5422984183  
0.3427766273  
0.7887481134  
1.45528061  
