0.08773426387  
0.9740148553  
-0.409553602  
-0.2638823128  
0.5343640605  
0.6971870039  
1.323596114  
0.9523890525  
0.4165007389  
0.08674938757  
-1.122459337  
0.867331498  
1.327730248  
0.01354273055  
-0.4847680511  
-1.484689419  
1.200628577  
-0.3810752445  
0.8214071629  
2.10642292  
-1.089442271  
-0.1457699128  
-0.05598899197  
-0.8104447861  
-0.158044785  
1.43324107  
-0.5471146004  
-0.3562399697  
1.515267588  
-0.08201772044  
-0.08253913225  
0.4902550395  
-0.1461839175  
-0.2391078523  
0.549324873  
0.4941832918  
-1.600142001  
-0.5260306944  
0.9638807101  
1.523575232  
1.35410243  
0.8316988114  
-0.2124714454  
0.3719591036  
-0.7409861323  
0.6921049635  
-0.2300481546  
-0.2553094806  
0.02353910466  
1.382614725  
0.475158247  
-1.248334989  
1.802453639  
-0.2782180337  
