-0.6414568399  
0.1841322826  
0.1346771544  
0.02044090716  
-0.3681440817  
-0.277772122  
0.7578366164  
0.4319087887  
0.3566812842  
-0.1161786613  
-0.1618483002  
-1.618355337  
0.7560306702  
0.347405631  
-1.301847325  
0.5236102302  
-0.3525057635  
0.5963675922  
0.8247536856  
0.3947690375  
0.3430116084  
0.9561199186  
0.4234293689  
-0.4568744033  
0.8567857219  
0.04794149076  
0.3150681294  
-0.8727892387  
0.07798572761  
0.5739065925  
-0.6502440626  
-0.4055885552  
-0.9233525163  
0.4669874424  
0.05494488669  
0.217701736  
0.3050412609  
0.9295560397  
0.07528056739  
0.5661470864  
0.2203681496  
0.9364830592  
0.7861795233  
-0.282733878  
0.08723823481  
-1.37959793  
0.6986391836  
0.09418092972  
1.883473625  
0.1156189066  
0.07180359724  
-0.2641362552  
-0.0883941762  
1.00776487  
