44.83070948  
8.290098278  
40.85131178  
-23.8330837  
-10.14671676  
53.81340544  
-19.34029003  
14.16935573  
57.74241773  
9.506663649  
138.9127442  
18.76181115  
-33.3199395  
-8.34946261  
13.28924563  
-14.3580152  
3.256139463  
-1.447008107  
-50.44476335  
17.47928431  
-33.32716225  
5.851362424  
18.93774386  
2.675949519  
54.96500142  
-8.000289546  
19.16291348  
118.3230557  
58.2329883  
41.21066209  
59.6365386  
46.37916968  
60.02932866  
12.80689462  
69.79122236  
-35.64497798  
26.87841426  
66.82830788  
18.26956636  
20.54199672  
2.38348364  
-144.1232783  
-72.17696967  
-4.97587135  
-12.89647792  
49.00769166  
-5.672385865  
32.98128797  
3.798887931  
20.83504196  
-7.332832022  
19.12570311  
-1.621340216  
19.50627762  
