-0.2007044866  
0.2742428556  
0.3847069208  
0.0006482711822  
-0.5151150529  
1.44753703  
0.1619946685  
-0.487197521  
0.2885395204  
1.357739577  
-0.197640175  
0.5921970646  
-0.1682836987  
-0.03243371576  
-0.2824876156  
0.1225298181  
0.6682235211  
-0.4513696538  
-0.4065940112  
0.1561421224  
0.05263563189  
-0.1443034947  
-0.2950872668  
0.4172261293  
-0.1563356699  
0.2774538469  
-1.437813241  
-0.1952516211  
-0.2533133282  
-0.6659543146  
-1.144953001  
-0.2595044965  
-0.3351520524  
0.1230160247  
-0.457567732  
0.2695657036  
1.119804112  
1.028750817  
0.1147718704  
0.3246167654  
0.2699140781  
0.3216316221  
-0.06540317452  
0.6948500244  
0.6238308589  
0.02288483976  
-0.7827728247  
-0.5238434403  
0.6647689177  
-0.2788564343  
-0.3879808311  
0.350833066  
0.8570751721  
0.160816993  
