0.06371806632  
0.2305487247  
-0.2128501166  
-0.9157127162  
-0.01089578499  
-0.02633600398  
-0.353516231  
0.1767656791  
-0.3243685838  
-0.1759963524  
0.6906139684  
0.1557087797  
1.21076293  
-0.5570737723  
0.2015137876  
-0.1224205279  
0.9935716255  
0.1366259358  
0.3089710485  
0.4360245815  
0.7569371248  
0.6681904354  
-0.09389714164  
-0.6499185391  
0.428421517  
-0.01992520045  
-0.4020175971  
-0.3370307585  
0.1356048778  
0.2058626337  
0.008126710695  
0.4724651237  
-0.596122302  
0.07426685425  
-0.7847622577  
-0.1397375467  
0.5313886214  
-1.014876835  
-1.344493533  
0.4226087458  
0.1233116413  
0.242317723  
-0.6742107264  
0.5503089196  
-0.2061369887  
0.7381453024  
-0.4926561973  
0.02692683431  
-1.303636477  
0.5642820306  
0.2977421407  
-0.3515220087  
0.3246344253  
-0.1526798551  
