1.199103047  
-0.5023511237  
1.280474427  
-0.2654293445  
0.7043875114  
0.2664590922  
0.1031643152  
-0.571754728  
0.2731457105  
0.5442609065  
0.8182390225  
-0.1998744377  
1.047296102  
-0.8456344149  
0.6111706881  
-0.05831951756  
-0.6275499471  
-0.2638034609  
-1.192576495  
-0.6045694863  
0.3193053811  
-0.469618146  
-0.004110130961  
0.5323668449  
-0.07117522198  
0.6277425152  
0.9145277478  
-0.2633602009  
1.295161498  
-0.1867994311  
-1.16075494  
-0.7231079004  
0.7087972408  
1.361121545  
-0.5677792136  
0.746910675  
0.5361774357  
-0.909201645  
-1.280681802  
-0.9249233232  
-1.745688339  
-0.06809477443  
0.5805532821  
-0.408442654  
-0.5220470903  
-0.2839044085  
-0.2572655651  
0.3783195313  
0.0035657755  
-1.310099302  
0.7229185792  
-0.5839480047  
0.8324830226  
0.6680234062  
