-0.5323353714  
-0.009909247812  
-0.1442107918  
1.587297459  
0.164761211  
1.259321845  
-0.2032089896  
-0.0324154743  
0.6937300707  
1.569537386  
0.5858971101  
0.3244295516  
1.395495354  
1.133758685  
1.069940526  
1.506773648  
0.3523939014  
-0.1599808155  
0.1116321853  
1.432690583  
0.6369091492  
0.08577182828  
-0.1723140608  
0.6150252339  
-0.3742906527  
-0.2598523449  
0.42732013  
1.09823645  
0.2221714734  
1.223492929  
0.3529562689  
0.3719396212  
-0.4584723548  
0.2788252428  
0.9009654586  
1.110454077  
0.6272738274  
0.7353928144  
0.8084164074  
2.320509652  
0.7484120827  
-0.01923396795  
0.663548397  
0.3288276804  
0.574739309  
0.7667557948  
-0.4952106611  
-0.1387560493  
0.7682163049  
-0.7101244635  
0.06714704389  
0.5100398542  
0.01663143998  
-1.588490417  
