0.5162997802  
0.7600116578  
0.7093583126  
0.3247239756  
-1.012981188  
-1.112601154  
0.4440153917  
1.038988606  
-0.3602671272  
-0.4769380166  
0.01138868141  
0.3132018106  
-1.105057383  
0.3161963777  
0.6012266603  
-0.708353053  
-0.8720867118  
-0.4520541588  
-1.635140805  
0.03405124081  
-1.058872139  
-0.2209876176  
-0.04870563545  
-0.9552066543  
-0.6526288385  
-0.3552015241  
0.5525651121  
0.9572972041  
-0.0173524316  
-0.455723944  
1.542196602  
0.1103543753  
0.58156226  
-0.004401230428  
0.6334314258  
-0.1940646794  
0.6665013733  
-0.5285408664  
1.272923442  
0.08735060826  
-0.8864414422  
0.187457972  
-0.9702167508  
-0.4985212759  
-0.995954355  
-0.1944990949  
-0.1505568003  
-0.4474830085  
-0.3835821051  
-0.8424251216  
0.3158310021  
-0.2462399026  
1.527148964  
1.722049357  
