-0.8870004467  
-0.08360069819  
-1.68408467  
-1.392074826  
-0.370346784  
-0.241148529  
-1.925536784  
-2.248791101  
-1.512322129  
-1.768217704  
-0.9298845312  
0.4138006246  
-1.030978158  
0.6247856614  
0.9004629167  
-0.2016659607  
-0.627031061  
-0.4949729673  
-0.6374921721  
-0.7705699793  
-1.025668809  
0.1735919205  
-0.4777224218  
-0.8765899368  
-1.834776398  
-0.9508239458  
-1.517500043  
-2.215166428  
-1.219916719  
-0.5159807141  
-0.2974805284  
-0.05592138585  
-2.310328252  
-0.6975693707  
-0.01312720869  
-1.601946529  
-1.204922302  
0.07904842311  
-0.09090814321  
-1.149134065  
-0.7566556972  
-0.5274988031  
-1.183956485  
-0.8637716834  
-0.7517133944  
0.3373518107  
-1.518874691  
-1.776658632  
-1.507219864  
-1.406737569  
-1.118132948  
-0.5047537415  
-2.511482903  
-1.070275836  
