-0.7729559339  
-0.7192426814  
-0.688707735  
-3.18450974  
-1.708755993  
-0.71176221  
-2.430357162  
-0.9731913297  
-1.613639281  
-2.396334932  
-0.7804846231  
-0.7143870513  
-0.445320615  
1.143194433  
0.3512742182  
-0.6416535566  
-1.787138111  
1.096652771  
-1.903149699  
-1.062202446  
0.2599070767  
0.3494412268  
0.8232733485  
0.7422352639  
-2.17708716  
-1.000403254  
-0.9542033629  
-1.600054733  
-3.121059235  
-2.135630757  
-0.8371366771  
-0.546322046  
0.2774065985  
-1.468650422  
1.406883071  
-0.3835928855  
-2.443524764  
-0.3250010451  
0.2530359109  
-3.17769254  
-2.337909642  
0.4899116139  
-1.056723879  
-0.6631774232  
-0.4757104257  
-0.01282117998  
-2.510708115  
-1.51922221  
-0.3207995427  
-0.6532130268  
-1.576344332  
-0.3928116368  
-1.123186885  
1.077499068  
