0.1703786604  
0.1556153247  
-0.01751396496  
0.1316771374  
-0.2486185489  
-0.5306912967  
0.5166017613  
-0.4205520443  
-0.2074571341  
0.4627022487  
0.05377032941  
0.2143444323  
0.003929740718  
0.2840849693  
1.391034776  
0.167566628  
0.4758418358  
1.090894118  
-0.07309753997  
-0.3531415832  
0.2939937728  
-0.3703266537  
0.3278580012  
0.8055078556  
-0.039191973  
0.9761852726  
0.4263979519  
0.710015094  
0.3609183847  
-0.02649240255  
1.716674441  
0.1580719032  
0.2706931818  
0.2681197304  
-0.2864364645  
-0.06373232499  
-0.2146276961  
-0.577707932  
-0.3493895123  
0.03448978385  
-0.7840705609  
0.0908647051  
-0.2099872785  
0.8910621838  
-0.142185664  
-0.2229658955  
0.3507750212  
-0.4178028381  
0.3269698106  
-0.0605987577  
-0.8709073401  
-0.274121208  
0.9705170849  
2.17098999  
