0.06450192525  
1.553841917  
-1.658946688  
0.2150617145  
0.7450716812  
-0.03476200625  
0.3463838234  
0.4259892235  
-0.2647306937  
1.115748144  
0.1110902206  
0.06383785128  
1.079827196  
-1.610979679  
-0.0854106896  
-0.2892203528  
-0.4775202627  
1.765840797  
-0.6019752322  
0.1766284508  
-1.039028363  
-0.1176123906  
-0.439624671  
-0.1001375044  
0.6365416966  
-0.5450708919  
0.8496223658  
0.7156752879  
-0.1734465292  
0.05056006599  
-0.1572448581  
0.9919973526  
-0.856762022  
0.4512572735  
0.5887334045  
-1.261342192  
-0.03235998892  
-0.6104490109  
1.023679412  
-0.4593427651  
0.2764746226  
0.4524098262  
-0.2156341171  
0.5874634893  
-0.00889353681  
-0.3886942819  
0.9039448484  
-0.03042358875  
1.525071406  
-0.9001103267  
1.345799494  
1.650576587  
0.745510086  
-1.368804697  
