1.249738733  
0.1903595163  
-2.705512028  
0.0112780275  
1.16994407  
-0.1846973788  
-0.407840499  
-0.01865408388  
0.9066110588  
-0.329212037  
-0.7782372937  
0.7419571674  
0.1337309532  
-0.4444574495  
-0.6157587096  
0.8032677999  
1.42157494  
-0.3394612784  
-0.06162924038  
1.080739596  
-0.172222407  
-0.3355374141  
-0.05539498267  
-0.6284169284  
0.4517032616  
-0.4532441135  
0.4802316597  
-0.3406851221  
0.3103788188  
0.9156833081  
0.9639965139  
0.6081970051  
0.3696516645  
0.1647277548  
0.5802846906  
-1.36196884  
-1.036858078  
-1.283216903  
1.855660908  
0.4246881875  
1.236997962  
0.6075664047  
-0.5050079127  
-0.008682123808  
-1.499491859  
-0.2038385912  
-1.306018618  
-0.9658767122  
1.104669709  
-0.2703819745  
1.463803552  
1.61909244  
2.378138948  
0.8329287744  
