0.1914202169  
-0.9503542704  
0.5363835713  
0.4369569123  
0.6565822729  
0.164335587  
0.603501829  
-0.1453089163  
0.2331553528  
-0.09787978952  
-0.66449649  
-0.9664626749  
-0.3514056067  
0.6729315499  
0.1205420688  
0.6788787449  
0.3994353129  
0.7660739267  
0.6188726105  
-0.05255167429  
0.04528209519  
0.4558142014  
-0.2592173597  
0.03361350035  
-0.7089194115  
0.3884829239  
0.9524890054  
-0.8141591152  
-0.3002791325  
0.01976775909  
0.4887890384  
-0.4360272352  
0.3713499206  
-0.113241597  
-1.030056786  
0.6661094947  
-0.04994738441  
0.2829227803  
0.3503448726  
0.1221219405  
-0.02009183866  
1.279674679  
0.2780584124  
-0.5077061705  
0.1059561452  
-0.6177039273  
0.08951647247  
-1.209463163  
0.6573211777  
0.3978993694  
0.1747183987  
0.02016607684  
0.6664130693  
-0.1595929025  
