0.7850630224  
0.09929478265  
-0.6176452988  
-0.1375803564  
-1.292333862  
-0.5996872051  
-0.2045753124  
-0.160132259  
0.6499106395  
-0.2760709555  
0.9351549842  
1.160996732  
1.057822354  
-0.2407629904  
0.3852139938  
-0.4950184882  
0.03395280658  
-0.596371499  
0.2412356322  
0.7936054681  
-0.470976464  
-0.2176548102  
-0.6201448664  
-0.4385553675  
-0.5431369329  
0.4109025195  
0.09998645033  
0.05256943366  
-0.5221797782  
0.4262464692  
-0.1618480698  
0.5838440355  
0.8613852766  
0.4160095004  
0.5385141209  
0.7117376534  
0.8103820779  
-0.2884238403  
-0.9632383118  
-0.4464494019  
0.3785537403  
0.1221341961  
-0.004442646073  
-0.4507355632  
-0.06809442768  
-0.0575667744  
1.268199316  
-0.4118873249  
0.1711156389  
-0.07645989403  
0.0263869883  
-0.3002055419  
0.03844785423  
-0.740737364  
