60.9729748  
30.25408627  
-5.164291977  
-38.71455604  
-89.29713727  
54.97323034  
-19.42633569  
3.291088093  
37.53602891  
-71.39571911  
-195.7896166  
-186.0354963  
-41.38404151  
7.187512111  
-49.12935677  
4.927364929  
-35.01090533  
45.0329948  
86.52821663  
-96.17262229  
55.21508036  
-23.40486587  
7.787852211  
-21.81275847  
71.86843381  
-21.00409517  
9.626392443  
93.17629577  
39.24195668  
83.64555861  
1.027828974  
28.12855526  
40.67973744  
-7.737208458  
64.50316627  
115.7930692  
23.72443007  
133.8893089  
59.50428331  
-54.76429286  
-99.73429235  
18.79891477  
14.99708067  
-32.7112231  
-4.15888943  
-119.757472  
-79.01732618  
1.878925143  
-224.4772859  
-61.97906791  
40.32635215  
-111.7022872  
8.987537091  
-189.3509553  
