0.07895912725  
0.05155844331  
0.0740013282  
-1.487774627  
-0.3535519202  
-0.4160904958  
-0.3024843304  
-0.8148691416  
0.2363282793  
-1.288762503  
-0.6382179468  
0.8119488141  
0.4281911355  
0.5376928931  
-0.03020463229  
0.1691686577  
-0.6665877024  
0.7511109976  
-0.1698653426  
-0.265889885  
1.095869375  
0.2624173218  
0.8569151148  
0.09912725244  
0.8760243544  
-0.1397707872  
-0.6413002514  
0.1588039156  
-1.052343449  
0.0457002206  
0.4149115662  
-0.5146907212  
-0.1927634018  
0.4992053235  
0.04394697941  
-0.4585057096  
0.00883861036  
0.01047807841  
0.4418838831  
1.742729344  
1.594483396  
-0.35885373  
-0.5702876947  
-0.6215870591  
-0.1324930031  
0.3227723699  
1.755609854  
0.7485818128  
-0.9682449459  
0.5542371041  
-1.746174131  
0.00548803019  
-0.2260533655  
0.9099656747  
