90.51722397  
30.262295  
19.69460663  
-70.2602418  
-82.63747846  
13.31385871  
-45.8725702  
-15.55988493  
-35.17080946  
57.390021  
-22.19323219  
18.89241045  
-7.147082354  
73.84877012  
-14.69817517  
-44.99622406  
40.1725025  
12.45761367  
-31.07034892  
5.307363328  
20.32884555  
43.44862907  
-3.355138478  
-18.59756107  
-9.412600462  
-11.98735557  
16.21500094  
-45.43860586  
-72.38028421  
0.09318772417  
-23.51496769  
49.46020209  
-73.67763125  
37.82048216  
30.34859342  
-82.38563534  
-7.41131214  
24.40418792  
-21.04086016  
7.552346783  
11.76025781  
11.53998279  
4.257572098  
-75.52676596  
9.40995457  
-41.25169873  
-116.8332978  
-43.43713517  
60.91012383  
-147.4539134  
44.70786295  
33.89212895  
-20.98029294  
20.01780609  
