0.4800989623  
0.2812331553  
0.3912032643  
-1.006425956  
-0.5776783195  
-0.7735418205  
1.003169224  
-0.5734996354  
0.01011559774  
0.005634753122  
1.165601763  
0.284207777  
-0.3772727884  
-0.2455044096  
-0.05738515995  
0.3755911661  
0.2156762532  
0.6882540593  
0.05771418973  
-0.5331812269  
1.056022438  
0.3515436762  
0.1401559072  
-0.1984314473  
0.3753982603  
-0.5332340161  
-0.3645500554  
0.3654728952  
0.187441948  
0.2531692865  
0.7990205643  
0.2822789639  
-0.1637869935  
0.3502992672  
-0.4635572428  
-0.4083861281  
-0.05392594902  
-0.5468120913  
0.3963420549  
0.5616932729  
-0.05709540422  
-0.2757105274  
0.4020100033  
0.6822146041  
-0.4478133704  
1.273200866  
-0.5789621772  
0.2619469776  
-0.1599424807  
0.1474415689  
-0.2850193334  
0.1774454045  
0.2287768511  
1.541463051  
