1.033902855  
0.1377035634  
-0.5724405421  
1.061575702  
-0.003477047115  
-0.9889064942  
1.303177531  
0.6833760374  
0.3367394953  
0.2527595709  
0.2837845289  
0.3215299851  
-0.7155238659  
-0.2871183958  
0.08906209878  
0.2789325327  
0.2286928759  
0.452672434  
-1.2561412  
-0.3881369794  
0.6767452597  
-0.3146652231  
0.009840457201  
0.07685287871  
-1.057599385  
-0.1309691177  
1.055200182  
0.4521020965  
-0.6764385413  
0.05737802392  
1.294103598  
-0.2905528235  
-0.04511200728  
-0.2616656183  
0.9596490056  
0.2000600175  
0.2630119906  
-0.6011207169  
-0.05122632411  
0.05771888565  
-1.181175128  
0.6845336862  
0.3551217242  
-0.6773858596  
-0.8089174954  
0.9120037363  
-0.1603414262  
0.2678066003  
0.8208156448  
-0.09782811483  
-0.07423952295  
0.2791168028  
1.130467467  
0.7953402039  
