0.6607029898  
1.246415631  
-0.01998388224  
0.0253047631  
0.6829431695  
-0.7476056761  
0.6802597541  
0.3394244746  
0.301004797  
-0.606206607  
0.4364576581  
-1.110561965  
-0.1567840845  
-0.2543852966  
-0.2952297528  
-0.06454171701  
0.3216819942  
0.02346845544  
0.09131626878  
-0.3301971247  
0.3276803123  
0.4606734199  
-0.163776827  
0.6040202017  
-0.09365414141  
0.2471132819  
0.4555103825  
0.04187762278  
-0.4929503297  
0.1308426085  
-0.02261922821  
-0.6813638786  
-0.3625836097  
0.4304084101  
-0.3176399749  
-0.2372262512  
0.4943162055  
0.1049002791  
0.949732458  
0.493295865  
-0.3652939465  
0.2208501956  
0.3100765009  
-0.4975723835  
0.2382344925  
-0.6530245487  
-0.270219964  
-0.9626409289  
0.6240475109  
-0.849836928  
0.1262454112  
0.199052041  
0.2360921844  
2.017282859  
