0.6192211938  
-0.05681083168  
0.6213865433  
-0.3933389214  
-0.1120615318  
0.01095848682  
-0.1360054715  
0.5799012093  
-0.3767719765  
-0.1252344031  
1.711585322  
-0.7269767875  
0.01449354139  
0.443527496  
0.2682111558  
0.6060476558  
0.1096014029  
-0.3329667465  
0.5836064291  
-0.6860412909  
-0.67524962  
0.1450525671  
-0.0808577186  
-1.626861619  
-0.46019529  
0.1097287422  
0.2192150681  
-0.2144617838  
0.03004131658  
0.5552734871  
0.4863600175  
0.88423459  
1.273674824  
-0.1407782642  
-0.8712274346  
0.203492196  
-0.018185676  
0.1025805673  
0.180309438  
0.6053501176  
0.02380397868  
-0.5411673187  
-0.2346616692  
-0.006202313485  
-0.2322311527  
-0.4766534423  
-0.228811335  
0.8014507186  
0.9224418566  
0.6890756177  
-0.1661002232  
1.749096563  
0.5159013446  
-0.1500691128  
