-0.1373047247  
0.1191470601  
-0.4499580687  
-1.164644642  
-0.4908471642  
-1.508215795  
1.307799672  
0.7390382749  
-0.6094126461  
0.3504579021  
1.083676103  
-0.6046285731  
0.2018354091  
-0.8214235212  
1.092074393  
0.2281112933  
-0.1846948774  
0.3120688864  
0.5663025976  
0.9536684062  
1.478484229  
0.02076537485  
0.09283455602  
-0.5443769105  
-0.5373300984  
-0.3903676984  
-0.06597274296  
-0.2482725923  
0.4208067827  
-0.2549510183  
0.70851581  
0.4688531868  
0.2567073958  
-0.07373802335  
1.146560929  
0.4499062555  
-0.5016196741  
-0.5726761833  
0.8078064908  
-0.2685996934  
-0.3530134544  
0.2414173057  
-0.5537605112  
-0.3289438748  
0.6833769926  
0.9464635321  
-0.4468509157  
0.07051316208  
0.2156343118  
-0.3966458988  
0.06016979861  
-0.3012780923  
0.5285422998  
1.575614596  
