0.183158579  
0.1159241654  
0.5316596507  
0.5858258732  
-0.4982429305  
-0.5958152381  
0.86063231  
-0.07781539527  
-0.1572775904  
0.02135499865  
-0.7113521908  
-0.04454139335  
-0.9322564382  
0.425839895  
0.8509380743  
0.6238240672  
0.7302552296  
-0.0562263704  
0.6499730223  
-0.1538120481  
-0.2996156731  
-0.07811153924  
0.7119010374  
0.703031808  
0.4743032313  
0.5772728271  
0.8446666994  
0.3745210686  
0.6002816935  
0.7097818763  
0.3809054896  
-0.4543810422  
0.1532226139  
0.725591782  
-0.8399288215  
0.5896582429  
-0.2684524729  
0.3438400689  
-0.03620251691  
-0.4715226863  
-0.4492894581  
0.404917623  
0.07695407329  
-0.6001360133  
-0.4872463348  
-0.3429905757  
0.641615396  
0.168369928  
-0.538714014  
1.041765829  
-0.1424500328  
-0.03318217672  
-0.0147251795  
0.7948875627  
