0.4526316985  
1.211132644  
-0.1024336794  
-0.621242849  
0.6734313276  
-1.032621875  
-0.03784103094  
0.4708074322  
0.4433823464  
0.03715641741  
-0.406293899  
0.09409494948  
0.8142084442  
0.8949111997  
-0.8170517768  
-0.3641186141  
-0.4500721371  
-0.2015503096  
0.8401050184  
0.9201470482  
-0.008213423836  
1.630139406  
-0.3544938242  
0.2011608551  
-0.6583079941  
-0.1583253095  
-1.058917406  
0.2282194029  
0.06929127981  
-0.01348547982  
-0.6516483665  
-0.2205679667  
-0.2254010706  
0.03199958074  
0.6449856597  
-0.4989590919  
-0.8494399855  
0.3051769364  
-0.4700938883  
-0.2825421663  
0.8585822449  
-0.2479547086  
-0.1182769566  
-0.4075247456  
-1.024690072  
-0.8170972498  
0.3051445679  
-0.7217599302  
-0.3313059646  
0.3275807465  
-1.022732695  
0.6053095893  
0.4858627323  
1.759479406  
