0.5839444471  
-0.7043450165  
0.903502827  
-0.7467663128  
0.01388621526  
0.9775143046  
-1.473866423  
0.6119233659  
0.2833770886  
-0.599530398  
-0.2949307656  
-0.3230706718  
-0.4085839822  
0.7304658416  
-0.6947696306  
0.2435652168  
-0.4174925483  
-0.3150816768  
-1.376354197  
0.1748674199  
1.097805815  
0.2604676389  
0.3044751183  
-0.7459237734  
-0.2099322326  
-1.024862432  
0.4100319657  
0.5346522164  
-0.6290735442  
-0.7345639969  
0.5743804126  
-0.05820135151  
-0.497254607  
0.7563486461  
-0.840410693  
-0.06963299817  
-0.01474696059  
-0.3573286328  
0.4660281583  
1.507977379  
0.3262240025  
1.027325234  
-0.2863059461  
0.7289647643  
1.171230431  
-0.02146001203  
-0.2617913007  
-0.3202467338  
0.8735705221  
0.9503044583  
0.06104433718  
0.7024744631  
0.3658617685  
-0.6888389264  
