0.5342467736  
0.3527591046  
-0.1273591877  
0.1535138569  
0.02424843876  
-0.2202880132  
-0.06391452538  
0.3860197873  
-0.3729613012  
0.04614020542  
-0.0551788496  
-0.4807704315  
-0.1716840695  
-0.2315358075  
0.115467563  
0.4739295594  
-0.2010625849  
0.3962482382  
0.2087022518  
-0.1284616971  
-1.019705386  
-0.2374782886  
-0.3485358441  
-0.9636592184  
-0.5472298281  
-0.2345672102  
-0.07419371639  
-0.3918040395  
0.1298681093  
0.1007284978  
0.2901055777  
-0.1019077931  
0.225697529  
0.4378046714  
-0.4869383669  
0.3687923352  
0.5348798308  
-0.04176403379  
0.2792431105  
-0.1718107764  
0.2116716603  
0.2765019388  
-0.03371489357  
0.3320716185  
-0.3202570145  
0.01920786113  
-0.1984749133  
0.2605333428  
0.2830837263  
0.8265547014  
-0.06377858538  
0.01799172728  
0.3310862791  
0.04428736587  
