0.6605505591  
0.5909989166  
2.094992318  
0.6945872962  
-0.01892677288  
-0.6021235656  
2.340078015  
1.205686916  
1.036559441  
0.328392447  
-1.048232143  
-0.1495303249  
-0.2251903038  
-0.4017431063  
0.476349484  
-0.7356228245  
-0.1453472937  
-0.136869839  
-1.810518924  
-0.4368828215  
-0.5858345467  
-0.2437458783  
-0.3681011965  
-2.190976206  
-1.159785517  
-0.05121112938  
0.1866797688  
0.05727641049  
-1.46815177  
-0.5547216817  
0.5670324113  
-2.101663989  
-1.554407296  
-1.486765194  
-1.76780178  
0.4364951175  
0.1649624956  
-1.533604248  
0.6253853793  
0.4665895675  
1.062569496  
1.046691993  
0.993671029  
1.280150878  
-0.00850690568  
-0.4907023671  
-0.02647195247  
-2.626878321  
-1.733915872  
0.2480668452  
0.7429063128  
-1.156319802  
-0.6686234911  
1.477522263  
