0.4591563843  
0.06035471001  
0.263499264  
-0.0905521451  
0.2117649067  
-0.7313099961  
0.4292348934  
-0.007164479143  
0.2940198847  
0.3776558992  
0.5002543105  
-0.9401304425  
-0.1983237369  
-0.2829924194  
-0.2509015093  
-0.3786951119  
-0.06147737366  
-0.2609712955  
-0.39876023  
-0.5048529086  
-0.09901166388  
0.1297573698  
0.5012024206  
-0.2026122989  
-0.4301665716  
-0.2942514432  
0.2331383004  
0.2401175763  
-0.8454481795  
-0.1324169526  
0.03657986161  
-0.3411678415  
-0.8736995244  
0.2573467931  
-0.1496705516  
0.3994091732  
0.9200170725  
0.07966595711  
-0.1239284391  
0.3836991236  
-1.382027377  
-0.2720463071  
0.4177079824  
1.388047679  
-0.3086679469  
-0.4397302597  
-0.2126101185  
-0.2141911197  
-0.675625811  
-0.8274239575  
0.7907852101  
0.3079455973  
0.6156614747  
-1.160148423  
