-0.5181787151  
0.3557453405  
1.286665915  
-0.1288235395  
0.09971793466  
-0.4011425562  
-0.284706621  
1.378848508  
-1.108704939  
0.5672689042  
2.779775557  
-0.4979908682  
0.2447211389  
1.208154558  
1.171564755  
0.7931743705  
-0.857054143  
-0.1156180105  
0.8582967654  
0.6385378153  
-0.6145118604  
0.3259313185  
0.1374065587  
-0.07903688675  
-0.1821076125  
-1.175900543  
-0.2830426242  
-0.2592923908  
0.9328880624  
0.3867655551  
-0.07885247743  
-1.039302214  
2.343071015  
0.5067188846  
-1.576730957  
-0.7200146812  
-0.9572796853  
-0.5777289706  
0.3919748238  
2.617943256  
0.3265045234  
-0.09886214431  
-0.2742852778  
-0.5088144992  
0.1120142833  
0.2515686111  
-0.5255957512  
-0.1064573036  
0.02362749392  
0.591877135  
-0.4328709348  
2.28508362  
-0.2427744726  
-0.8750643991  
