2.598320671  
-8.915259842  
-9.392272188  
-51.73468708  
-158.1123414  
24.00110346  
-23.49321108  
-28.33831491  
60.44497178  
-93.87479428  
-112.7162451  
-151.8229644  
-5.371336073  
6.492243217  
-5.273254175  
34.68794125  
8.390032279  
-1.352586522  
29.96803972  
-52.73637974  
-1.045690974  
-18.91146226  
-6.28998777  
-34.68090067  
26.97758504  
-16.91742827  
5.08097378  
-12.29681726  
40.0001792  
-5.967560625  
88.768163  
13.04595969  
-28.44603931  
-22.02976421  
-19.02025153  
5.446493558  
-27.96327901  
92.92676899  
-33.3023278  
-42.4956161  
-24.50551399  
17.94790642  
46.40733169  
-1.208919578  
-50.30725335  
-24.86938053  
-96.05885042  
-31.97385117  
-32.82693902  
13.46172146  
63.8102682  
-94.24578589  
-10.97336905  
-72.23192446  
