0.104629157  
0.6941202388  
-0.2218681817  
-0.5940764602  
-0.4181304627  
-1.027070571  
1.371681143  
0.2869004446  
-0.3358794396  
-0.2740754057  
0.2306965635  
-0.1336891562  
0.1562631726  
-0.5016524702  
0.6846687976  
0.2067834566  
-0.2103892823  
0.191223526  
-0.1278292738  
0.5680573403  
0.6221615913  
0.2000720933  
0.2716028797  
-0.1724005064  
0.3616621738  
-0.1647731549  
0.3019432845  
-0.1959562787  
0.4285071671  
0.2579876845  
0.8196665954  
0.3643766019  
-0.9698479385  
-0.2007472921  
0.5097976438  
-0.08403607975  
-0.2808821058  
-0.1701113562  
-0.296315739  
0.1026731533  
0.2158175198  
-0.0386199919  
-0.7096006369  
-0.8547275983  
-0.6709422176  
0.4845260111  
-0.7959025192  
-0.3248223897  
-0.4983748779  
0.0452132206  
0.2926645359  
-0.3609052212  
0.3038342415  
1.720257849  
