0.506154127  
-0.9343045884  
-0.4060212898  
-0.9131591887  
-0.7818511953  
-0.7069527438  
-0.8028403071  
-0.08569907603  
-0.2709546977  
0.02476361836  
-0.4649860074  
0.3531665869  
0.0971118501  
-0.02325217323  
0.2536359144  
0.2045752359  
0.1536896811  
-0.7065241016  
0.07060274973  
0.4720973813  
0.5009981843  
-0.3275741282  
-0.6500372288  
1.196095224  
-0.1128266077  
0.3198869391  
-1.08879234  
0.250233032  
-0.513221457  
0.2185487489  
0.8681760733  
-0.06987286188  
-0.3874281886  
0.04732313738  
0.5942044537  
0.4670383041  
1.624197969  
0.7767734494  
0.06194785222  
-0.5267905745  
-0.6042451848  
-0.2444595889  
0.27537012  
-0.2921658382  
-0.2300877019  
-0.9334294286  
0.07324583108  
0.1924394805  
-0.03815114183  
0.4949243716  
0.2198697265  
-0.1763485763  
-0.07319634365  
-0.3642628229  
