0.001283608973  
0.6246061567  
0.1008362234  
-0.5756377551  
-0.6062725443  
0.26805444  
-0.1187952386  
0.2588429707  
0.4277680118  
-0.1457440887  
0.3505719308  
0.3416685092  
1.938585465  
0.5846982145  
0.009505262814  
-0.1217555184  
0.1334661473  
0.3445953913  
-0.327172846  
0.8828793087  
2.050111922  
-0.2171503857  
-0.6246816229  
0.5401063299  
0.6372083581  
0.4500599832  
-0.8679783924  
0.4058710804  
-0.1005234742  
0.5534457623  
0.8245909582  
-0.765593576  
0.8031424292  
0.6839812955  
-0.0324183506  
-0.3608420171  
-0.5694862009  
0.02112644422  
0.4603659882  
0.819284205  
0.4025134324  
-0.508200669  
0.9516546056  
0.4637575945  
0.9952051541  
0.4925494232  
0.6155057066  
1.584471953  
-0.1047662193  
0.6979971777  
0.4426828736  
-0.07105764229  
1.002897713  
0.2560077581  
