0.5106076433  
0.6329295411  
0.8305155511  
-1.715939156  
1.909862859  
0.07288380671  
1.451425225  
-0.07348145958  
-1.316517334  
1.122306625  
-0.815134755  
-0.425343381  
-1.192878202  
-0.01018608382  
-1.429247313  
0.704412909  
-1.447279649  
-0.533942502  
-0.4810416547  
0.2899036726  
-0.7731438892  
0.4177682896  
0.8042824856  
-1.161175776  
0.2779904138  
-0.1801863205  
-0.1726507327  
-0.2135603167  
1.211411924  
0.8614130443  
1.222343817  
1.555020216  
1.701771716  
0.5094435099  
-0.4389857037  
1.666785249  
0.9747869495  
0.5488228624  
0.2016898827  
0.8595520371  
0.4422749877  
-0.2484130803  
1.197205573  
-0.3014845929  
0.008689573578  
1.915690263  
1.025510718  
-2.341097153  
-2.485511038  
-1.4021314  
1.462661446  
0.9047505632  
-0.218923822  
0.1613375207  
