0.3552427836  
0.6612392668  
-0.6680916258  
-0.3749203088  
-0.335950847  
0.8882417232  
0.2692386218  
-0.2326059622  
-0.3081483499  
-0.1063915528  
1.271804878  
-0.3740440997  
0.9739446036  
0.02100637026  
1.147841999  
0.05576860724  
-1.52335365  
1.086736169  
0.9636636848  
1.075169124  
0.7035680718  
0.644326255  
-0.5105713827  
-1.314317368  
0.8382858847  
0.02852199933  
1.642308087  
-0.8854483725  
0.1873490798  
0.02026806602  
0.5473523202  
-0.05761842707  
-0.3012559223  
0.06839420303  
-0.5640721396  
1.846862722  
1.48229893  
0.7585585899  
-0.0641503047  
-0.007701812551  
1.822393894  
0.66680624  
0.726232615  
0.4585344466  
0.3481947264  
0.659848776  
1.87143219  
0.9185347264  
-0.1972082175  
0.4768890429  
1.175405878  
-0.1802006148  
-0.3949450091  
-0.3041714357  
