20.54248151  
-55.55284319  
-38.08583673  
-74.2193499  
-172.9553209  
4.450645781  
-111.741448  
-82.42552843  
18.3018705  
-28.04595677  
-172.1804298  
-24.17423169  
-95.21173581  
-10.21728925  
-18.65762398  
-41.28333512  
-111.6901305  
131.7185668  
-98.27890554  
-92.58426137  
-8.714878884  
5.221670018  
-129.1639632  
59.58703485  
-3.77453694  
-74.04731625  
-4.288332721  
-66.83221869  
-47.65809518  
-55.65462258  
-11.01352078  
-4.028706298  
-79.54176989  
-19.29899467  
-4.887583158  
-115.9029929  
-49.43460217  
108.119163  
-103.5757115  
-141.216775  
-114.1567673  
-72.49951501  
-16.29484412  
-96.85495011  
-3.364365135  
18.38741034  
-51.07747523  
-73.64158187  
-18.78608911  
-5.830730933  
-30.31249575  
-117.7599542  
21.75396072  
-28.63735357  
