0.9273687975  
-0.06938949208  
-0.303541538  
0.8376642935  
0.1001101102  
-0.828644811  
-0.2449519486  
0.6413935422  
0.03699743129  
-0.3849458242  
-0.4549873678  
0.622421701  
-0.2102035314  
-0.7248113013  
0.5338653562  
0.1969828145  
0.2566385502  
0.7503759342  
-1.022389636  
1.030993347  
-0.2403402156  
-0.9011088444  
-0.1932870754  
-0.2229215934  
-0.4072761256  
-0.0956720218  
-0.3090772344  
0.2298366594  
-0.1842831609  
-0.5362518916  
-0.1936620562  
-0.1414031038  
-0.8862792261  
-0.2030306323  
-0.9332740546  
-0.9511744673  
-0.2969805772  
-1.190515873  
0.6951491621  
-0.1748313024  
0.01710334983  
-0.08030327664  
-0.9160537224  
0.5806199428  
0.4463009986  
-0.3656602908  
-0.822239528  
-0.1836770942  
1.097269803  
-0.1091054055  
-1.030199663  
0.1071792234  
-0.1583103288  
0.4730861014  
