-0.4412270724  
-0.4259411421  
-1.112107569  
-1.250685348  
-0.2650549343  
1.191290356  
-0.09703236928  
-0.7747776653  
0.5192275161  
-2.333054283  
0.537981997  
-1.454767213  
-1.599936601  
-1.894165425  
-0.813646384  
-1.034348369  
0.002021719428  
-0.4780056588  
-2.059487497  
-0.2062583294  
-2.790641522  
-0.434189413  
-2.429857857  
1.214917237  
-0.6746797436  
-0.5320605736  
-0.2505026647  
1.072802708  
0.7644984424  
-0.223946086  
1.694872123  
0.9242888608  
0.5063497819  
-1.730922978  
-0.8083057877  
-1.217204965  
-1.184747414  
1.481866366  
-1.128162073  
-0.9278125465  
-0.5802944227  
-1.169552382  
-1.588290046  
0.0511609833  
0.08758728842  
0.163416596  
0.7719765831  
-0.350101152  
-1.032766722  
-0.05481323425  
-0.7315256826  
0.1819015553  
-1.86673076  
0.7745077248  
