-1.029895874  
-2.430822852  
0.3192045045  
-1.262640427  
-0.2359577909  
-0.1414959354  
0.161667562  
0.0393100021  
-0.09330354158  
0.7072142284  
-1.143847609  
0.8848471737  
-1.897561368  
-0.2269145796  
-0.004563142283  
-0.3643495451  
0.04382348458  
0.208525162  
-1.542483386  
-0.3596523138  
-1.071667314  
0.8530699841  
-0.5182906875  
0.6675031479  
2.27923366  
0.0956515368  
-1.364253912  
-0.5171704629  
-0.3101312971  
-0.7437607424  
0.5488091039  
-0.8691083275  
-1.540299144  
-0.408406876  
0.6752731477  
-0.6960233436  
0.4207672361  
-0.1152394411  
-0.08656170362  
-0.1157533671  
-0.7230717803  
0.952200831  
1.53396166  
2.700409052  
1.27179919  
0.610566352  
-0.0867945858  
0.2000741068  
1.050895344  
0.2376168698  
-0.166256991  
0.8095444374  
-0.1987409768  
-0.7731103818  
