-0.4295425892  
-0.9117044391  
0.2992953194  
-0.7794014316  
0.04053794005  
-0.1859802461  
-0.1801293816  
-0.09351930902  
0.2009694492  
0.468999531  
0.1314127692  
-0.5418459856  
0.1658076253  
-0.8720216272  
0.3933285288  
-0.7239337849  
0.1775155137  
0.2620227756  
0.5689097025  
-0.03394225601  
-0.1576736105  
-0.7165854538  
-0.1792009568  
0.4711123038  
0.1352476804  
-1.016449516  
-0.2754849966  
0.1523156907  
0.2600951191  
-0.6688727492  
1.500526713  
-0.593084404  
0.04035170254  
0.5598720136  
-0.4018668962  
0.3995933134  
0.6065949862  
0.1767103148  
-0.4943692894  
-0.4459087207  
0.4286725792  
-0.008328059743  
-0.4458782722  
-0.3708205498  
0.6133741517  
-0.3907068281  
0.3803358738  
0.1665761094  
1.734664915  
-0.4048578968  
0.5114683839  
-0.1311527088  
-0.08309459554  
1.994985063  
