-1.254849988  
-1.393801431  
0.02798929946  
-1.068681388  
-0.1478133131  
-0.1005045636  
-0.5197200763  
0.04296324176  
0.5508189577  
0.3335632439  
-0.7137961991  
0.9846324726  
-0.2066862886  
0.4016096885  
0.2794328627  
0.07591584403  
0.1939702811  
-0.2484065399  
-1.848008068  
0.1555884403  
-0.03995514469  
0.3939067884  
-0.2182027876  
1.207967933  
0.02213356453  
0.2201110785  
-0.7240150613  
-0.5805013249  
-0.08718464419  
0.3156782869  
-0.5679152091  
0.1288037121  
-0.9497502815  
-1.153788603  
-0.297458635  
-0.3496935813  
0.125408492  
-0.1321584862  
0.1172667039  
0.4110347478  
0.2322878672  
0.1048087877  
0.6686419455  
0.451637532  
1.435490204  
0.5865704346  
-1.064005575  
0.4145776862  
0.9332589987  
0.2276072263  
0.3769643033  
0.004258678453  
-0.5968892021  
-0.4930374045  
