0.4252297231  
-0.5508001802  
-0.2915278805  
1.707184424  
0.5005336427  
-1.44655321  
-0.03644339623  
-0.8267073019  
0.1459135922  
-0.04432211114  
-0.2598111959  
1.003698578  
-0.4676742515  
-0.1461268033  
-1.064530994  
0.2298333569  
0.6722706211  
0.4696393323  
0.1162897557  
0.6915415797  
0.9441129021  
-1.325064015  
-0.379532275  
-0.379176779  
-0.4945402124  
0.2573141856  
0.3847901562  
-0.3236294843  
-0.1864821387  
-0.8809978536  
0.2136652036  
-0.5574584108  
-0.1901584744  
0.4133253196  
-1.207326931  
-0.8872343869  
-0.2100550998  
-0.1067708374  
0.7101353684  
0.1107370859  
-0.2401450273  
0.09333401542  
-0.02673661096  
0.3623922091  
0.1769807738  
-0.2412178026  
-0.943922606  
-1.17770153  
0.8301661019  
-0.1374835466  
-0.8125725775  
0.677410334  
0.5032878136  
0.4846742271  
