16.96871454  
-26.64721694  
-13.92705146  
17.28661801  
-6.283670189  
50.49429643  
10.56882436  
11.40180837  
39.05300247  
22.09151365  
58.39052175  
28.74851136  
73.4221259  
30.03413037  
33.19191676  
72.22760232  
22.00957954  
21.99864371  
19.72244034  
61.206179  
23.37430989  
8.443864559  
47.4601473  
37.44108676  
-3.371742588  
18.37515788  
28.2613945  
38.15141581  
16.4935573  
64.03202727  
50.66031402  
6.642148624  
-4.113206654  
26.95540643  
-47.5646916  
21.28606188  
37.11850284  
17.64085874  
62.62263617  
93.96357328  
17.48551506  
-52.280101  
23.79967771  
25.73642218  
17.02126262  
26.98824915  
-29.01836343  
-8.676056266  
40.83235486  
23.20150647  
-9.991852213  
48.6062874  
7.646572117  
19.47613048  
