-0.8967288626  
-1.416476976  
-0.6027877559  
-1.219437631  
-2.021259893  
-0.7699842067  
0.2785963671  
0.2077600472  
1.9202248  
-0.4444964134  
-0.7533395553  
-0.04397463886  
1.742117598  
-0.9654219909  
0.4214196499  
1.569140657  
0.46560395  
-1.574816648  
1.230226524  
1.820975233  
1.91777041  
0.3163151136  
0.3639056257  
-0.2096389532  
-0.2239116961  
1.453363119  
0.4640060225  
-0.1352623648  
1.514051103  
-1.354556254  
1.107854321  
-0.4847242583  
-0.3379026301  
-0.4037565496  
0.02661612948  
1.689805152  
0.007718362352  
0.2100232815  
1.237558088  
0.1573476048  
1.129611181  
0.7050542884  
1.074699468  
-0.2270004038  
-0.9420890756  
0.0842831275  
-0.1545578257  
-0.3812799495  
-0.1321450209  
1.102062457  
-1.592101914  
-0.151458197  
1.036998405  
3.520909562  
