-2.298450997  
0.0143156173  
0.2890002672  
-0.6067060818  
-0.6885054341  
-1.93802621  
1.60359185  
0.4318737386  
-0.3436716519  
0.03372823614  
1.072172454  
-0.1094281578  
0.4042498983  
0.386283632  
0.1755777956  
-0.4087547  
0.174735981  
0.3083849087  
0.7207764613  
0.8738810632  
1.373000363  
0.8982406819  
-0.5768073076  
0.1217968519  
-2.492736804  
-0.3011133087  
-0.305544865  
-0.3735975201  
0.06851768749  
-0.2649372971  
0.4085221732  
0.0908060964  
1.06102199  
0.3331086428  
1.26943483  
0.4823020493  
-1.182474787  
0.4894842635  
1.566871389  
0.009016514021  
-0.05524625791  
-0.1956011024  
-0.7060931533  
1.493208428  
0.05781388655  
1.443004988  
0.3223332437  
1.350492813  
1.381012082  
-0.8285501605  
1.333276601  
0.09565404058  
1.41808237  
0.1047272216  
