0.3388331553  
0.7571322595  
-1.16813661  
-0.6468670594  
-0.0374767749  
-0.9899783589  
0.5515348429  
-0.4622498234  
0.08848393422  
-0.342743935  
-0.5594201187  
-0.3605881675  
0.4778351769  
0.3493317901  
-0.3763680911  
1.329822732  
-0.7775303893  
-0.5594671115  
0.8979599196  
0.5366098396  
0.1006984735  
1.254049688  
1.050602277  
1.848342784  
1.565189672  
0.2032691246  
-2.258041017  
-1.144785095  
0.03973975572  
-0.005869527837  
1.152226583  
-1.352161461  
-0.02492580464  
0.9862555178  
-0.04126485652  
1.118517088  
1.301300055  
-0.1578415913  
1.353387625  
-1.420621647  
0.5196565685  
-0.1068683524  
1.303553802  
0.7472874315  
1.274387601  
-0.3731254413  
-0.9493355186  
-0.941711971  
1.947412741  
-0.0562268542  
-0.3068386252  
0.9900424092  
-1.402050417  
-0.1157481888  
