0.2074002155  
0.3676798019  
-0.487934122  
-0.2444664408  
-0.6154899557  
0.1785214428  
0.6010861974  
0.2392996865  
0.1834839247  
-0.2787756963  
-0.02226940424  
0.6452951275  
-0.1157885252  
-0.6115218024  
-0.1066302592  
-0.1363287702  
0.03299767896  
-0.4622335473  
-0.1801171717  
1.297206687  
0.4281258365  
0.2354082489  
0.4092850216  
-0.5878982792  
0.1962165204  
-0.4724281046  
-0.458213888  
-0.1982323525  
0.4536150206  
-0.2633499285  
0.1948413723  
0.8754840206  
0.4510708974  
0.01310089597  
-0.6467985582  
0.652332734  
-0.302011922  
0.3187748254  
-0.03280126629  
0.3819124153  
-0.1220237512  
-0.1495544451  
-0.3495326793  
-0.1446108495  
0.8273615179  
0.3150238196  
0.006238125973  
0.127541777  
-0.103229088  
0.4465901821  
-0.07732845714  
-0.2949193754  
0.8411782974  
-0.3158916692  
