0.8747038087  
-0.8717039839  
-0.0842120253  
1.969602743  
1.831571888  
0.508204781  
0.5157829192  
0.2941020171  
-0.0600635944  
-1.793975003  
0.8926302536  
1.467354869  
-1.523369183  
-0.2792163224  
-1.346257957  
1.429229375  
0.1521883501  
-0.808575129  
0.2715560568  
-0.3849883044  
-1.297939132  
-0.7988001853  
-0.6355483247  
-0.5149163634  
-0.5467016906  
0.09094531626  
-0.3719603536  
1.723884307  
-1.566333075  
0.642341548  
-0.02538861411  
0.3136681027  
0.6294362576  
-0.7729166041  
-1.110075963  
-0.96634698  
0.03017954309  
0.05363422084  
0.9323127094  
-0.08675269607  
-1.088431598  
0.8378116507  
-0.2044126471  
0.5073109907  
-0.8725242922  
-0.3236842318  
-0.3565664949  
0.3148301656  
-0.4540352988  
-0.1097113061  
0.3455857431  
-0.5591242506  
-0.03041890877  
-1.125986544  
