-0.373921474  
-0.04465967165  
-0.489915141  
0.3834645907  
0.7334071812  
-0.02801421251  
0.03011865259  
-0.7799543921  
-0.04810613157  
0.03793716212  
-0.2919555127  
-0.7692128775  
-0.6709983223  
0.5406733606  
-0.1733999699  
0.2966402362  
-0.298540521  
0.3819537695  
0.6672280475  
0.664275095  
0.2224743647  
0.07218129052  
0.1797417284  
-0.0853099628  
0.4566509619  
0.6811847543  
-0.09184547027  
-0.4408055497  
0.7394712273  
0.0745845348  
-0.5699028085  
0.1196753901  
-0.780415472  
-0.5442350807  
0.1777254897  
-0.8049687295  
0.7088629018  
-0.2248065167  
-0.1330213002  
-0.332602352  
-0.2640432352  
-0.07601179903  
-0.01627176311  
0.5538587815  
0.002538965687  
0.3945498376  
-0.00381219726  
0.4888703879  
-1.138300183  
-0.07389032403  
0.001640944963  
0.3979018352  
-0.864130244  
-1.264062062  
