-0.4483262447  
-0.6403034851  
2.229744414  
-0.06495683946  
0.1751703993  
-0.5361798076  
-1.16622994  
-0.3544384546  
-0.465708433  
-0.1790723599  
1.158073527  
0.04208503831  
-1.168564285  
-0.5241477505  
-0.1512012829  
0.06679484277  
0.01895814403  
-1.026694364  
-0.03180567149  
0.5650865755  
-0.6465185351  
-0.2824610711  
1.364003399  
1.241037704  
1.957488525  
-0.3931623055  
0.7964137124  
-0.7668396651  
0.5044750019  
-0.08974711226  
1.957191332  
-0.1348263316  
-0.3941870313  
0.05406245331  
1.877102439  
1.471769043  
0.07067040428  
-0.3462770713  
1.037264266  
0.2750884527  
-0.6994447111  
-1.033503203  
1.096202015  
-0.2246108564  
-1.041284043  
1.064833144  
-0.1465426367  
-0.5320192392  
-0.03817138659  
0.6387377177  
0.9225234026  
0.4310453618  
1.466192581  
-0.4254667571  
