-0.6591146141  
-0.3521643671  
-0.2717512898  
0.2052585499  
-0.2175657426  
-0.368014149  
0.2965690109  
0.1386709784  
0.2512704235  
0.2454294129  
-0.07360285517  
0.0179485801  
0.4202038546  
-0.01079933036  
0.3129517599  
0.9750729557  
0.6952386841  
0.05828186049  
0.4527620241  
0.7795732933  
0.3236583665  
0.4646748311  
-0.6886593533  
-0.6044185586  
0.2581525473  
0.2237163288  
0.0002140029888  
-0.5419985376  
0.08735212613  
-0.2128986613  
0.5810137759  
-0.2576985122  
0.292573421  
-0.1937175328  
-0.03887867952  
0.1617486595  
-0.2430170154  
0.4568568092  
-1.092635832  
0.6143944207  
-0.150984825  
-0.08530801954  
0.2399300438  
0.5105606715  
0.01340629035  
0.8919666316  
0.5081581029  
-0.1110001351  
-0.7907478683  
-0.1540120854  
-0.2876946463  
0.6840077126  
-0.8167395067  
0.03669689605  
