0.07932165472  
-0.2113523238  
0.3260569504  
-0.8050626123  
0.06496716052  
0.9463103507  
-1.102040697  
0.05469781278  
-0.3001888157  
-0.4491083621  
-0.2944290347  
-1.308208866  
-0.5311093069  
-0.2560052307  
-0.0531777174  
0.773519183  
1.089887823  
0.629584093  
0.1885389794  
0.8892488661  
-0.1836880589  
-1.259408485  
-0.9775278234  
1.29943486  
2.071784811  
1.067266198  
-0.2105878797  
0.2335115098  
1.212596941  
1.017771092  
0.7468010308  
-0.09709440445  
-0.7078644187  
-0.8324778217  
-0.2977974858  
0.9289934922  
0.07525607693  
2.294920266  
-0.2684078228  
-1.405662754  
-0.5735398247  
-1.600371096  
0.1003831531  
0.7100434854  
-0.6162094485  
-0.5297365373  
-0.2465218394  
-0.01380745616  
0.1132944108  
-0.2569450339  
-0.2150683314  
0.9033170842  
1.213355909  
-0.1261183724  
