0.6119426848  
-0.3573450523  
0.2316369  
0.5371601674  
-0.4692289094  
-0.5144941095  
-0.1462365353  
-0.1114636061  
1.030788785  
0.7988800826  
-0.2554553172  
-0.5308017168  
0.1098511022  
0.4540617126  
0.4481957437  
1.000355557  
-0.3442342716  
-0.98727957  
-0.2867929894  
0.8220769859  
0.5796128783  
0.1006359693  
-0.05113698447  
0.6678930501  
0.5934933677  
-0.002051254424  
-0.9411162224  
-0.7361324275  
0.1775922512  
-1.057147577  
0.6674910383  
-0.6752721261  
0.2789061895  
0.5016951184  
-0.1983261807  
0.8005613914  
-0.2847281592  
-0.4248713899  
-0.6205456165  
1.12553758  
1.787953181  
-0.5943156728  
1.702147286  
-0.3607415861  
-0.1560930322  
0.879430685  
-0.6686239319  
0.3639373052  
-0.5264247766  
-0.3526368492  
0.1516978125  
0.6438372915  
-0.8457702383  
1.929834467  
