0.2850418644  
-0.05637071952  
-2.072824908  
-1.556233749  
-0.5731713293  
0.8293139528  
0.7461078851  
-0.294366354  
-1.189394497  
-1.36868884  
0.7094645609  
0.2949417368  
-1.64507386  
-0.04764725062  
0.1441543384  
-0.7971368969  
-1.293374515  
-0.01121837144  
0.8251751279  
-1.421093459  
0.4817349725  
0.1283371318  
0.7517188878  
1.316805432  
-0.3882017167  
-0.08864689708  
-0.4846284723  
-0.2135407102  
0.8665991294  
-1.934369969  
0.3758475509  
0.4940630351  
-0.9501097426  
-1.486005122  
-0.2243720251  
0.5115570778  
0.3939528705  
0.7500650562  
-0.1131177721  
-0.4736516516  
-1.264565738  
-0.5479625449  
-0.4745939829  
0.2870885778  
-0.3637725999  
0.4790105736  
1.376369624  
-1.100013935  
-0.1856911388  
-0.2783402883  
-1.291234691  
0.1229146356  
0.5353909667  
-0.5518339057  
