0.7038486278  
0.6250851651  
-0.500162856  
0.297937942  
-0.9404823759  
0.1081347232  
-0.5711513895  
0.1790144342  
0.5652416695  
0.3100829287  
-0.5525617311  
0.8784557881  
1.076478828  
1.168832416  
-0.2634898058  
-0.5852414446  
0.8079124683  
-0.1214253294  
-0.3580726213  
0.8667336184  
0.1748088817  
1.162300343  
-0.2431818632  
-1.03516769  
0.3629743327  
-0.4416626484  
-1.09582886  
0.5013892499  
-0.2484783607  
0.568952729  
-0.1528207909  
-1.809574192  
0.1512604581  
1.152711664  
-0.6456323702  
-0.9078420165  
0.7418530978  
0.6348632588  
-0.1153385148  
-0.3424256639  
-0.3809883374  
0.5098851983  
0.3339075619  
0.5733832394  
-0.2461724963  
-0.1103103968  
0.9957905918  
-0.7439927415  
-0.8995269206  
0.002468267456  
-0.06308357063  
-0.6022523938  
-0.3384110631  
-1.126290722  
