-0.4650186863  
0.1378875926  
-0.5310099666  
-0.2530198101  
-0.3588010281  
0.5136089204  
0.7387637894  
0.2874969905  
-0.508178893  
-0.04783380247  
0.7923286402  
0.1787958813  
0.2449486104  
0.5375164592  
-0.5414181035  
1.272870179  
0.1550070092  
0.7651804053  
-0.5687417809  
0.2257476727  
0.9521951929  
1.111576404  
-1.176389496  
-0.2172348612  
-0.003173585614  
-0.3294274722  
-0.233995311  
-0.4612460298  
0.02542550198  
0.6668365174  
0.131151521  
-0.02172595734  
0.176256589  
-0.4468505979  
0.9065875755  
-1.573172124  
-0.5080371738  
-0.4124887322  
-1.019875438  
-0.599285671  
1.253291987  
-0.1227558111  
0.5295190591  
-0.1208267673  
-0.7959897245  
-0.3168750159  
-1.575972409  
0.1082385937  
-0.6465183903  
1.550745988  
0.01181083669  
-0.7006730424  
0.2619126975  
0.8718796389  
