0.7290134342  
1.178464998  
-1.29380186  
0.6961883581  
0.5551502595  
0.06711206664  
-0.6950418722  
-0.3304359427  
1.447074777  
-0.05020748505  
0.7239453856  
-0.5281639697  
1.506844541  
-0.6842458711  
1.047051833  
-0.5352920459  
0.3486395263  
-0.7056382534  
1.21749348  
0.5296101397  
0.1844220407  
0.6322674489  
0.01840450399  
-0.1297001517  
0.9516182736  
-0.4540874949  
-1.492772659  
0.7522177445  
0.7555454003  
-0.03840973123  
-0.3855941241  
-0.6936064378  
-0.8149489198  
-0.8023807806  
-0.6141499863  
0.4627489326  
0.9579263706  
-1.884471961  
-1.684946503  
1.242979521  
0.5936660262  
0.04125546507  
0.06603072192  
0.0579351675  
-0.1699568896  
0.1995041312  
-0.4430532567  
0.1508337436  
-1.096289782  
-1.095194718  
-0.1882357503  
-1.206410703  
0.6794274944  
0.1310471088  
