-1.088339136  
-0.0009376848928  
1.548944496  
-0.2729262706  
0.1751703993  
-0.5216450729  
-0.3338409103  
-1.074966345  
-0.5454029648  
0.09233103482  
0.5256458882  
0.9927710463  
-0.5062257957  
-0.02653797542  
1.72754654  
0.6381902906  
-0.1406666367  
0.5625795667  
-0.4003507239  
1.136657645  
-1.017880213  
-0.683386435  
0.3951965189  
0.7912785466  
1.699054173  
-0.6989606081  
0.8372060829  
-1.20901357  
0.9480149188  
0.5220388551  
2.015317817  
-0.2178514457  
-0.1550801291  
0.1761239633  
1.553583886  
1.508214428  
-0.094253042  
-0.4432356787  
0.1798580396  
1.120642814  
0.462568567  
-1.389864275  
1.003075375  
-0.04571016569  
-1.145125517  
-0.9960691723  
-0.1465426367  
-0.2427678919  
0.5037518363  
0.3233835812  
0.5457430134  
1.493513416  
2.26550053  
-0.4254667571  
