-6.294815908  
-3.003530323  
-18.88693691  
22.38057446  
8.342986944  
64.21550101  
12.78617785  
-15.4268445  
16.72912043  
48.60662843  
23.09556468  
9.753650767  
81.65319531  
43.76037623  
31.21960002  
49.29885349  
0.8072352908  
3.421185924  
16.70174919  
34.54384102  
8.866336399  
11.23500768  
-7.792557141  
29.74910159  
-20.24218299  
-8.806693507  
12.30073019  
40.11770481  
-2.567701419  
38.68339611  
-1.55926944  
23.3789255  
2.785687454  
-10.85099981  
20.40531267  
9.766960211  
28.87939042  
37.10982825  
40.01330316  
87.50650258  
13.84536434  
-23.09325111  
31.3604604  
39.23730661  
17.58507051  
37.22349897  
-15.60753288  
11.90848355  
34.17754852  
-16.75278199  
1.457226631  
8.656221224  
-5.642364823  
-91.13694881  
