0.1609316567  
-0.1283552158  
0.121414039  
-0.1673760785  
0.2382225293  
0.08379502058  
-0.2503368381  
0.2087837089  
-0.04267895161  
-0.1058175432  
0.2986156633  
-0.1809130528  
0.1429382886  
-0.08799530671  
0.173657592  
0.1801317167  
-0.4193287582  
-0.2493975596  
-0.07410951414  
-0.1127426558  
0.4376455085  
-0.1838079082  
0.08372920469  
-0.1744754305  
-0.102630865  
-0.3171013961  
0.0022125631  
0.2557344101  
0.2423106956  
0.1890494071  
-0.0407554801  
0.2166580283  
0.04459802921  
0.3248739735  
-0.2395113603  
0.04298303677  
0.1924245296  
0.1580721465  
-0.2262877313  
0.05215369831  
0.221175742  
-0.1567725235  
-0.06952763256  
0.1645471855  
-0.2690848851  
0.3170303902  
0.03288552072  
0.1470326363  
0.1643988149  
-0.07232735062  
-0.1942861985  
-0.1524674338  
0.1976106228  
-0.07073488488  
