-0.1643891747  
0.7745297908  
-0.5752537417  
1.779767303  
-0.8687289562  
-0.367271979  
0.7346797366  
-1.008587138  
0.7872269855  
-0.5623200157  
-1.752121154  
-2.304781177  
-0.921153782  
-0.4991476897  
-1.476232127  
-0.6743769558  
-0.3383188712  
1.178874403  
0.8925250523  
-0.2078067739  
-0.8860624083  
2.204265768  
-1.505393877  
-0.5771169796  
2.635730018  
-0.3820175029  
-1.060939489  
-1.582406815  
-0.5959226463  
0.345607409  
0.08138138365  
-0.5864939202  
0.02570231396  
-0.8235741746  
-0.9858769687  
0.6329787351  
0.4251431171  
0.4404255143  
-1.506388987  
-0.7708806027  
0.9835545871  
-0.2889507084  
0.412538298  
0.9486695072  
0.03006345023  
0.9666515624  
-0.7544487035  
-1.249714641  
2.167032186  
-0.4952093381  
0.842121267  
-0.7556150709  
-0.9634466877  
0.4298453449  
