-12.19852379  
-13.65958003  
1.341172331  
-30.61104949  
-36.98102545  
56.40385098  
-19.56529591  
25.45448142  
25.7171143  
5.042492002  
23.65592226  
-4.176394046  
45.57480538  
1.892811282  
-3.901152398  
63.70342555  
-0.8645513319  
71.36656845  
30.04663607  
0.9916276414  
11.33642164  
41.58174502  
-16.06656479  
-11.79755027  
40.34895154  
-1.003250043  
38.39492662  
-9.390800078  
26.5571896  
18.20280838  
36.89058744  
78.7215777  
15.45377032  
-4.632945843  
18.88645196  
0.4642939557  
2.112218769  
93.67160098  
10.84544314  
40.58819084  
-6.633998254  
39.46874525  
5.782479078  
12.73144943  
-48.36542743  
20.27330206  
-40.53271028  
-4.657820834  
0.6603187423  
22.85576898  
50.44614465  
-56.24012374  
16.44279235  
-37.75278051  
