0.3827574122  
0.04933936543  
-0.7531037779  
0.04653957398  
1.2915943  
-0.7907842733  
-0.4045892473  
0.5266838794  
0.3813107909  
-0.1787113486  
1.508221359  
0.4459257381  
0.4204643499  
0.4149082619  
0.4034553121  
0.4957893272  
0.6086200205  
-0.24707786  
-0.6194913788  
0.6855406258  
-0.3714607754  
0.5817599146  
-0.3166969579  
0.3608325355  
-1.060067346  
0.06831871758  
0.4323216038  
-0.7525095895  
0.4860798362  
0.8521866199  
0.1578209539  
0.2039000435  
0.8786550988  
0.397238815  
0.5666392881  
0.03887400053  
0.3067859975  
0.2625831074  
-0.6146673129  
-0.3313403534  
0.6739235667  
0.0242299059  
-0.1743960431  
0.4885102155  
-0.09551836718  
0.8649097319  
-0.2820686133  
0.1620076353  
-0.002514964903  
0.9706891552  
0.1832550964  
-0.3351616719  
0.5513822818  
0.06113603128  
