-2.015033377  
0.4801235834  
-1.185825941  
-0.4535526376  
0.8985853458  
0.8364183597  
1.159717936  
0.1596850823  
0.6271228959  
0.2132005346  
-0.3588000161  
1.153243156  
-1.399521483  
1.00383065  
0.7573508632  
0.2252294031  
-1.441649889  
0.1598349637  
-1.49001245  
0.01728889974  
0.01071865465  
-0.5870411757  
-0.6179298398  
-0.2674920477  
-2.261640185  
-0.03068087103  
-0.0928662985  
0.5186481173  
-0.81451976  
0.003718566885  
-0.04844348499  
-0.6066657128  
0.3527031368  
0.8024925088  
-0.7052768281  
-0.4398767521  
0.3587959781  
-0.2065497989  
1.814143162  
0.3098500867  
-0.4118947606  
-1.180012443  
-1.633212001  
0.1039052426  
0.2823779034  
-0.4144262946  
-0.187969534  
-0.2327351867  
-0.4907097266  
-1.125930616  
1.204378098  
-0.1248111421  
0.3151064496  
1.593178362  
