-0.4493788977  
0.174390656  
0.389349555  
-0.3117162535  
0.7470854145  
0.5943208693  
0.4822947261  
-0.2067094384  
0.02727904501  
0.2986240867  
0.1496281826  
-0.09296890945  
-0.6522701027  
-0.1083164069  
0.7919212533  
-0.5475923412  
0.1023675583  
-0.04155508098  
-0.2871662808  
0.4853249847  
-0.2389886372  
0.09761083619  
-0.02737030783  
-0.2813075564  
-0.2879469754  
-0.3415404425  
0.9514020155  
-0.4623401606  
-0.8131436545  
-0.3654898381  
-0.4152549307  
-1.065344232  
-0.6988382821  
-0.6535171434  
-0.1346889953  
-0.1337224825  
-1.033832752  
0.6546876156  
0.1261056224  
0.5029970097  
-0.1564862344  
-0.156990371  
-0.8659755168  
0.3161323411  
0.07238393463  
-0.1071895608  
-0.4891359602  
-0.3907123648  
-0.2452643693  
0.872173308  
0.1009539044  
0.3858327705  
-0.4282020294  
0.8577787029  
