0.09368939191  
-2.131302016  
1.25779794  
-1.009088726  
-0.4217537969  
-0.9286448673  
1.158714865  
-1.065626595  
0.4777748884  
-0.7325007363  
0.8304701967  
-0.5776658274  
0.7696246606  
-0.5288731475  
-0.1510614846  
0.6842722315  
0.9490887977  
0.04607518113  
0.1268884756  
0.08174232271  
-1.599894436  
0.5139499854  
-0.3255767579  
1.535616614  
0.5378170484  
-1.019442268  
-0.2184240791  
-0.5047353674  
0.01723026009  
-0.349604246  
-0.6872941689  
0.9514357472  
-0.8050541482  
-0.6840066312  
-0.4236016329  
-0.3630400899  
-1.30839353  
-0.05711174715  
0.2044448347  
1.042943177  
1.200988392  
-0.06069349039  
-0.3790280962  
0.3245458608  
0.01286958798  
-0.05777215967  
-0.7123034259  
0.6174728164  
-0.04192172349  
1.186232731  
-0.06252069075  
0.08980373599  
1.538662246  
0.1534376185  
