-13.30103828  
7.56526841  
22.34419081  
35.1779164  
49.04817933  
79.12420089  
30.14976735  
-8.541928575  
56.73635295  
63.38265885  
29.14596254  
63.98746635  
35.68326597  
45.11830421  
-6.649572622  
63.09613716  
32.29803761  
10.03211601  
55.88940508  
34.51626828  
28.25143238  
14.21949304  
41.88795003  
15.37392372  
43.82824931  
42.30585166  
2.616456674  
103.8550014  
19.46373176  
85.89966631  
34.99348659  
79.07368089  
25.14976153  
45.25251152  
0.1160244039  
8.737168915  
37.85555175  
73.75361799  
41.50928623  
69.82350601  
2.465727193  
64.8880823  
72.23205094  
106.5554416  
30.18548937  
69.13029311  
33.82806116  
77.51591744  
-42.93155527  
27.17710781  
18.6477038  
17.3544205  
-27.88330586  
-112.0903318  
