0.5581471579  
0.08394047373  
-0.6047305783  
0.4192885286  
-0.363596469  
0.2515224032  
-0.1140345057  
-0.2012970618  
0.1897200901  
-0.3433604924  
0.4622608122  
-0.4893178077  
-0.07248410646  
-0.260656012  
-0.1339444639  
-0.2177161619  
0.9429170521  
0.02829786975  
-0.6804012961  
-0.4185582648  
0.8404658671  
-0.5877163097  
0.7837966957  
-0.1316616904  
0.4041538871  
-0.1724162586  
0.3372813959  
-0.4785599123  
0.2031478311  
-0.04799234229  
0.4142729739  
-0.2207159814  
0.6292970887  
-0.09183020795  
0.08089392028  
0.2639726687  
-0.5053895228  
0.01626824595  
-0.2647009162  
0.5354998963  
0.06368979092  
0.7431846297  
-0.3238876751  
-0.3374733504  
0.2387741313  
0.04231652065  
0.3638797837  
0.9838639696  
-0.1874870653  
0.2466707894  
-0.7439719227  
0.5332425535  
0.001803197954  
-0.2958026536  
