0.5564583627  
-0.1282704017  
0.05801420734  
-0.9760919132  
-1.011934535  
2.522515741  
-0.459319989  
0.4645897452  
1.085924978  
0.4592286848  
1.270460972  
-0.3885896865  
-0.8356838948  
0.6566300473  
0.5568403154  
-0.1341186445  
-0.2077794004  
-1.122915523  
-1.046055958  
-0.2488143412  
0.1095497136  
1.182330716  
-1.528621415  
0.3146611652  
0.1450711767  
-0.7483343676  
1.789785382  
3.158801448  
0.448456541  
1.181522181  
2.283562498  
0.200976123  
1.023581919  
-0.1016941918  
1.151328819  
1.47707492  
-0.09284348428  
2.010346622  
1.416883379  
0.4396286532  
-1.297124795  
-3.179735804  
0.6633793245  
-0.002442622155  
-1.080313435  
0.9766202158  
0.0715844664  
-0.1045923261  
1.530373487  
1.754335003  
-0.7330056284  
0.5580277127  
0.628630476  
-0.2356250677  
