-0.1191686414  
0.3069156824  
-0.02102857508  
0.01859545145  
-0.2552705712  
-0.5798010422  
-0.09433334393  
0.02326319791  
-0.3109199008  
-0.3602653567  
1.20522045  
0.04870649736  
-0.3469424126  
0.5153370827  
-0.2217599891  
-0.2909084502  
-0.7081915892  
-0.171413389  
-0.416358529  
0.4424361218  
-0.08966959138  
0.632631556  
-0.1736145627  
-0.6077368457  
0.1487694705  
0.5032104751  
-0.4326145968  
0.350664316  
-0.3470462753  
0.2758402241  
0.1259645322  
-1.074053324  
0.7124270318  
-0.2798728248  
-0.158979941  
0.5989714861  
-0.6207895509  
-0.2685667731  
1.315479892  
1.373283334  
0.7585494323  
-0.2525164861  
0.4399118537  
-0.686418756  
-0.2460406277  
0.6799580718  
-0.3868109475  
0.02909378712  
0.2911832813  
0.2751312031  
-0.9006117823  
0.8757333626  
0.2458962967  
-0.5954861519  
