0.5338172641  
-0.9290244005  
-0.8363409199  
-1.214293596  
-1.519962747  
-1.078719373  
-0.601353635  
-1.682457234  
0.8792497693  
-0.00601420866  
-1.078113812  
-0.432834212  
0.5635456458  
0.566223427  
0.1159427637  
-0.454720077  
-0.7199907425  
-0.463974855  
0.1193340929  
-0.3497913731  
0.4927102984  
-1.189428961  
0.04713277744  
0.144561898  
0.4304417094  
-0.6738161403  
-1.53918813  
-1.092997419  
-0.7290763695  
0.06913963059  
-0.5150309441  
-0.1748751657  
0.02040303817  
-0.7524748405  
0.5166972541  
-0.960143603  
-0.6994980979  
0.3975568806  
0.6477920622  
-1.96487435  
-0.3715160084  
-0.8076131135  
-0.8424060477  
0.3626477137  
-0.6123548064  
-0.2628328172  
-0.7570415539  
-0.2408181304  
0.3379902011  
-0.8527365373  
-0.8916395422  
-0.09982055443  
-0.1601661264  
0.01253330989  
