-0.2945407762  
0.4992483643  
0.3793563385  
-0.7922262815  
-0.3038353826  
1.009527581  
-0.05473576687  
0.0006768147861  
-0.9434197444  
1.049240739  
0.2496152536  
-0.5349192493  
0.09973482471  
0.2151366411  
-0.2382452455  
0.5566496058  
-0.941525211  
0.3642505987  
0.2988780831  
-0.4795075895  
0.6382807799  
0.6019602609  
-0.02979447095  
0.2240592316  
0.4097941754  
0.02199977599  
0.2094442084  
0.002764177512  
0.4129080285  
-0.2379105933  
-0.6644897755  
0.05723261783  
-0.3617323207  
-0.1560418476  
0.1863111699  
-0.2136581903  
-0.6445072701  
-0.1850536609  
0.2115583564  
-0.1775368784  
-0.2377668888  
0.2381701181  
-0.9129618902  
0.005008243526  
0.08943998597  
0.2347915657  
-0.3472200671  
-0.03315020781  
-1.599715691  
0.4671001645  
-0.2268760484  
0.2009950379  
0.4299155522  
0.4798194718  
