-0.1570913952  
-0.2375224757  
1.003796936  
-1.01711501  
-1.539860353  
0.6785300897  
-0.7795388661  
-0.1763753044  
1.162210506  
-0.5088112012  
-0.7726707616  
-1.593284818  
-0.2846084724  
0.3311760655  
-0.5859310456  
0.7367598256  
0.5271197522  
0.2265189187  
0.13064916  
-1.11711916  
0.3359260758  
-0.5063339959  
0.7816787218  
-0.6795370688  
0.8876425066  
-0.1882035216  
-0.9134715244  
0.401252443  
0.8954303159  
-0.199227195  
1.30267227  
0.2269047072  
0.3278866002  
-0.6988146145  
0.7067955138  
-0.2462954287  
-0.2193942439  
0.547469279  
0.3991494566  
-0.6997329528  
-0.6840003446  
0.09343064044  
0.3393470572  
0.434373146  
-0.8676078327  
0.5795536728  
-1.329792448  
-0.7720849875  
-0.945891918  
0.8213273912  
1.638853224  
-0.7479895659  
-0.3063264539  
-0.956965231  
