1.18123678  
0.5356532244  
-0.9209063091  
0.1782692071  
0.8044145636  
-0.7848620373  
-1.033225915  
1.208278775  
0.4264609815  
0.5339037761  
-1.149726922  
-0.7810802891  
-0.6718252775  
-1.049042584  
-1.099374052  
0.3532511381  
0.09353322462  
-0.542953607  
1.241626473  
0.9354690543  
-0.2587810987  
-0.6298995545  
0.6585607589  
0.2729701066  
1.520019153  
0.3205343734  
0.9720168387  
1.782797923  
-0.503949926  
0.9352079063  
0.8987301993  
-0.05940881433  
0.7003360819  
0.2928674331  
-1.27075247  
-1.786837495  
-0.2909623029  
-0.4479557351  
1.25423956  
0.6425983342  
-1.59487997  
-0.0545334758  
0.8973477373  
-0.7886348162  
0.3666724625  
0.3472072948  
0.1963047036  
-0.9467384198  
-0.03464412918  
0.234961425  
1.899066611  
0.8403586172  
-2.558344847  
-0.4078403362  
