1.090658122  
0.3477031163  
0.511222473  
1.182045071  
1.979061651  
-0.130078662  
1.567586271  
1.095911148  
-0.2608971674  
1.235316241  
0.2300944705  
-0.1959519548  
0.169557048  
-1.806111048  
-0.3718470153  
0.5309836417  
-0.4560416233  
0.3980685562  
-0.9330071537  
-0.2277559932  
-1.780772139  
0.9858542184  
-0.0542020766  
-0.7488927109  
0.4063012736  
-0.2046426355  
0.3082626515  
0.166959369  
-0.6505679716  
2.064107538  
-0.03651851506  
1.213689781  
-0.3917278735  
-0.1181518958  
0.5521544897  
-0.9553527111  
0.6993135893  
-0.5202202714  
-0.364913869  
0.6815822238  
0.0266881612  
0.235898635  
-2.172027476  
0.6151859361  
0.3031063277  
1.15822139  
1.860211937  
0.630049384  
-0.2918644118  
-0.8304281429  
1.823855056  
0.4498438607  
0.2401970546  
-2.256400031  
