1.363732152  
-0.5934138841  
0.1622192175  
-0.9985144147  
-0.7086961255  
0.9982775223  
-0.6069304919  
-0.8016142383  
0.9488210633  
0.608602964  
-1.030482395  
0.08614192968  
0.8513794856  
0.04166436625  
0.234573487  
-0.7406568937  
0.4886850263  
0.290578143  
0.1023906071  
0.4730855547  
0.7641845198  
0.1950753159  
0.2270670623  
0.6791881465  
0.07806163095  
-0.8078752114  
-1.369491321  
-0.1138777511  
0.2488934909  
-1.154661643  
-1.015569046  
0.4522581357  
-1.644586483  
-0.2207741506  
-0.2145280604  
-1.594226193  
-0.120386402  
0.02620795287  
-0.6781584968  
-0.6494766053  
0.335465132  
-0.9125897872  
0.932256225  
-1.218258536  
0.06804027208  
-0.2993338571  
-0.8647559212  
0.1887161894  
0.5700930898  
-0.8578644419  
1.126624796  
0.007445108074  
-1.008595954  
1.125785786  
