56.3591098  
-36.10901678  
-17.74131485  
-27.59700342  
-98.28135005  
-74.06749677  
-88.32062669  
-60.8906437  
-24.94109992  
-64.98023932  
16.1508973  
-1.933341494  
-21.49950971  
-30.1191731  
20.32635886  
0.2904141647  
-31.1742877  
-32.20266441  
11.24420213  
-97.33934824  
-31.6858793  
-32.64346139  
3.992469483  
-7.211057262  
-51.80334593  
-27.45550987  
-50.05031873  
-132.0788332  
-28.89814899  
-32.56490793  
-86.23368681  
-20.2442232  
-23.69616647  
-7.458907171  
-27.58911712  
-79.68874352  
-29.54062948  
53.32792671  
-30.91495374  
-99.28485295  
-21.02121838  
-31.70282006  
-55.97682671  
-12.65616173  
-9.900753176  
-61.91083292  
-97.22043139  
-56.70385624  
-96.49080625  
-44.31474132  
-65.13510931  
17.30829872  
-82.55856499  
-2.998747361  
