-0.7469796999  
0.8341383997  
-1.464096378  
-0.1034065096  
0.1575258405  
1.272129708  
0.5743879886  
-0.4496413595  
-0.4316075603  
0.7386887765  
-0.9314873027  
-0.9643582513  
0.6886255344  
0.9474231452  
0.992704991  
0.3788891098  
0.05082434005  
-0.3223220088  
-0.01459389991  
1.053202583  
-0.285106077  
0.2654246737  
-0.5825123457  
1.591874512  
0.003425444608  
0.9315233777  
-0.9634777419  
0.1602417184  
0.342607542  
0.6208273104  
0.7286190201  
-1.457651962  
-1.04185159  
-0.1265503522  
-1.01492221  
0.3285690267  
1.346566281  
0.0711054574  
-0.5139373625  
-0.2397242469  
0.263086427  
-0.4605779399  
-1.598935508  
-0.03821580847  
-0.491002114  
-0.4957207933  
-1.866231963  
-1.658035169  
-0.1344646861  
0.2478748239  
0.7231843913  
-0.2507349299  
-0.796477523  
-1.106694257  
