0.1227865498  
-0.8473465176  
1.109088713  
-0.8983236034  
-1.450700245  
0.4644319862  
1.876968086  
1.818299885  
2.066321268  
1.70386414  
0.1651159985  
0.6194572862  
-0.7990357489  
-0.1206712765  
3.406382108  
-0.5720304984  
-0.2801341017  
-0.1981453355  
1.376138119  
2.229168693  
0.8113173223  
1.008004051  
4.567737665  
1.199276824  
1.121150611  
-0.3211894649  
2.491093538  
0.3012352963  
1.264128923  
0.7031745388  
0.07842376064  
-0.3647758135  
-1.273821262  
-0.2344088311  
-0.7192349916  
0.6732857363  
0.8106522188  
1.142875139  
2.728627299  
1.981688208  
1.478027823  
-0.3759614213  
-0.2718256115  
0.1989126807  
0.8562090403  
0.5806114729  
0.2208190608  
2.858751528  
-0.7535561271  
1.825454576  
0.2623078788  
1.908453144  
-0.1561537801  
0.06293344971  
