-0.9178368041  
0.7061895263  
-0.3143139606  
-0.6117872545  
-0.7061856772  
-0.2281597371  
-0.6019598247  
-1.118126041  
0.6779047544  
-0.3986819064  
-2.082402346  
-0.09873306508  
-0.5325279506  
-1.236767161  
-0.2372863787  
-0.4606064878  
0.4687353562  
-0.4235475821  
-0.6519870325  
-1.225888566  
-0.4754618616  
0.7822923967  
0.6367625511  
-0.9214031456  
1.330196063  
-0.8290685286  
0.6536268767  
1.086086906  
-0.6182840131  
0.2922589915  
0.1216142502  
-0.143687132  
-0.2374791103  
-0.7611256488  
-0.4125408498  
-0.09745943317  
-0.1022459353  
0.8436121747  
0.7789465192  
-0.2339495974  
2.569414093  
1.067787052  
-0.5986078097  
1.742017054  
0.1963895761  
0.05447693241  
0.2048869518  
-1.749648798  
1.105455587  
-0.2226632081  
0.7933352719  
-0.170714968  
-0.706246616  
-0.5729738313  
