0.8786968352  
-0.7331225809  
-37.99251033  
-32.71176682  
-31.2800354  
-26.130988  
-24.30073788  
-47.84958611  
-40.60476956  
-19.86486795  
-39.67004716  
-16.17834624  
-29.33313492  
30.57338717  
25.85924417  
-20.79269818  
-41.39012817  
6.667409442  
3.814520579  
-3.28825248  
15.04756489  
-42.91751625  
-15.75573937  
-11.27017791  
-38.89209606  
-3.338611584  
-8.890764361  
-39.09571362  
-36.39316191  
-40.94515492  
-56.5848828  
0.1619884042  
-36.04894411  
-34.0292563  
-36.96896697  
-27.76667122  
-13.36358263  
6.591530388  
-27.01021534  
1.528003383  
-23.81279766  
-24.83769935  
-40.99393481  
-22.53224406  
-21.04796298  
-7.747717204  
-78.22049699  
-77.3718407  
-32.59060944  
-28.76450795  
-52.99250457  
-8.815290425  
-43.02295582  
-86.74342077  
