0.8538149191  
0.3003306354  
-1.482508222  
-1.891486849  
-1.213351738  
0.0134341753  
-0.5617566752  
-1.756288381  
0.646382205  
-1.587845934  
-0.6981555439  
1.258821788  
1.213851173  
0.1265889987  
-0.8663522817  
-0.1485929251  
-2.402828336  
0.07938997291  
1.060454217  
-0.4720058235  
-0.4737940917  
0.3541489359  
-0.6670649532  
-0.7481403657  
1.492935342  
-0.1656493428  
0.4528788854  
0.8801885035  
-1.052827807  
-0.2390558753  
0.9334659325  
-0.1900782467  
-1.146845761  
0.5139121215  
-0.4407985318  
-0.3313226949  
0.464276046  
-0.476388484  
-0.5897479122  
-0.5985798608  
1.804781017  
-0.04427310197  
-0.3401700115  
-1.529791964  
-0.1702576325  
0.001244017854  
0.8928793002  
-0.8355412915  
0.4471542549  
0.6288230168  
-2.163848281  
-0.1753761339  
-0.9344546053  
0.2932512089  
