0.422589603  
-0.6104834939  
-0.7367266083  
1.352717643  
0.7232166734  
0.1913670224  
1.35589346  
-0.2626361577  
-0.5081073612  
0.4297060764  
0.1775783948  
0.409383991  
-0.04202790147  
-0.1157297593  
0.9316413646  
-0.8727126018  
-0.2222871201  
1.683445894  
0.8485788064  
1.058257262  
-0.03337099285  
0.9796252937  
-0.7114800969  
0.392281691  
0.3420499398  
0.2324046501  
-1.97883405  
0.235357075  
-0.3679783694  
-0.5078676791  
0.5610271246  
0.3490501274  
0.3290689285  
0.2280983026  
-0.4293241228  
-0.8312727315  
1.609234144  
0.7869943735  
0.5147280122  
0.9825301981  
-0.5602791716  
0.1186080373  
0.0876457062  
-0.4475370391  
0.299601039  
-0.1834351408  
-0.9611016819  
-0.9446163521  
-0.8342501361  
-0.2565763619  
-0.2199080581  
0.4528185  
-0.06490978895  
1.196944988  
