-0.4676560923  
-0.2101473402  
-1.052595683  
0.5464532154  
0.1141687122  
-0.03987391378  
0.8772865285  
-0.175594528  
-0.06881423105  
0.3260974151  
-0.2936878951  
1.050118187  
-0.3535113008  
-0.4209229183  
-0.5110691661  
-0.004899120684  
-0.6317009314  
-0.2474045606  
-0.1913959195  
0.7430973795  
0.1172472503  
0.04293084087  
-0.7491395162  
-0.6318525897  
-0.2869763321  
-0.2729365433  
-0.248773844  
0.2966133609  
-0.1308388123  
-0.1327952853  
0.7046660257  
0.01526514309  
-0.01546808052  
-0.005641945468  
-0.9011368867  
0.2242487477  
0.7572347642  
-0.4846390408  
0.5921590464  
0.04798879538  
-0.2830636769  
-1.008259582  
-0.1539431735  
-0.2521947988  
0.6071743931  
0.565171177  
-0.2814026026  
-0.7303552309  
-0.5205951209  
-0.8478949508  
1.377198898  
0.1471188668  
-0.5162389411  
0.6814503668  
