-0.8960626499  
0.1549624671  
-0.08662929036  
0.03155584957  
-0.4829601659  
-0.8534842626  
0.03526185972  
-0.2415723568  
0.6486300451  
0.6764314128  
0.41126507  
0.7506053778  
0.8235122868  
-0.006502118191  
0.157926225  
0.2854441445  
-0.0955449108  
0.1124718075  
-0.2414993392  
-0.3791631023  
0.4593623914  
0.4568289836  
-0.3783376995  
0.1018732781  
-1.115178364  
0.172870828  
-0.8029236476  
-0.4824787259  
-0.2287657552  
0.3160467597  
0.2185736514  
0.4782476288  
0.4410834685  
-0.5451950282  
-0.4738510928  
-0.07838539555  
0.8559385112  
0.0538577292  
0.4460935625  
0.3587000185  
0.09101705029  
-0.21567616  
0.5969081274  
-0.4314111548  
0.8121403264  
0.05229435604  
-0.5825453554  
-0.2155366288  
0.01504879675  
-0.1998763301  
0.2383888256  
0.3181909094  
-0.2449182547  
1.009432085  
