0.3403720399  
-0.453458762  
0.09828907362  
0.071027606  
0.4512037521  
-0.2877008986  
-0.08777815335  
-0.07142972245  
0.1444547623  
0.4152290664  
-0.4512392338  
0.8655297636  
0.8756165172  
-0.2644967293  
-0.1748430887  
-0.1355835246  
0.5023686608  
-0.2208398135  
-0.5498068639  
0.632834175  
-0.06517019878  
-0.6596981178  
-0.177321113  
-0.06759203459  
0.06094734961  
0.5061159473  
-1.197202524  
0.2879239017  
-0.0437281909  
-0.1798254188  
-0.1473082556  
-0.8936469255  
-1.116561426  
0.8100514203  
-0.907244202  
-0.1223196992  
1.131850551  
0.2893282826  
-0.4783578689  
-0.6556102214  
-0.05543160334  
0.6689419793  
0.1562652409  
1.112199258  
0.01991773394  
0.2891497645  
-1.24750403  
-0.1546771133  
0.4657317817  
-1.391173881  
0.4383779648  
-0.05297172393  
0.1506818283  
0.9190945418  
