-2.067785119  
-0.7670086536  
1.241073878  
0.3898847673  
0.9648766108  
0.8935572917  
-0.2497683006  
0.343454838  
1.802425372  
-0.580856746  
-0.5237097044  
0.6941421901  
0.6365743452  
0.8251261356  
-0.04215831128  
1.940874718  
-1.174657786  
0.4971012214  
-0.1204927328  
-0.6047052451  
1.020854834  
1.263389034  
1.259371482  
1.441613175  
-0.740941768  
0.4210533929  
1.097008773  
1.47288628  
-0.0825729025  
-1.406798852  
0.5766256234  
-1.222870731  
0.433880853  
0.4622325606  
1.013772726  
0.8567809196  
-0.7629068039  
1.099879497  
-1.117651693  
-0.5113059949  
-0.3518957434  
-0.2111888855  
-0.4703824234  
-0.7685482294  
0.3381825658  
0.1248786889  
-0.02417305569  
0.7457122283  
1.872279079  
-1.140840571  
-0.1743410049  
0.1418345185  
-0.06833995898  
0.03878197858  
