1.312488904  
-0.3257813265  
-1.207517348  
-0.4490553891  
0.5582398168  
-1.436848248  
-0.6213730064  
0.1237773146  
1.303292518  
-0.6818968224  
0.3856648262  
0.490862468  
-0.8113454095  
0.9602807756  
0.7438776935  
0.26216736  
0.5949394925  
-0.8507411619  
0.3784366019  
0.2156920368  
-0.4799419969  
-0.4961110055  
0.01557667338  
-0.1315203131  
-0.3556031365  
0.5055432829  
-1.303605056  
0.4735097273  
0.4346214709  
0.01501050231  
-0.6766601111  
-0.8272108714  
0.3773042073  
0.4193365813  
-1.646475867  
1.180882454  
0.2932973274  
0.6822190309  
-1.03266616  
0.2208599895  
-0.247596397  
-0.4577377102  
0.4857806071  
-0.1495098064  
1.146139728  
0.3027585941  
0.4028151499  
-0.02898260598  
2.113049344  
-1.881855527  
0.9376812982  
-0.5667070425  
-2.528536593  
-0.7450553894  
