0.5630969171  
-0.6788082481  
0.3848183652  
0.4265813929  
-0.8361751765  
-0.5348932614  
-0.3911402149  
0.3237011151  
-0.3111048111  
0.1835260897  
-0.2822999947  
0.2757356188  
-0.104315235  
-0.1356104663  
-0.5296383687  
0.3824739523  
0.1545845124  
-0.02464774047  
-0.1838088336  
0.00985544803  
-0.9757977375  
-0.2951071063  
-0.4833353533  
0.4562377233  
0.07384303029  
-0.06260173641  
0.05438684482  
-0.16714633  
0.07654615124  
-0.5967476569  
0.2290315879  
0.183131203  
0.424784162  
-0.2144481128  
0.3062407692  
0.5910473208  
-0.06031353921  
-0.1620793217  
-0.3611523886  
-1.26032676  
0.2801453889  
-0.3829693744  
0.225366815  
0.4278786794  
-0.4681937553  
0.09403914377  
-1.07078924  
0.8683027314  
0.4959318361  
0.2018629729  
-0.09837082258  
-0.2944085978  
-0.1056778516  
-0.1721744816  
