0.1609344851  
0.1311514826  
0.550591146  
0.6506201929  
-0.484839938  
-0.5559013042  
0.7978128673  
-0.111933914  
-0.1815856451  
0.02381873515  
-0.7026735918  
-0.04960633418  
-0.9083353179  
0.1696566938  
0.8035137727  
0.6188906375  
0.723262768  
-0.1328574624  
0.669593177  
-0.1038324229  
-0.2726078459  
-0.06882023307  
0.7195181316  
0.7198184704  
0.4207870539  
0.6791508117  
0.8660362512  
0.3377046139  
0.5905607313  
0.7799655756  
0.2759033652  
-0.4110967826  
0.1314136249  
0.8133506795  
-0.8142189977  
0.5371998022  
-0.2715897612  
0.3900715964  
-0.07060149555  
-0.49050896  
-0.3832179842  
0.3141253742  
0.1073461329  
-0.606961019  
-0.5062471476  
-0.3035610638  
0.6139872542  
0.258998725  
-0.4745610596  
1.062715461  
-0.068737745  
-0.05670784782  
-0.005921096002  
0.7690030088  
