0.09971227705  
0.4002840896  
-0.3020324813  
0.06025919863  
0.02097597389  
-0.06808716983  
0.2019533204  
0.009201316015  
0.1013791781  
0.1931524308  
0.05703768387  
0.1183570788  
0.2048585027  
-0.1147760362  
0.2130653013  
0.07793061005  
0.7201560612  
0.2546873251  
0.08125755348  
-0.004740822057  
-0.2674488645  
-0.148492028  
-0.07460546524  
-0.0775424674  
-0.07550797404  
-0.1967841333  
-0.1334742383  
-0.1783532695  
0.1980942793  
-0.05514977145  
-0.01966804015  
-0.5875579897  
0.07974435847  
0.1195927571  
-0.009154636341  
0.1346258382  
-0.4558059489  
0.006250314235  
0.1381482377  
-0.1571103573  
-0.0989042786  
-0.03685084906  
-0.08179168238  
0.03814302982  
-0.08452014096  
0.1173412447  
-0.02255431203  
-0.2560174434  
-0.3393304473  
-0.02740663554  
0.279054139  
-0.1438202819  
0.1180258459  
0.3276990296  
