-0.7189166352  
-0.5361671443  
-0.5011209285  
-2.613632848  
-0.859363195  
0.1755164131  
-2.361149773  
-1.48477421  
0.07005007839  
-0.6975988815  
-1.402296956  
-2.006048283  
-1.648669662  
1.020148604  
-0.08974485162  
-1.743515912  
-1.590217925  
1.175183345  
-1.538634118  
-3.506645207  
-1.743853595  
-0.372180801  
-0.8676238694  
-0.9857906748  
-1.055644328  
-0.3960719368  
-2.062028977  
1.274892292  
-1.201359116  
-1.671836593  
-0.9691731529  
-0.04679028968  
-0.9068898456  
-0.8661233166  
0.7635524564  
-1.162622393  
-1.171872254  
-0.08118762373  
-1.124605166  
-1.631752039  
-2.569891683  
-2.684666869  
-1.069269865  
0.4568064687  
-1.944377231  
-0.6901423082  
-1.200180418  
0.2922361102  
-0.09958213986  
-0.9739879124  
-2.398570486  
-0.3633197007  
-0.7043338944  
-0.08595397746  
