-0.01058582348  
-0.5963263547  
0.387964438  
1.073567878  
1.488407121  
-0.8617032464  
-0.6106527904  
1.769162963  
0.43302678  
1.276473883  
-1.0447228  
1.07041098  
-0.3010275326  
1.601085302  
-0.2661944439  
0.9894941345  
0.4153133613  
1.12710612  
1.008674496  
-0.6963531688  
3.186068016  
0.1761817498  
-1.267085068  
-0.2336060793  
-0.2209770465  
-0.2122215995  
-0.1217249623  
-0.7770641621  
-2.277225415  
0.1913105521  
-0.6616970498  
-0.988551352  
-0.6945162098  
0.796881184  
-0.5758238181  
0.762987324  
-0.09142903896  
-1.102062578  
0.3990606635  
-0.4108528619  
2.313671  
1.320236092  
0.6057954443  
0.708432972  
-0.582056468  
-0.5112532184  
-0.7430973309  
-1.601215033  
1.050333865  
0.6158936993  
0.1658020998  
-0.3346218173  
1.227528258  
1.554531024  
