0.6995960297  
0.5273183579  
0.3259780027  
0.01152243358  
0.2058657341  
0.2959462305  
-0.1715284414  
-0.3456508272  
0.4844828408  
-0.1435189075  
0.2549818708  
-0.1692026945  
0.7704799503  
-0.1097253412  
-1.323294953  
0.9111076614  
-0.4343324505  
0.2567994567  
1.121915605  
-0.4701520256  
0.3066730984  
1.214246218  
0.06559714694  
-0.4326973456  
1.179436595  
0.8094513164  
-0.03328979272  
0.6336329675  
0.6745000404  
1.065509708  
0.4487382278  
0.7006427545  
7.131422205e-05  
0.1921172171  
0.9106780221  
0.5542831923  
0.2066593126  
1.842058844  
-0.1198377876  
0.469544425  
0.1468260817  
-0.03946192015  
0.8440188055  
0.5987376391  
-0.1398986468  
0.6655969005  
-0.8471857089  
0.9756030543  
-0.5692619689  
-0.07198533214  
0.8999069048  
0.05160493593  
0.7839808844  
-0.5183262275  
