0.7228801958  
0.2305633535  
0.2834072689  
-0.3302710751  
0.07532952741  
0.5133191414  
-0.2484751259  
0.2699773377  
1.423409642  
-0.51775653  
-0.03789156426  
-0.7480599262  
-0.3565815871  
-0.977213337  
-0.5141150526  
-0.2120837776  
-0.3470796202  
-0.3935027592  
-1.157299041  
-0.2953989919  
-0.7602219145  
-0.3829922262  
0.3747884084  
-0.09297367284  
0.2796661926  
0.5900816343  
-0.3527596475  
0.2600299383  
0.2771426203  
-0.3541964433  
0.9925181992  
0.5864827324  
-0.8681714651  
-0.2290557191  
-0.03819807372  
-0.9905759227  
0.1545172291  
0.6837995255  
-0.4289831226  
0.02032149173  
-0.7332352468  
0.1151891786  
-0.1100715559  
1.09800684  
-0.5815999692  
-0.9352805355  
0.1251322075  
0.1223142524  
-0.9208273711  
0.2255221027  
-0.2921327023  
1.04155941  
-0.5356263507  
0.6628296905  
