-0.694960941  
0.8626590711  
-1.068857186  
-0.6906867465  
-0.2494462579  
0.5916710848  
0.3066827846  
0.1912291129  
0.4676459669  
-0.2144906276  
0.6405158365  
0.4968598329  
0.06484036583  
0.1441465561  
0.7899333382  
0.07377488679  
-0.2211771368  
0.4330883693  
0.4264950855  
0.04166880897  
0.2432462631  
0.6125519398  
0.1243484088  
0.01151158911  
0.1090549805  
-0.3753440908  
-0.2025727402  
-0.2987945494  
0.1180607673  
0.02824089459  
-0.5815197388  
1.219898113  
0.08637926317  
0.1879916258  
0.02682154442  
0.09687019382  
0.07800529083  
-0.5662145149  
0.7886428926  
-0.8376401954  
-0.1353192921  
0.5888690604  
-0.1667683991  
0.09865094537  
-0.8548127323  
-0.01226018927  
-0.03370021424  
0.1893133768  
0.4052824287  
0.8517350517  
0.0160456995  
-0.3008551889  
0.1955286442  
0.384375401  
