-0.7650000062  
0.1546121031  
0.4177214466  
1.070984016  
-0.01897157017  
-0.8307044574  
1.308653289  
0.477340745  
0.448238018  
0.2441769255  
-1.066994458  
0.5628273175  
0.03492985358  
-0.8691464851  
-0.281882934  
-0.3415779114  
-0.1791306868  
-0.1622189915  
-1.157197659  
-0.7615142801  
-0.3028976551  
0.3606061739  
-0.3426139045  
-0.208698942  
-1.255163308  
0.4012181589  
0.3481745565  
0.06483835959  
-0.6485791003  
0.2157887951  
1.108299208  
-0.2914250155  
-0.7396928073  
-0.9528279083  
-0.7059237224  
-0.2361281352  
0.241351727  
-0.4717994319  
-0.444437193  
-0.2054987175  
1.573612635  
-0.7223990151  
0.5266204477  
0.1530936662  
0.4744970996  
0.6353074641  
-0.166639787  
-1.72998188  
-0.7365741917  
0.2528580415  
0.9218077776  
-0.5608103513  
1.091433618  
1.263674354  
