-1.702787326  
0.4461430758  
-0.01023218937  
0.2753353381  
-0.05048278456  
-2.221369337  
0.8838239106  
-0.06899317316  
2.09750132  
0.6684517348  
0.4867229848  
0.4086133636  
-1.291968293  
-0.2252805057  
2.393747624  
2.787009849  
1.09677372  
0.6396959617  
0.191341291  
-1.662166799  
0.1111934373  
-1.236506457  
-0.05679446174  
-0.4351127774  
0.9281256707  
0.2593533872  
0.3692138283  
-1.22218665  
1.077602695  
-1.109042673  
0.5208341517  
-0.01881985936  
-1.597331503  
0.7304058106  
2.553971613  
0.7059588311  
-1.637827081  
0.0316028859  
-0.4558038256  
2.324996261  
1.072132679  
-0.7859295315  
-0.1062853981  
-1.927747923  
0.02691348861  
0.4518815198  
1.202213059  
0.5470527866  
0.5945113154  
1.190090922  
-1.132908828  
1.108966086  
2.034642637  
0.6462807745  
