-0.8834229143  
0.8349110333  
-1.118793169  
-1.196065317  
-0.2592498984  
-1.609282988  
-0.3223477189  
-0.7468749478  
-0.1111476564  
0.710826581  
-1.23707758  
-1.20918833  
-1.172321274  
2.092604672  
-2.028801126  
-1.221613919  
0.2021409847  
0.233956804  
-1.543743589  
-1.144147443  
1.223742226  
-0.3772873502  
-1.533309035  
0.08663339392  
-1.247587564  
-0.1476672862  
-0.6173679607  
0.6402766512  
-0.8624308951  
-0.2580307428  
0.5745844878  
-0.7574144779  
-0.6971075807  
-1.011126273  
-1.076583305  
-1.167966543  
0.9947642254  
1.373557559  
-0.1856093397  
-0.08506167236  
-1.647846965  
0.5812339452  
1.91925755  
-0.03944339713  
-0.6292587293  
0.1188473341  
0.7562363919  
-1.454022886  
1.114216812  
-0.296809396  
-1.817428838  
-0.6784545104  
-0.9424037101  
2.276433419  
