0.2030337856  
1.082354344  
0.542908166  
1.147130874  
1.58302195  
0.1106455245  
0.8992366857  
-0.3282588004  
0.2773024636  
2.688954221  
-0.8732877572  
-0.01792766775  
0.5958183976  
-0.7855656532  
-1.000416113  
0.1729147484  
-0.1393549664  
0.3044072332  
0.3755356415  
0.3487221944  
-0.599373175  
0.01329170002  
0.2414912395  
0.03499118818  
-0.04343979102  
1.6315459  
1.562824789  
0.9981599792  
1.879390809  
0.9317938296  
0.05610501187  
0.560390095  
0.7998347589  
-0.7954839925  
1.58980452  
-0.2201161474  
0.08001729101  
0.706881922  
-0.6184413739  
0.5188516412  
0.9963027404  
-0.7778496807  
1.167663405  
-0.3802266889  
-0.105797922  
0.9884642147  
-1.055802854  
0.2393431546  
-2.142132373  
-1.512220623  
0.04520074775  
0.4441327098  
0.9324342472  
-0.1238597983  
