0.3355857704  
0.4089102363  
-0.7609797741  
-0.4347660441  
-0.5521232419  
0.9763317324  
0.1456818667  
-0.124117505  
0.1981808173  
0.6674505008  
0.8795116067  
0.266716781  
1.018310306  
0.08798559798  
-0.01217404974  
0.3635548921  
0.006376062051  
0.8193401454  
-0.952001176  
-0.5430834762  
0.211623386  
1.028179786  
-0.3455092168  
-0.006841990159  
-0.1054007208  
0.4645574541  
-0.1698387682  
0.1663448902  
-0.549959503  
-0.5877389196  
-0.4419711002  
0.6265591793  
-0.421826  
0.3419597962  
-0.652325683  
-0.4263543498  
-1.067029365  
-0.9737694589  
0.3800669092  
-0.2209523127  
-0.01866109244  
-0.5235977789  
0.6401080259  
0.4409827355  
-0.4144177015  
0.1108739001  
-0.09880057063  
0.785913956  
0.6164108923  
0.6821144884  
0.1418559371  
0.1649493263  
0.763994645  
0.168130197  
