1.395412256  
-1.188804604  
-0.0152488743  
-1.069878508  
-1.20464149  
-0.5336359445  
-0.8016083609  
-0.8246175098  
-0.3869355734  
-1.193075447  
-1.731243833  
-0.4387901072  
-0.7123495889  
-0.7397914725  
0.5116454421  
-0.655096333  
-1.187210669  
-0.4695123384  
0.2090769638  
-1.4091675  
1.150588376  
-2.099114109  
-0.3983261554  
0.406952337  
-1.654739919  
-1.717983679  
-1.315227042  
-1.172018716  
-1.7210259  
-0.7065578574  
-2.061528456  
0.4893712209  
-0.7256856122  
-1.135379608  
1.038543605  
-1.322781293  
-1.168269197  
-0.3299271776  
0.5558755626  
-2.144416997  
-0.4933551355  
-0.4775371842  
-2.51141561  
-0.496677601  
-0.2143753957  
-0.06990859256  
-0.9773466491  
-0.5309271393  
-0.8459250906  
-1.333089126  
-0.5967411969  
-0.3007903619  
-0.0234750523  
0.1783786533  
