-1.260490177  
-0.7209552609  
-0.2307182044  
-0.4913050194  
-0.1478133131  
0.889459292  
0.04685369451  
0.4937656296  
0.4932055905  
-0.3782966137  
-0.904036126  
0.9972209606  
0.06321172228  
0.4521347847  
-0.2167451959  
-0.2329451649  
0.5386996811  
0.2135538009  
-1.149489654  
0.8942865578  
-0.1360754804  
0.1500843299  
-0.1958828472  
0.8199022925  
-0.2767589878  
0.1506126556  
-0.3351542599  
-0.2486635914  
-0.06061203304  
0.4725739928  
-0.9132632248  
-0.7266156916  
-0.7023061384  
-0.841912257  
-0.6144276991  
-0.3220297265  
0.2154096728  
0.6029184657  
-0.5643303739  
0.7376273465  
0.6366352299  
-0.1685500639  
0.5206036582  
0.6563242463  
0.9613269308  
-0.1204698882  
-1.064005575  
-0.2603906344  
0.6121448489  
-0.5684635496  
0.0422057149  
-0.3913915046  
-0.1203843962  
-0.4930374045  
