-0.6553253924  
-0.08805620863  
0.08032084591  
-1.022833125  
-0.6600466353  
-1.231220338  
0.9462749974  
0.5290135711  
0.275928584  
0.02552369869  
0.2113705698  
-0.9227274281  
0.5316923516  
-0.3424831448  
0.2930120129  
-0.1241531683  
0.03525350769  
0.4641921758  
0.3753401619  
0.1883506045  
0.9593519715  
0.3396453867  
-0.0501672783  
-0.3806124247  
-0.6797191552  
0.0983480709  
-0.7443037268  
-1.244364976  
-0.1050900189  
-0.2061160436  
0.5807679451  
0.3773393821  
0.1837144299  
0.1612171196  
0.5774208151  
0.04218423713  
-0.2204752486  
-1.032330529  
0.7877188013  
-0.07506667559  
0.4610172225  
-0.1592692082  
-0.6162472317  
0.8863712628  
0.181844738  
0.841477581  
-1.245590485  
0.7345426766  
0.6967420164  
-0.2628454587  
1.159690304  
-0.03161585415  
0.6759578878  
1.089001954  
