-3.065434753  
-0.5159930611  
-1.679395705  
-1.807048251  
-0.3134236007  
0.4501758473  
-1.064289041  
-1.818040999  
-2.609963705  
-2.192741401  
-2.371764555  
-3.695123701  
-2.94229802  
1.245638281  
-3.70660615  
-1.316666615  
-1.442176579  
0.8820242391  
-0.9428741463  
-0.9077021847  
-3.053455381  
-0.9078658331  
0.4986435157  
0.6388996471  
-1.799097158  
-1.601238426  
-1.963500866  
0.1164446302  
-1.412104133  
-1.13349209  
-1.428046783  
0.1653159596  
0.9402484072  
-1.680486996  
-0.3431671891  
-1.069646259  
-0.9167586547  
0.6104569492  
-1.116402665  
-2.329039581  
-4.43939812  
-2.24877037  
-1.402735735  
-1.223190235  
-2.01676906  
0.3594619844  
-2.097641096  
-1.428499495  
-1.120126643  
-1.353238607  
-1.273301531  
-0.9382007981  
-1.451199065  
-1.316437069  
