-0.4253934308  
0.1564877186  
0.06279878965  
1.508992763  
-0.7994471894  
0.2823856714  
-0.2903233604  
-0.1806344375  
1.678536231  
-1.132179648  
-1.71028004  
-0.835427811  
-0.5514073148  
0.172672426  
-1.656046762  
1.685294709  
0.3245206103  
0.5949825254  
1.629547222  
0.1881250491  
0.1476560082  
-0.8632727368  
-0.2335170023  
-0.1437810692  
-0.6550725155  
0.6775837234  
1.022088019  
1.659357328  
-0.169660254  
-0.3116276684  
-0.04015345006  
-0.2039718321  
1.15568046  
-0.7425452593  
-1.307668631  
-1.590453598  
-0.1894772211  
-1.084517346  
0.839669214  
0.3261508885  
0.2674060573  
0.9399663674  
-0.1736401189  
-0.3908441023  
-0.03254515182  
0.2375576408  
-0.2269885406  
-0.2728597111  
-0.7044415632  
-0.733960032  
0.4182834091  
0.5038609114  
-0.9508474609  
0.5527452677  
