-11.0774012  
10.00182327  
-10.32091364  
1.911551764  
-1.289895842  
-7.878734096  
-1.050828827  
-2.27140535  
7.045207151  
-3.217870725  
-0.04716811675  
-9.098708477  
4.498831972  
-2.403245802  
5.748509966  
-0.9223557131  
3.342471571  
2.343627768  
2.035851237  
-7.240324041  
-5.131720839  
-3.231201919  
-2.539966938  
3.717441177  
-2.800824639  
-3.84219426  
4.606416464  
5.228986879  
2.229954904  
0.6971177248  
-2.577765494  
1.876957648  
-7.439818877  
6.651769199  
13.96785211  
-5.034348966  
6.754764073  
-2.469807794  
-1.225124817  
-0.2595182354  
2.257310067  
1.454909479  
-1.376975934  
-3.888949113  
-3.29764976  
-6.423994773  
2.91433511  
-2.456733427  
-3.092467736  
2.068318328  
-7.960625352  
-6.020092369  
3.99378955  
-16.79520853  
