0.1491875971  
0.2751914627  
-0.3185689833  
-0.07474548506  
0.1611263703  
-0.536529596  
0.1314511439  
0.3307827912  
0.2523208046  
0.419844522  
-0.6958516409  
0.9417937811  
0.8328340493  
0.3247270352  
-0.3621992304  
-0.4230684757  
0.3406202894  
0.8119181459  
0.03972937435  
1.343997934  
-0.6737350625  
0.8246766894  
0.2416538332  
-0.5903304788  
-0.608576667  
0.4209466868  
-0.5995630434  
-0.3308853263  
0.4206171809  
0.7550698404  
0.7466763794  
-0.002336150654  
-0.04655330277  
-0.45515969  
0.1986536189  
0.2989299631  
-1.062228868  
0.4592356569  
-0.2241939321  
1.328711573  
0.5054915801  
-0.02610904834  
0.08496583086  
0.7681147754  
-0.9305888856  
0.1172007419  
-0.5533179948  
-0.1696281962  
-0.6673216638  
0.1542603869  
-0.3870381741  
0.02155876142  
0.2884590484  
0.8264572798  
