0.196510044  
0.471405968  
-0.2710358503  
-0.00136541493  
0.658219975  
-0.252368371  
0.1261206222  
0.04190046959  
-0.5675768374  
-0.5054622538  
-0.5144250843  
0.1483664958  
0.2166075834  
-0.2833332105  
-0.8652007774  
0.2006411758  
-0.6343130205  
0.247862073  
0.1458230774  
-1.026620355  
0.2402783821  
0.1973224766  
0.275321106  
0.4139433956  
0.2469417323  
-0.4804281493  
0.541281548  
0.1742309744  
0.5487711209  
0.9796099692  
1.26081879  
-0.3709317369  
0.04845315334  
0.7840400715  
0.2668723758  
0.3018868983  
-0.6238007223  
-0.132508479  
-0.9125392763  
0.1592499276  
0.4311959759  
-0.1001435198  
0.3413883018  
-0.06429540786  
-0.1398824243  
-0.0595387848  
0.01298956791  
-0.04074399629  
-0.7811961262  
0.2037995637  
0.4676140994  
0.431680037  
-0.2224430094  
0.4367263004  
