5.474195139  
-1.959506237  
-1.636071704  
9.721019479  
8.23404138  
-3.062911003  
1.591440759  
-3.94890197  
3.202919205  
2.674441279  
-4.529292285  
9.412403237  
3.361702854  
-1.394383017  
6.073258453  
0.51612929  
3.06959243  
10.40592514  
4.853664826  
9.177404833  
-2.525384097  
10.45624035  
-1.091600344  
8.153657272  
3.999346861  
2.312660198  
-8.400348218  
3.530451246  
-3.427145971  
-2.219969514  
6.345487985  
-4.433825108  
-2.301152067  
6.954572953  
-1.646923396  
-9.193648423  
16.76995308  
-0.9573918887  
-2.588900657  
4.06502408  
-1.794169474  
7.189543798  
7.019625366  
-2.239642508  
14.85691093  
-2.699996439  
-7.600690591  
-9.180933087  
-1.99960054  
-9.043056796  
-6.483608328  
5.070477836  
0.05548760894  
16.41262815  
