0.2969080162  
0.4276607483  
-0.9052983783  
0.3753296164  
-0.2881541784  
-0.10937594  
0.4087146945  
-0.8956699126  
0.5384917075  
-0.4713725858  
0.41210305  
1.069332698  
0.8279691799  
-0.6794388382  
0.3438008896  
0.2067359054  
-0.1288595087  
0.4549297222  
-0.1941320614  
-0.6676058646  
0.009051769992  
-0.9379412865  
-0.1296666968  
0.7063975111  
-1.713213462  
0.1120956753  
0.2244732428  
0.1527696133  
0.3388146016  
-0.5794878184  
0.7950512611  
-0.3787321489  
-0.4922663597  
-0.2448693434  
1.231034911  
-0.07477305914  
0.1237117036  
-0.7615956232  
0.01386155104  
0.649693291  
0.293126477  
-0.5004668198  
-0.8368391969  
-0.1130934159  
0.2006179117  
1.424467041  
0.3655530059  
-0.4440951642  
-1.289620063  
0.09812425347  
-1.316883726  
0.7373312039  
1.283782106  
-0.4798411349  
