-1.177848135  
0.4574492851  
-0.09185610182  
0.9168621643  
1.390258377  
1.24562306  
1.46971406  
0.9374575042  
1.566919389  
-0.03821421246  
-0.53837264  
1.165059096  
1.149351713  
0.7615480536  
0.4434379585  
1.073442501  
1.559080066  
0.468819894  
0.5855815111  
0.7499461614  
-0.1407702662  
1.178384615  
1.433691606  
0.1958288126  
0.3298465099  
1.196579455  
-0.6740946958  
0.6788761464  
1.491020341  
-0.2787705201  
0.2996820727  
1.078280571  
-0.2301086798  
0.04573433242  
0.084050434  
0.5482334846  
-0.06038833815  
1.280857764  
1.186153234  
1.613992487  
0.1490931647  
1.184063638  
1.363122999  
0.7836997677  
0.4112063936  
0.811606172  
1.477226727  
0.5743494112  
0.108436869  
1.232386377  
1.135644373  
-0.2877052418  
-1.099272711  
-0.4671195221  
