-1.051582404  
0.5371550384  
1.142633411  
0.1390674175  
0.991205996  
1.30923407  
2.089841655  
-0.3764150536  
0.5404473531  
-0.1190570942  
-1.591186423  
-0.8602063244  
-0.803802072  
-0.3114432653  
-0.4272963963  
-0.6031963545  
0.5903945993  
0.04930314594  
-1.129072542  
-0.7047122704  
-0.790882718  
1.010113966  
-0.3045725854  
-0.8971791796  
0.8342532378  
-1.281265793  
-0.0457137236  
1.177451584  
-1.396729279  
0.2315511714  
0.7085841482  
-0.3368606347  
-1.116672487  
-1.446265374  
-0.6120446839  
-0.02633155988  
-0.2967097101  
0.1994246643  
0.7794507813  
0.1138387288  
0.6851045288  
-0.100027385  
-0.835116536  
0.3676620865  
-0.6359144974  
0.2331261262  
-0.1265084223  
-1.663077633  
-0.4598791114  
0.287009078  
0.1514717833  
-0.1823123381  
-0.96608691  
-1.348565646  
