-7.164503829  
0.5642656423  
-32.74721403  
15.70376037  
-12.66770909  
7.877553938  
4.881959093  
-8.4269716  
15.80720916  
-6.821953616  
-6.545485182  
-3.897793106  
25.49245358  
28.20864165  
-7.343065692  
17.32921497  
27.22862167  
1.1709794  
28.09564033  
-21.21041142  
11.3316325  
-7.438902105  
44.48632428  
-4.377689221  
-44.05265005  
15.7779253  
-9.515900138  
-5.950132204  
7.794072041  
-22.76611862  
-2.218636794  
25.07277008  
5.335431688  
-27.13568711  
-2.433962171  
14.13826945  
24.39403401  
31.86208987  
16.28807789  
12.4244697  
-2.130126725  
16.44712264  
5.436601037  
-19.14071732  
-41.01142024  
1.569580379  
-65.13482204  
-48.7540883  
47.40175391  
-5.473423988  
-12.55756352  
-20.2404822  
-17.83351614  
-93.58182508  
