0.3940652883  
-0.4894637752  
0.6127424771  
1.951365506  
0.2955707778  
-1.143494037  
-0.08061307597  
-1.100026812  
0.8771901475  
0.04964304653  
-0.4353624873  
-0.07367774552  
-0.3789363033  
1.644949289  
0.09618448057  
0.2763055681  
-0.04844048467  
-0.2135683025  
1.284778664  
-0.3263813494  
0.4584035239  
-0.4575093916  
-0.8968074751  
0.2411706988  
-0.6267294642  
0.1122891918  
-0.007104457835  
-1.25071102  
-0.2829842584  
-0.1842945911  
-0.3410288949  
-0.9387617956  
0.7175734343  
-0.320181417  
-0.4508723133  
0.2923745425  
0.9159069779  
-0.155104497  
0.1282305171  
0.5222289262  
-0.1751768494  
0.7966363488  
0.6454712795  
-0.4167010254  
0.3166820283  
-0.6279717339  
-0.3818800258  
-1.109950372  
1.090062605  
0.2790282183  
0.01002220838  
0.8671393921  
-0.05228920672  
0.7242238919  
