-0.6274521029  
0.2482358585  
-1.989410751  
-0.1241989175  
-0.5188245587  
-0.2589831387  
-0.5257048737  
0.161260953  
0.04096523737  
-0.0586604007  
0.9166035513  
0.9760924839  
0.519792236  
0.4637791779  
0.265352447  
1.690983108  
-0.1824585003  
-0.851208882  
0.09346548594  
-0.3937524814  
1.196767013  
0.1723821851  
-0.4937100028  
-0.2384500123  
-0.4341485271  
0.1096423178  
-1.204424128  
0.712629099  
0.1149622897  
0.7200059851  
0.1751170101  
0.02120190597  
-0.5095294909  
1.217006963  
-0.7863353371  
-1.177341797  
0.3424969004  
0.08096626991  
-0.7079582347  
0.3684393491  
0.6346291255  
-0.1774143785  
0.7685840085  
-0.7886484395  
-0.2428288801  
1.146236516  
-1.170039729  
0.3110478066  
-0.7080952292  
0.6070560465  
0.04258011002  
-0.7047793044  
0.9776390542  
-0.9942771024  
