-0.0664469703  
0.8273863043  
-0.3475999292  
0.139499696  
-0.3747700816  
-0.7792211153  
0.09951295482  
-0.3274305918  
0.5951549354  
-0.736898906  
0.2330776922  
-0.9507200364  
-0.4158478655  
0.3027679184  
-0.2193027913  
0.2756532562  
-0.3600633126  
-0.08626095834  
-0.5117970419  
-0.6124511575  
0.3902202366  
-0.2221557158  
0.1443819502  
0.1374371128  
0.1447099041  
0.1234048028  
-0.1715848829  
-0.3455784385  
-1.29237721  
-0.1831230704  
0.3696855582  
-0.2751625471  
-1.118521293  
0.0390729126  
-0.1946453424  
-0.2000790537  
1.07806193  
-0.8331291554  
-0.6752650646  
-0.39874236  
-0.5004515765  
0.3273295646  
-0.9746903178  
0.4100319027  
0.02528146886  
0.7036540384  
-0.5031201533  
-0.2530694147  
0.01165586677  
0.8173645994  
1.013586335  
0.5037435911  
0.7928761212  
0.4632260247  
