0.6488974487  
0.01940604354  
-0.1803472548  
-0.04866436003  
-0.04087165791  
-0.1450374078  
-0.6126133363  
-0.4269963228  
-0.9229763694  
-0.6304387275  
0.9740825545  
0.2649804704  
-1.47082453  
-1.571611674  
1.278806384  
0.8283204366  
0.8584216846  
1.722557426  
-1.304832206  
-0.3821105891  
0.3385193559  
0.5953324525  
-0.8365372104  
0.4667734888  
0.412675865  
-0.01654291602  
0.4418837897  
-0.1535223497  
-2.28888701  
0.3123410756  
0.1393949515  
-0.3311151419  
1.193656699  
1.761739303  
-0.2723586316  
-2.166860935  
0.8430423837  
-0.3246451222  
0.5796706847  
-0.6596581035  
-0.0542044097  
0.8963104129  
-1.976214525  
-0.5882753547  
-1.432340929  
1.181160587  
-0.1673865244  
-0.5379477033  
-0.01732846158  
1.698875361  
-0.4964432208  
-0.5144651265  
-0.5181149808  
1.805316504  
