-0.676701742  
1.21343645  
0.1962869895  
0.3504774649  
-0.4070430893  
0.1331034977  
0.7583113875  
0.7023536992  
-0.06672097501  
-0.4080981011  
-0.02701376702  
-0.1250502354  
-0.1551464899  
0.04252154167  
0.01103854348  
0.09008320822  
1.144196107  
-0.8209030752  
-0.5967039358  
0.3794860177  
0.02166202868  
0.3611098681  
-0.7617343277  
-0.07465887921  
-0.6030311463  
0.2588535805  
-1.352505391  
0.832493451  
0.1115302298  
-0.8801233898  
0.4565670855  
0.3850221643  
0.2620550161  
-0.2011263141  
-0.391587223  
0.472201917  
0.2348914807  
-0.1770147039  
0.1088735957  
0.3444652  
-0.1170776912  
-0.1773093752  
0.7529466155  
0.6825749334  
0.8577308355  
-0.256638942  
-0.3128592514  
-0.4631378182  
-0.04904927207  
-0.7642798097  
-0.438637082  
-0.04885137033  
1.488632416  
2.030384368  
