0.1580415368  
0.04980271848  
1.813897887  
0.1039319812  
0.6274261336  
-0.2706201416  
-0.5414649417  
0.01331131005  
0.1468593654  
-1.015022275  
0.2120106629  
0.3711501774  
1.406129949  
-1.120413921  
0.567176474  
-1.603926632  
0.006996681293  
0.4139366171  
-0.300306843  
-0.1274937015  
0.05048307303  
0.04384537497  
-0.7430472465  
1.15571207  
-0.5255613946  
-0.6005936652  
1.692628939  
-0.9278666857  
-0.02005212464  
0.4680370742  
0.9189624113  
-0.002957120848  
-0.06097160218  
0.03832169871  
-0.03791523021  
-0.4785940722  
-0.6996101377  
1.461359243  
-1.847871953  
0.5765997909  
0.6142365993  
0.5463789483  
0.2027475246  
0.1600062752  
0.5808311829  
-0.103940431  
-1.10723713  
-1.156507986  
2.619415687  
-1.440174214  
0.3079428792  
-0.9583928668  
-0.5207479486  
-0.3187102881  
