0.4153494344  
0.3234877542  
0.1209696985  
0.1308493133  
2.263691135  
-0.3364576953  
0.5017905337  
0.3171273051  
-0.08158409093  
-0.01454908506  
0.2036567091  
-1.036766335  
-0.3534124137  
-0.2436787346  
-0.509307055  
-0.1229743159  
0.5411023092  
-0.1264621531  
-0.8443121942  
-1.188751957  
-0.1446888969  
0.1875611622  
-0.4325636239  
-0.286524041  
-0.08350305721  
-0.4892002071  
-0.1781081769  
-0.5477281158  
0.5971764873  
0.7881299343  
0.7582399113  
0.235787191  
-0.1434122916  
0.333207157  
-0.03067507666  
0.01778754155  
0.9693732962  
-0.8181780166  
-1.177092248  
-0.08169311868  
0.1648786869  
0.09624740219  
0.4086499204  
-0.1431658062  
0.3727898709  
0.3713497806  
-0.7782824788  
0.5127180343  
0.6102392048  
-0.4071761816  
-0.5756717953  
0.1924353551  
0.5297923973  
0.9921696444  
