-1.5774835  
-0.09413449202  
-1.770713547  
-2.902789593  
-0.05924499561  
-1.015901857  
-1.07066014  
0.1475331529  
-1.384618808  
-0.5072430548  
-0.7745404612  
-4.071869429  
-2.6049362  
2.10576218  
-1.627640444  
-0.9597024953  
0.3622852062  
-1.838549959  
-0.7165964973  
-0.923974209  
-2.093704104  
-1.435568444  
-1.565520327  
0.3378645023  
-1.363164307  
-1.153615439  
-2.287804807  
-0.9701148877  
-0.7477821944  
-2.238529174  
-0.4335269661  
0.1645332713  
-1.815907548  
-1.223457377  
-0.6276042427  
-0.8279845228  
0.1814263669  
-0.05680037794  
-1.775156729  
-3.017418181  
-2.607315021  
-2.026658931  
0.5560163768  
-1.325369474  
-0.7702630232  
-0.6655640795  
-0.6798282514  
-1.093781251  
1.403099677  
0.2355153736  
-1.228036097  
0.3392280648  
-1.636145065  
-0.7676016574  
