-0.3891769644  
-0.08906240848  
0.05579258127  
-0.7248296634  
0.05144516441  
-0.125927558  
-0.173823069  
-0.5678753137  
0.6274291098  
-0.4229104736  
0.1486224083  
-0.7629305906  
-0.08930755322  
-0.2686967592  
-0.5317434326  
0.5847040275  
-0.0893733813  
0.04947516875  
0.5292013357  
-0.2348356238  
-0.3716949109  
0.1489623421  
0.1943862742  
0.6267181104  
-0.2492083647  
0.1620209191  
0.68369441  
-0.2741472825  
-0.3727063982  
-0.0249968557  
0.207638361  
0.2933315592  
0.2654875581  
0.2714864162  
-0.2977612348  
0.2111147803  
0.3229650954  
-0.1472890212  
-1.062115602  
-0.1471874651  
-0.3226909093  
0.8793051748  
-0.6481773352  
-0.1332738845  
0.2650836119  
0.3334848714  
0.01948543752  
1.009730415  
0.04557092362  
1.33386086  
-0.2616203238  
0.5104687767  
0.1778607696  
1.184968846  
