0.4843311923  
0.2054849835  
-0.7676003373  
-0.02555951193  
0.6801640628  
0.2070830839  
-0.177947193  
-0.6185989277  
-0.1046698618  
0.2462911952  
-0.2090613044  
0.7022005827  
-0.1435636621  
0.3245816463  
0.06933562017  
0.958721418  
0.03133958019  
-0.02117378503  
0.6024187967  
0.05581236247  
1.352474182  
0.236078183  
0.0602229572  
-0.4089381248  
-0.2466192296  
0.2124304937  
0.3005136221  
-0.1106895539  
0.7833988942  
0.521771663  
-0.1725687051  
0.4977637114  
-0.1823228058  
0.08429026773  
0.1385960386  
0.3769820268  
-0.6571617586  
0.3450482112  
-0.6357015624  
0.6856334347  
0.1028963097  
0.7361047586  
-0.7142778553  
-0.003078628046  
-0.2934556515  
0.4474068347  
-0.5612261191  
-0.05561492464  
0.2943433098  
-0.03647878089  
-0.2789776711  
0.13039105  
0.6591375566  
-0.4231675343  
