0.2509548153  
-0.8812842205  
0.1271937624  
-0.558572599  
-0.6085392977  
1.14256247  
-0.1470447665  
0.2478212418  
0.3726246521  
0.2240263946  
0.663191637  
0.1285931547  
-0.5686232335  
0.7769573592  
-0.7927403071  
-0.9419279991  
0.1108794269  
-0.2881168834  
0.8033367363  
-0.3748508028  
-0.01030459307  
0.1034297894  
-0.0005362380267  
0.5175133124  
0.07362019829  
0.6137040716  
-0.1941381902  
0.2101074913  
0.3070997739  
1.078267975  
1.030624453  
1.368442749  
0.2021602742  
0.1955405919  
-0.3187377179  
-0.3505122189  
0.4619409565  
0.2218402605  
-0.02432234962  
0.5288006903  
-0.8036284683  
0.6930611152  
0.2455044162  
0.2465318177  
-0.1490411114  
0.4797770519  
0.6101886367  
-0.4286395986  
-0.8725038311  
-0.3986585937  
0.229932256  
0.4135272461  
-0.6856726794  
-0.97848954  
