-0.1819795289  
-0.7675356765  
0.7599866375  
0.4059577992  
0.5809431634  
-0.4204230484  
0.9622921915  
-0.3707286582  
0.09644457347  
-1.162336886  
0.395616087  
-0.4726195511  
-1.550349789  
0.2443533484  
-0.1332623249  
0.08247820489  
0.8097185273  
-0.2398080306  
-0.06404192877  
-0.06652246123  
0.334869401  
0.7929380751  
-0.9633746217  
-0.865580092  
1.495355899  
0.5716099432  
0.1160843528  
-1.023516989  
-0.9654859304  
1.169287369  
0.4611972833  
0.5421682583  
1.19753272  
-0.009310718407  
-0.1633513272  
-0.760969818  
0.3176195271  
-0.2419777232  
1.222738892  
0.987467429  
0.696836208  
0.441932801  
-0.4296028877  
-0.2147779515  
0.00663964034  
-1.15629699  
0.1905504952  
0.6258084671  
-0.2366542575  
-0.09639860668  
-0.1977026418  
-0.8313255913  
0.0005776908468  
-0.6042418392  
