0.5760910889  
-0.3816476073  
0.1786606657  
0.7269092456  
-0.506814083  
0.6872658113  
0.2240825626  
0.4408890941  
0.3948480809  
0.5923790365  
0.5223730244  
-0.2529841353  
0.7652482385  
-0.620248667  
-0.1136994836  
-0.3973444332  
0.07536255971  
-1.341953857  
-0.6753452443  
0.2725608396  
-0.1716506519  
-0.6580667667  
-0.8379012566  
0.2618804702  
1.170861723  
-1.021077276  
-0.6901858781  
-0.3979193952  
0.3304155854  
0.8723264052  
1.409712418  
0.2356903927  
-0.177444899  
0.130963164  
-1.00766891  
-0.6240820032  
-0.1937409427  
0.1311662166  
-0.4339848449  
0.1543029067  
0.470300406  
-0.3809733681  
-0.8386458004  
1.057504324  
-0.6109916076  
-0.9932386543  
0.4317972841  
0.7173649826  
-0.1503662483  
0.649159421  
0.2681672939  
1.16360932  
-0.6312324539  
-0.6827856084  
