1.001861896  
1.421224404  
-0.7436014874  
-0.6517655866  
1.229942369  
-0.2095956108  
0.07099182542  
0.7868423011  
-0.2325136179  
0.8887930501  
0.3208606226  
0.714799461  
0.831617224  
0.08173988086  
-1.330967945  
-0.2332186301  
-0.7872645943  
0.1715461106  
0.1946522918  
-0.2975277312  
-0.5368184745  
0.9174177534  
-0.2374447678  
-0.4954660603  
1.114549345  
-1.099563913  
-1.062564446  
-0.02150039699  
0.5817976888  
-0.1414429965  
0.1680960164  
-0.3322065812  
1.069717199  
0.07540659915  
-1.150365803  
0.4793446163  
1.088625326  
-0.7967938638  
-0.5290053875  
0.5611995566  
-0.006746293332  
0.1351359067  
-0.7184501624  
-0.007621262079  
-0.08283281302  
-0.635730017  
0.84308924  
0.5737107419  
0.7301486638  
0.7108276616  
0.06920182374  
0.4836308405  
0.4255632191  
-1.879986795  
