0.4160384343  
-0.3631088295  
-0.7131433152  
1.16445793  
0.1660055531  
0.6785786793  
-0.1176435162  
-0.9915997873  
0.06919142065  
0.3065783791  
0.2394019747  
0.7870110327  
0.7963440462  
-0.1223652176  
0.6716593241  
0.07771127177  
-0.2340234824  
0.244905106  
0.5213415841  
0.9105615455  
0.6547402679  
-0.1890926497  
-0.531713024  
-0.8689526804  
-0.1173202742  
0.8331082361  
-0.2781022258  
-1.349278309  
-0.3638642588  
1.419771269  
0.02180172265  
0.2261153279  
-2.016481303  
-0.376854193  
0.21291956  
-0.8838364167  
-0.07434761076  
0.7411733294  
-0.629256273  
0.6873832985  
-0.6343782194  
0.194982099  
-0.1027882089  
0.1440266803  
-0.6589009453  
-0.8100878689  
-0.5277649998  
0.5511773818  
0.4870680312  
-0.6202404105  
-0.7818695661  
-0.1981650291  
-0.7383321193  
0.9548029355  
