69.29449569  
-207.1023904  
-69.18411516  
177.309864  
92.33688189  
294.6083371  
-157.835807  
223.089405  
-234.4632351  
-62.3570715  
145.9876385  
-269.5874658  
183.1315459  
126.2130164  
268.9525303  
63.07475768  
216.6526603  
162.2293085  
-9.947303873  
192.9109557  
159.4687649  
380.5970911  
21.3773226  
-246.8524981  
200.1014761  
241.3946579  
387.0107929  
26.63247546  
-255.8704465  
-128.4824851  
2.170935333  
264.9700758  
215.5379722  
56.95620172  
-64.83357822  
41.46033404  
212.744974  
645.4633144  
72.70315609  
-149.6989444  
108.5638185  
266.5365646  
-123.5769024  
239.1546731  
480.9927761  
-362.8052203  
22.06942102  
51.24189683  
-41.69149173  
-168.7738236  
225.8409178  
-182.3725232  
184.2953677  
82.13930417  
