0.2262458962  
-0.4129115757  
-0.1509926294  
-0.4075957373  
-0.7021909908  
-0.3315065114  
-0.4304017016  
-0.5294678434  
0.6932711785  
-1.188396295  
-0.4919490653  
-0.9323437829  
-0.1036023154  
-0.1396939464  
-0.4170565892  
0.5603346912  
0.08236080564  
-0.1325148756  
0.3440535499  
0.4861995745  
-1.483551728  
0.4624604754  
0.3166246568  
0.5260890283  
0.3957606081  
-0.04845588254  
0.8488994964  
-0.06916067091  
-0.06841296425  
-0.1597009555  
-0.8629477338  
0.1914707463  
0.002416452482  
0.246557558  
1.017682833  
-1.110281087  
0.3297337874  
0.6233518618  
-1.026647567  
0.3034191168  
0.1929489141  
1.798689094  
0.02592017763  
0.0005604353308  
0.6991224265  
0.63708921  
0.9830404265  
0.5217435721  
-0.54893016  
0.2902148064  
0.4235841911  
0.1565492887  
0.6406630747  
0.4019384307  
