0.1003274121  
1.299738722  
-1.202509005  
-0.1338182902  
0.6547622115  
-0.4289433272  
-1.001799479  
0.3970923049  
0.4026338565  
0.1159216813  
0.1844508436  
-0.7184935189  
0.8545030453  
-0.5192249455  
-1.262564685  
-0.7343029545  
0.3848484293  
0.0980816107  
0.8154470631  
0.4178263393  
0.008881207242  
-0.1013640508  
-0.2309513325  
-0.2065092572  
-0.07161066082  
-0.7264866484  
-0.247874681  
0.1116476399  
0.1145769359  
0.5537125001  
0.3752404982  
-0.3879515998  
-0.1899396893  
0.04157757233  
0.5314422147  
-0.1134491501  
0.5788527775  
-0.2562371798  
0.1620570044  
-0.5063059958  
0.1650104749  
0.2653952933  
0.1935460035  
-0.1728861167  
-0.1338908826  
-0.942497778  
0.1863453033  
-0.2376241773  
1.765392216  
-0.3502385605  
-0.5839543059  
0.02411348837  
0.4493032659  
-0.04712425092  
