-0.3757102955  
0.2313039506  
0.5714506616  
-0.9003707313  
1.253399805  
0.06466916266  
0.3642507413  
-0.1477407576  
-0.2157025648  
0.002097106706  
1.331102614  
0.8686424949  
-0.08285115277  
-0.04150493438  
0.1272405202  
0.4986312126  
-1.892593405  
-0.3329663425  
1.334807532  
1.879610775  
-0.5852625322  
-0.4422569831  
1.249145917  
-1.679200535  
0.7251600113  
-0.08961454124  
-0.436089623  
0.2184708945  
-0.00278239733  
0.7972094648  
1.277848669  
-1.169262799  
-0.6568915825  
0.6318460684  
-0.508361109  
0.565431382  
1.714660638  
0.6748042552  
0.548553517  
0.4882868047  
-0.3470101991  
0.004861834358  
1.335533781  
1.104962308  
1.108549248  
-0.9613851445  
0.4645292939  
-0.005502870832  
-1.558127418  
-0.08729532628  
1.52924982  
-1.243882929  
-0.5633731366  
0.715050738  
