-0.273696625  
0.1431353331  
-0.8225632812  
-0.8323352765  
-1.019048955  
0.2296157146  
-1.984770557  
-1.307123848  
-0.9150771083  
-0.7466040993  
-0.2529328511  
-0.5898271948  
-0.5628832809  
-0.9127583988  
0.1994457323  
-0.03713734563  
0.05271633055  
2.294489932  
-0.6120515299  
-0.6529756141  
-0.3427984331  
0.2087641633  
-1.609832407  
-1.229360338  
-1.129463591  
-1.440025441  
0.896420488  
0.05630963817  
-1.781363031  
-0.6283275784  
0.2834923189  
-0.2277322866  
-1.934677719  
-1.339680004  
-0.1180519663  
-1.800958294  
0.59406542  
0.309737869  
-0.8024547159  
-2.303029254  
-0.1284842971  
0.1181145455  
-0.5386380424  
-1.614475686  
-2.220133971  
0.5161704423  
-0.07794437962  
-1.712274626  
0.09463019148  
-0.7755796751  
0.7820551335  
-0.2261641201  
-0.510686311  
-1.378312666  
