0.4804491474  
0.006408542492  
-0.142695411  
-0.3903717116  
0.3495859791  
-0.2602590583  
0.1363693278  
0.006839310205  
-0.3173825388  
-0.4416389395  
0.1822130494  
0.6630109466  
0.03732952531  
0.6272274224  
0.2519946515  
-0.5746877762  
0.102804219  
0.09151405534  
-0.4235187529  
-0.1586115735  
0.5748259414  
-0.1553728747  
-0.05686691359  
-0.5624700211  
1.001239008  
-0.1022964418  
0.1737465231  
-0.05370742854  
0.02697568261  
-0.2513579965  
0.5219510107  
-0.2194560301  
0.7874583383  
-0.03915381754  
0.04697990475  
0.2117309678  
-0.1021598927  
-0.3036678327  
-0.1453851535  
0.4647030081  
0.3310026245  
0.3356122677  
-0.6135913822  
-0.1263346389  
-0.7142000031  
-0.1157648375  
0.6024894336  
-0.691029976  
-0.1044048472  
0.1092519488  
0.1405310494  
0.3456588279  
0.6539624445  
-0.1820658439  
