39.51818819  
-30.67267708  
-24.0130169  
-34.08438286  
-158.4901551  
102.0485  
-34.90601886  
-51.18241131  
-17.42131543  
9.850481333  
-77.90491093  
-43.28998716  
-24.59766844  
13.03166269  
-14.36675583  
-7.215073936  
-20.24947414  
13.68509451  
51.95583179  
-32.18427902  
-62.92868571  
-95.38517402  
22.88974719  
-1.205833882  
35.06344857  
-12.67661802  
38.55522792  
25.29422486  
56.80329381  
10.91291252  
208.7941744  
39.31001389  
-83.20224226  
-26.92815823  
-6.276021948  
97.46224431  
-13.63219164  
172.8400293  
5.320260111  
-74.5201529  
-23.3523014  
-56.25116847  
-15.74153419  
39.26749551  
-50.61838575  
4.752301145  
-61.44577194  
26.51882931  
-43.23464812  
20.85764681  
13.25288638  
27.46354813  
-21.27440195  
-51.72560429  
