0.2451893541  
0.8680806853  
0.1193435784  
-0.3653121584  
0.5293267338  
-0.7565696826  
0.4620503978  
0.6960033543  
0.1734463915  
-0.210464575  
-0.8985383932  
-0.2712229054  
0.7624096034  
-0.9550610831  
1.027455302  
0.01967053582  
-0.5638342879  
-0.1783889715  
-0.9980436846  
0.5832043871  
-1.141298041  
0.07187466448  
0.2691385362  
-0.08076331944  
-0.370490368  
-0.3530758116  
0.5850723343  
0.3815102256  
0.3524678898  
-0.2911924154  
-0.6494808358  
-0.1631863097  
-0.07458206525  
-0.7668696454  
0.1617050447  
-0.3430103631  
-0.3202212336  
-0.4877537909  
-0.1111936063  
-0.2996276011  
0.4856296273  
-0.8310655967  
0.5492322913  
0.007872771238  
0.6298915281  
-0.5560955043  
0.03546183045  
0.1576509563  
0.8689270535  
0.6211589472  
0.3910689677  
-0.6183564729  
-0.1577643314  
0.6776079452  
