-6.259470137  
8.847663457  
-8.732827004  
11.59300876  
-12.22793199  
-21.7932517  
1.725865615  
-13.23615712  
3.916817185  
5.567903839  
12.03236475  
8.024015846  
-1.874738797  
-1.15975701  
11.17735131  
10.86288691  
4.617097343  
9.909094307  
12.15673422  
-9.011421899  
-0.1905792376  
-10.85169447  
1.011070724  
-3.419600611  
1.889743241  
5.99241796  
4.498737603  
-0.2579685998  
0.4630283283  
-12.54681114  
14.05698034  
3.121014516  
-1.237247622  
-6.36102037  
20.34452613  
7.362637986  
-3.44772751  
-0.5312783823  
-14.2790842  
33.63140746  
6.300346055  
-2.482642237  
-3.06463225  
-6.080464776  
-5.152535771  
4.841946376  
10.15275955  
-3.301240616  
7.296158651  
3.940603511  
-8.01272531  
2.797932148  
8.371056696  
2.66692706  
