1.036484692  
-0.8867420366  
0.6195174797  
-0.5449915096  
-2.221736996  
0.1812383533  
-3.058540294  
-1.623883813  
-1.308802674  
-1.810036437  
-0.7740703978  
-0.6658047453  
-1.427393149  
-0.642733081  
0.2046840679  
-0.4537664871  
-2.053145148  
-0.7050592652  
0.386655304  
0.1366713706  
0.0610170004  
-2.250740581  
-0.1781354887  
0.1910614687  
-1.884512887  
-2.053487379  
-1.345062846  
-1.237978832  
-2.570500713  
-1.448706447  
-2.983660572  
-1.156892263  
0.3813786146  
-1.323287762  
0.1146489853  
-3.10003115  
-0.6293331398  
-0.6761642706  
-1.202362494  
-1.599216091  
-1.166765621  
-1.974165785  
-2.049817606  
-0.3193008727  
-0.2465784091  
-0.238370685  
-1.144069093  
-0.7831741073  
-1.599852416  
-0.6771189559  
-0.501546319  
0.493593074  
0.4674646942  
-0.1222887239  
