-0.2642091608  
0.8779709898  
-0.4048420779  
-1.421143757  
-0.0374767749  
-0.6918859589  
0.8614537243  
-0.773390843  
0.3709519477  
0.4007641837  
-0.6002146348  
0.2203291996  
0.3592686908  
1.389475635  
-0.8615464205  
0.5614942362  
-0.7971566633  
-0.1060880061  
-0.02967937921  
0.1053373539  
-0.5586959291  
0.7754645036  
1.018631466  
2.118972828  
0.8353783719  
1.274391408  
-2.078313416  
-0.1102735734  
0.2998824612  
0.7955516481  
0.8827082208  
-1.816420836  
0.5277776849  
0.6863804038  
-1.16495257  
0.6692554511  
0.7389585446  
0.326974051  
0.4385360723  
-0.1404369504  
0.6703189597  
-0.1019028905  
1.650927887  
0.3383713057  
1.83115744  
-0.3613588326  
-0.9493355186  
0.3477405168  
1.600012147  
0.3652589887  
-0.9428265943  
0.1342371335  
-1.82103125  
-0.1157481888  
