-0.1164968463  
-0.1009942003  
-0.2165528422  
-0.1949295373  
-0.242488451  
-0.5954724673  
-0.04090028033  
-0.7208502307  
-0.06866093614  
-1.104053928  
-0.8566783398  
0.5019668645  
-0.3916493123  
0.3573820622  
-0.7590452342  
-0.3846809571  
-0.76823791  
0.4534414546  
0.5394406169  
0.2539676835  
0.4336769476  
0.8096829437  
-0.08380554075  
0.5461481898  
0.7116333495  
-0.3978273193  
-0.4050070968  
0.5543158452  
-1.195421676  
0.1149513013  
0.4093493934  
-0.2197434727  
-0.252503572  
-0.2006595697  
-0.1592418681  
-1.02939399  
-0.07885437663  
-0.02175880667  
-0.1052574123  
0.2550371575  
1.080647122  
-0.5591243541  
-1.054503518  
-0.0007135080266  
-1.060581711  
0.08334739692  
1.030706706  
0.940896685  
-0.2617580529  
0.1560651393  
-0.3849148182  
0.3394966808  
0.1587228495  
1.050085758  
