1.046729148  
0.2404428712  
-0.4179510257  
0.5310885042  
0.1720410874  
-0.09837214141  
0.6077327191  
0.4205954162  
-0.3696111001  
0.4917111502  
-0.2514173988  
0.8416251316  
0.3857037617  
-0.8152861691  
-0.5372636178  
-0.1214140112  
-0.1496790586  
-0.1081604929  
0.4146375226  
0.6719398057  
-0.1728106475  
-0.6310279494  
-0.2215103876  
-0.3926103987  
0.1976628137  
-0.05502986232  
-0.03462028412  
0.4376273299  
-0.2613801149  
0.2859313186  
-0.2963080181  
0.008572637421  
-0.09337608314  
-0.1211408757  
-0.01554941311  
-0.231816454  
0.6032789177  
-0.006816360289  
0.7333377738  
0.5422088299  
-0.0874616516  
-0.942131375  
0.5540404073  
-0.4977525618  
0.3779109764  
-0.2902197336  
0.08505784155  
-1.042937881  
-0.6336961264  
-1.407333145  
0.5255438223  
0.4739151301  
0.001986299644  
-0.2388621548  
