0.4053966764  
-0.1438194305  
-0.6853597723  
1.215919395  
-0.9523838811  
0.474222403  
0.1423575279  
-0.3071547044  
-0.3116930364  
0.6995506193  
-0.07754301834  
0.7962504849  
-0.1717159188  
0.04146659196  
-0.2635362733  
0.3565915884  
-0.2623994632  
0.3835821153  
0.06884236377  
-0.1576379174  
-0.09161927912  
-0.9409326754  
-0.1826408668  
-0.5412898914  
-0.3151641125  
-0.3005201129  
-0.1067428344  
-0.8108208771  
-0.0422471308  
-0.2651668153  
0.3532847503  
0.6716433332  
0.3751551663  
-0.1266946978  
0.6857788351  
0.2640160936  
-0.1156838368  
0.448298918  
0.05578542512  
0.1013181995  
0.3243995766  
-0.2660491393  
-0.2089596595  
-0.2353425149  
0.1626242301  
0.1664404963  
-0.2108331261  
0.2928784143  
-0.3619555847  
-0.06004388141  
0.1665516936  
-0.3440953033  
0.1782178376  
-0.8063605209  
