0.836967019  
-0.5397828579  
1.912170023  
1.030229736  
1.433985139  
0.1458018804  
-0.2811028571  
0.1448443501  
0.3892251674  
0.1771674069  
-0.2163612655  
-0.558974698  
-1.507492296  
1.915170042  
-0.5490238864  
0.4497585612  
0.7017750226  
-0.5159830598  
0.711788576  
-0.7829861667  
1.291708906  
0.6853627096  
-0.3106354679  
-0.8303245282  
-0.1965877665  
-0.07847598873  
0.1277696634  
-0.7036019508  
-2.34355628  
1.913115911  
0.4692411055  
-0.8897097936  
-0.2245312455  
0.4118029578  
-0.6435610853  
2.447659132  
0.9537326367  
0.2444096162  
-0.6580712091  
-0.07314629318  
0.8987106478  
2.082054063  
0.05763983875  
-1.314219376  
-0.02612280871  
-0.7825124525  
-0.2573906422  
-1.794916242  
0.8655743816  
0.9896586428  
0.7699876583  
-0.7940035723  
0.968398632  
1.651059389  
