-0.640739505  
-0.212321459  
-0.4600215581  
0.3059897473  
-1.298736314  
-0.3697028463  
-0.08817650914  
0.2521172607  
0.593170795  
-0.4337330796  
0.3365884401  
0.7696204351  
0.3873082986  
0.1635880657  
0.3344640151  
0.2380399563  
0.00189742344  
-0.5002486536  
1.025883622  
1.611054046  
0.9862385397  
0.8397498062  
0.2275172773  
0.1782968009  
-0.07686553669  
0.4038946622  
-0.07851533133  
-0.3406643341  
-0.3170250891  
-0.003606951886  
-0.08490735633  
-1.286356694  
0.001406295695  
0.007139302804  
0.427721835  
1.804538377  
-0.5406843834  
-0.1184616655  
-0.882174679  
-0.6637091242  
0.2222474088  
0.3044252458  
0.09465486877  
-0.109339222  
0.4707545177  
0.05803829372  
-0.1546834873  
-0.07220895319  
-0.6072950414  
0.3605068207  
-0.5101663341  
0.7851520967  
-0.2095193155  
3.045023264  
