-0.03672791473  
0.1634837578  
0.03128540967  
-0.5065567141  
0.2519365322  
0.1577370113  
-0.2716230092  
0.2023552042  
0.2457742809  
-0.2570424117  
-0.007260156652  
-0.05795815369  
-0.2256729461  
0.114554302  
-0.1506424322  
0.05312082182  
0.01611704296  
-0.01580652544  
-0.08994672906  
0.009830274297  
0.1614295784  
-0.1371520639  
-0.1078089072  
-0.2403588182  
-0.1877707262  
0.08154691452  
-0.4743695141  
-0.249905783  
-0.1403451915  
-0.06065588037  
-0.05263618728  
-0.3779978185  
-0.2655103399  
0.2529489116  
0.2955128114  
0.3880387345  
-0.2225661154  
-0.2008404199  
0.2757229663  
-0.09163230993  
-0.1286099007  
0.08100084878  
-0.06709013192  
-0.3981349631  
0.2582132325  
-0.1168540803  
-0.06874084924  
-0.1904848377  
0.1758243068  
0.02243859292  
-0.1885533586  
-0.1998750678  
0.1348558505  
-0.1621887986  
