1.26025584  
0.1579296095  
-1.474935745  
-1.924945317  
-1.919229896  
1.468931454  
-2.401718867  
-1.01714267  
-1.150550105  
-1.432120116  
-1.964445437  
-2.071511049  
-2.468388658  
-1.149958226  
-2.655706004  
-0.7480825804  
-2.591004092  
-0.03283436204  
0.3948607143  
-1.353891573  
0.1151493422  
-2.578006782  
0.2168473269  
-0.3859543283  
0.1856413477  
-2.599299607  
-0.4500704125  
-0.9435403411  
-1.786147415  
-0.3834252626  
-1.15482962  
0.02353954668  
-0.2143914794  
-1.367040633  
-0.2699137887  
-0.0438507224  
-0.4700216  
0.01930147272  
-1.766474649  
-1.485162462  
-1.835936383  
-0.5421487405  
-0.7362306405  
-2.246087212  
-0.7120405651  
-1.195794473  
-1.189480614  
-0.4440723677  
-1.444772551  
-0.9670291072  
1.293769734  
-1.756409119  
-0.9815788897  
-1.760638361  
