-1.005193253  
-0.7368553185  
1.098210284  
-0.02050186601  
1.471962719  
0.3243711835  
0.5747550968  
0.9780714449  
1.379745976  
0.07759718332  
-0.969859234  
-0.3275561268  
1.147185871  
1.050895331  
1.185653737  
1.248092793  
1.375542984  
-0.3740543401  
0.3432705591  
0.7358879623  
0.2441168235  
0.3481122973  
0.7631453629  
-1.290924923  
-0.05872370067  
0.1932254812  
1.525380757  
1.208701741  
1.54743257  
-0.8963046576  
0.7789098838  
0.166221423  
0.514876899  
0.479217865  
-1.19963912  
-1.379151882  
-0.9418037173  
0.5560814609  
1.182637185  
-0.7894820281  
0.1655481046  
-0.2034334697  
0.3050696395  
0.3849864653  
-0.3427003316  
0.2107389207  
-0.6310573126  
-0.01771724234  
-0.2701596024  
-1.709705507  
-0.4840231777  
0.4576369132  
0.5137702419  
0.8006071621  
