0.2897012123  
0.6220211821  
-0.05872497834  
0.520210835  
-0.3316343539  
-0.140910633  
-0.1541066381  
0.3956326061  
0.4267955686  
-0.1038993616  
0.6329402228  
-0.2621104211  
0.1379027378  
-0.02646988647  
1.316008094  
0.4921881754  
-0.2272773134  
-0.1457650498  
0.475082956  
0.3785239402  
-0.7429999564  
0.5321068678  
-0.5397163739  
-0.4203387593  
-0.6640023895  
0.2479681332  
-0.2804033397  
-0.4841819876  
0.5925427862  
0.003853928575  
0.06944269144  
-0.4530026814  
-0.1067329851  
0.2784397326  
1.021253173  
0.237195482  
-0.7465627737  
0.4008062813  
0.1351507591  
-0.5030147934  
0.08215573954  
0.290025397  
-0.7410161538  
0.00400734744  
1.18106405  
-0.202772355  
0.709183648  
-0.06753684698  
1.196923591  
0.4724816504  
0.1275108476  
0.06240999904  
0.1596846297  
0.1054864632  
