-0.3240297796  
-0.1184373646  
-0.1126800001  
-0.02186169219  
0.240900055  
0.2664581539  
0.3101805387  
-0.07039998954  
-0.04755475093  
-0.07048291516  
0.405538892  
-0.1838238206  
0.03425206167  
0.02947790486  
0.1333252096  
0.1664215539  
-0.3580871366  
-0.05238750957  
-0.1644955339  
0.02649439635  
0.2828458296  
0.02975504751  
-0.04435443253  
-0.246377818  
0.2891039122  
-0.239779053  
-0.02946367259  
-0.2111929271  
0.2610218979  
-0.2155408707  
0.1084315368  
0.2289532667  
-0.08927990247  
0.06865568875  
0.3459209226  
-0.186296778  
-0.3426308744  
-0.142528834  
0.04618756063  
-0.2600195277  
0.01960364944  
-0.1728692941  
-0.1090545556  
-0.4105181786  
-0.4269515684  
-0.1348309755  
0.0630806313  
0.1969778481  
-0.4372404361  
0.03477841523  
-0.1747690641  
-0.03618863812  
-0.1317679664  
0.2442008048  
