-1.438370436  
-2.004184689  
2.400011265  
-1.353745936  
0.595222293  
1.900986601  
-0.5000731278  
1.454528324  
-2.175465786  
0.7157506253  
0.5385690662  
-0.7679612738  
-2.893392856  
1.244173929  
0.422505125  
-0.1730169629  
-0.6041371328  
0.5864726418  
-1.83285608  
-0.5447953151  
2.795485529  
0.3805132705  
-0.471343124  
2.301061615  
-1.4913655  
0.6191345442  
1.292447272  
-0.2852129081  
-0.8644021258  
-1.241657242  
-1.206552554  
-2.547093232  
0.05646959131  
-0.9463729209  
-0.03520063416  
-0.01743642284  
-0.1605704521  
1.634556159  
0.2146446746  
-0.2811472241  
-1.761790524  
-2.376203839  
1.436471879  
0.4705410537  
1.248681247  
1.362798641  
-0.2220550908  
-1.228708633  
1.291752466  
-1.122461147  
-1.614418195  
9.344728329e-05  
-2.34725441  
-1.575884685  
