0.5695733287  
0.5932947364  
-0.4963370656  
0.634775219  
-0.0009189257398  
-0.7670500677  
2.356905373  
1.337522139  
0.6111356193  
0.3878873414  
0.5427550901  
-0.7787525399  
-0.7066857832  
-1.534107257  
-0.7277870447  
-0.29645025  
-0.5070946704  
0.7905875248  
-1.698487145  
-0.09758706528  
0.4380006175  
-0.2727918711  
-1.41387022  
0.4286365655  
-2.184083462  
0.02735209014  
1.219262846  
-0.1230805327  
-1.486303129  
-0.03408256506  
0.7563221308  
0.7587492156  
0.3896903176  
-0.9285765741  
2.586936601  
0.5960783021  
0.1753877017  
-1.120669276  
0.8732038321  
0.4167592008  
-0.8766391956  
0.2017892811  
-0.1592539439  
-1.45267187  
-0.8729432892  
-0.06290763813  
-0.01174465371  
0.8887144623  
1.462011403  
-0.269805699  
-1.134831568  
1.191204467  
-0.4716663047  
1.412011278  
