-0.08173194406  
-0.2461204822  
-0.4061698988  
-0.8765491445  
-1.373845647  
-1.114167617  
-1.963687654  
-1.991442792  
-1.648904281  
-1.448030397  
-0.7978051818  
-0.3364888384  
-0.01312424117  
-0.2628778096  
-0.6004770958  
0.5035675943  
-1.014255753  
-0.3554762719  
-0.6032738805  
-1.083834384  
-1.471979192  
-0.6139189978  
-0.4528532655  
-0.3642929042  
-1.070246814  
-0.9063383477  
-0.2492859344  
-1.681831795  
-1.360037417  
-0.4196893795  
-1.540147946  
0.1125152182  
-1.104045643  
-1.097823817  
-0.75467013  
-0.4542839316  
-0.3346942029  
0.6203941428  
-0.2289006405  
-1.504772241  
-0.9147958524  
-0.8198318601  
-0.827125899  
-0.2157459079  
-0.3235320355  
0.07942148341  
-1.665261761  
-0.4197623528  
-1.611914585  
-0.7985576033  
-0.9589506158  
0.5120006663  
-1.113337089  
-0.06677497438  
