0.04003358947  
0.1406474551  
-0.4938786553  
1.259407124  
-1.157716944  
0.2111505122  
-0.8724705185  
-0.7158156976  
0.4646774013  
0.3930593642  
0.6864045375  
0.3977436973  
0.246459602  
0.09964743791  
0.1320824022  
-0.2598004376  
0.1673726766  
0.3451540543  
-0.6947228565  
0.4130063066  
0.2447258555  
0.5256778544  
-0.416317035  
0.4038978826  
-0.123495099  
0.1873666878  
0.5997823553  
0.1259909313  
-1.239623119  
0.1197919004  
0.3066520146  
0.7171923506  
0.1063820938  
1.671768895  
-0.5559015591  
0.7118095511  
0.5139211931  
0.4134328953  
0.1477300141  
-0.1556109906  
0.5442723714  
0.2415650616  
-0.2821983088  
0.1988691255  
0.2921413302  
0.3806924285  
1.472791549  
0.1548176959  
-0.1031172912  
0.2984367024  
0.1124613535  
0.03328180989  
0.8242138364  
-0.1645292913  
