-1.027011684  
1.32451665  
-0.8546146962  
0.08772313193  
0.6665423972  
-0.818993979  
0.7023178508  
0.09044169644  
-0.1359068219  
-0.03450368894  
0.1317479997  
0.4360390917  
0.8371394237  
-1.783271581  
0.7242021081  
0.09511238964  
1.408396154  
-0.2885249763  
1.072454556  
-0.150836863  
-1.865342793  
0.6991733148  
-0.4010680555  
0.5491465722  
-0.5311899744  
0.9332672314  
1.182450805  
-0.334579951  
-0.2098113518  
-0.4918056006  
-1.627457695  
-0.2910181104  
-0.3780567303  
0.1371870323  
-1.132834221  
1.276171467  
0.5524537642  
-0.02397856057  
-0.6375189153  
0.2988439975  
0.09457833987  
1.663400488  
-0.3709339052  
0.3085372491  
0.3865186528  
0.2710666049  
0.06345543706  
0.2129363516  
0.9522635032  
1.816128342  
0.5491833695  
-0.5883472936  
1.966001624  
-0.3886751062  
