0.5539494985  
-0.5924061654  
-0.1411175617  
0.2005961933  
-0.07639361004  
0.3700016901  
0.8417254457  
0.4815376361  
0.865579625  
0.9505373561  
0.7981711765  
1.106063924  
1.642324558  
0.2927645012  
1.529564238  
1.036467527  
0.5676245642  
0.04166209833  
1.031392434  
2.242077315  
0.5200045404  
-0.2122924018  
1.759094303  
0.8683554587  
0.1736730752  
0.5854181463  
0.694893147  
1.084200563  
0.1836724643  
1.839767845  
1.322556687  
0.2514244789  
-0.7695829746  
0.9235741566  
-0.8079256457  
0.9006072104  
1.276037287  
0.7763542282  
1.47337311  
2.521810158  
0.1752372704  
-0.686142754  
0.9710272386  
0.347781242  
0.3001468589  
0.4263579944  
-0.7858709248  
1.241688786  
-0.1560784698  
1.249101673  
-0.4089795564  
0.7794702065  
-0.1488842664  
0.3335982636  
