-0.2068703116  
-0.6453562002  
-0.8701150639  
0.6336440667  
-0.9586039711  
-0.5192305708  
-0.4512498336  
0.2453291429  
-0.04556524212  
0.28146518  
-0.2548771619  
-0.2440309569  
0.03887128261  
0.109403264  
0.2241113166  
0.3849441888  
-0.3081716989  
0.3887214109  
0.5003142765  
-0.2687408596  
0.331190657  
0.2443166792  
-0.03948889382  
-1.36366992  
-0.01047610558  
-0.029977204  
-0.08453281527  
-0.3950892816  
0.2729480527  
0.4118704793  
-0.9055766706  
0.2644023279  
0.4844402366  
-0.3722329837  
0.5988211832  
-0.2248066929  
-0.5310955471  
0.6908328328  
-0.07478711664  
-0.3523818466  
0.01019766674  
0.3119433905  
0.3999189436  
-0.1690890051  
-0.2288387932  
-0.6333200105  
0.2438474514  
-0.1576964677  
0.4445742227  
0.6564103453  
0.8987408781  
-0.008831286094  
0.2348346044  
0.1961355487  
