-0.3484705429  
-1.270451732  
0.2753740889  
0.5070780343  
-0.1803342994  
-1.211227262  
-0.5898892515  
0.4577449938  
0.7988712019  
1.174917429  
-0.2800218548  
-0.6482539575  
-0.08528649823  
0.5896480762  
-1.094019582  
1.183038582  
0.004493928858  
-0.3553035224  
0.6643627404  
-0.8902093501  
-0.8669963808  
-1.124485913  
-1.120606611  
0.2640264819  
0.4343796839  
-2.125965416  
1.617188836  
0.3012702881  
0.727280138  
-1.32667221  
0.5611079072  
-0.996129421  
-0.8021328563  
-0.6718145476  
1.56954096  
1.664223887  
1.555832063  
0.2409825529  
-2.277169184  
1.383991637  
-0.378680208  
-1.058080268  
0.3693766574  
1.000017687  
0.3145756369  
0.5475409222  
0.3725082378  
-0.1195684995  
0.7806578192  
0.406104411  
2.193929901  
-0.8559314765  
-0.3582407152  
-2.051753217  
