0.1937519542  
0.325978596  
-0.8384528836  
0.7978889008  
-0.6597697513  
-1.121696158  
0.020554383  
-0.4114635875  
0.3767076647  
0.771861501  
0.3847405751  
-0.5831375879  
0.005312046688  
-0.372750209  
-0.6161401763  
0.8162062306  
0.09265259093  
0.522572061  
0.9966042478  
-0.4136887679  
0.4815114398  
-0.7828263601  
-0.2206762751  
0.184959905  
0.1819419299  
0.4076204827  
0.8169594872  
-0.2678091991  
0.7743862444  
-0.6434014978  
1.285548805  
0.2614480293  
-0.3158385686  
-0.518170364  
1.708970595  
0.5799833117  
0.07219414384  
-0.3470128728  
-0.6730755599  
2.032094333  
-0.06301319568  
-0.5362430269  
-0.06157839703  
-0.1966900956  
-0.4910357947  
-0.1401628123  
0.71529068  
-0.8246448448  
-0.7265513038  
0.5327332169  
-0.3412300268  
0.2354844877  
0.8781244635  
0.09578487853  
