0.002967459484  
-0.23756516  
1.952311651  
-1.874158086  
-0.1083395009  
2.192832961  
-0.544921816  
-0.3237035735  
-0.7504855328  
-0.2763769779  
-0.3612696349  
-0.9099217797  
-2.567503185  
1.279440408  
0.2029766633  
-0.1967602816  
-1.110296774  
-0.8450396149  
-1.689406988  
0.0539066792  
-1.023213876  
-0.02076987406  
-0.07168928295  
1.823949649  
-1.953248396  
-0.2037204881  
1.682735448  
0.6674492862  
0.2197630699  
-1.407552892  
-0.3726887002  
0.3763888975  
0.2501076828  
-0.7544232466  
0.6859155566  
-2.757154552  
-0.1346410605  
-0.112052338  
0.6670064532  
-0.905334514  
-0.9936155923  
-3.860003444  
-0.6718869751  
-0.88348165  
-0.2330245114  
0.2924659703  
-1.501609928  
0.121374033  
-0.4610070523  
-1.144904864  
-2.01332865  
-0.7071599743  
-0.8786042413  
-1.349532148  
