0.06410874524  
0.2486671799  
-0.2099042958  
-0.1144145791  
-0.4383685928  
-0.4137767455  
-0.3726188308  
-0.402790637  
-0.1244674246  
-0.05106508922  
0.5496971741  
0.4857245436  
-0.005911335098  
0.1449721673  
-0.4882975678  
-0.5631992736  
0.1403624257  
-0.1743051504  
0.290252696  
0.08591311544  
-0.243587627  
-0.7016234394  
0.1870541727  
-0.4613061612  
0.3484571077  
-0.05033746846  
1.102254028  
-0.3150175838  
0.1388558027  
-0.4453734679  
0.2470840946  
0.2528879277  
-0.04406955963  
0.1178670765  
-0.5348884752  
-0.3504956603  
0.58111394  
0.275557535  
0.09308082886  
-0.6527082622  
-0.6925840891  
-0.4037067401  
-0.1021377395  
-0.4088276039  
0.3103622452  
0.4142705324  
-0.4252386765  
0.3430689772  
-0.02560965239  
0.374749328  
-0.3014205427  
0.9972802813  
0.6741899607  
0.0749531024  
