0.7821332488  
0.302644057  
-0.1441790362  
1.170760486  
0.02971608571  
-1.088421839  
1.320345959  
0.7653769868  
0.6262639373  
0.1799830731  
0.5234133463  
-0.2140145015  
-0.280012447  
-0.1788121588  
-0.405572959  
-0.2132570095  
-0.2583287797  
0.0008383908781  
-1.556783256  
0.5061099645  
0.4063976018  
-0.4150103643  
-0.07216127349  
-0.6713962396  
-0.634414458  
-0.6760574622  
1.799149065  
0.9435765041  
-1.174336861  
0.07942073987  
0.7275944137  
0.08849214117  
0.5394976601  
-0.2590527756  
1.426734601  
0.2039729518  
0.3486100253  
-1.400200976  
0.9271736684  
0.3997678474  
-0.7959652497  
0.3409660209  
0.1231977613  
-1.091264553  
-0.4542422823  
0.4887635014  
0.2947470478  
-0.07530936765  
0.5508963281  
-0.5391425217  
0.3195509719  
0.3553734356  
0.9286016475  
0.9737635913  
