-0.4289398912  
1.558108719  
-2.074026961  
0.2572587935  
0.1741120051  
-1.091408875  
1.08823816  
-0.9570444465  
1.332222977  
0.5543126783  
1.946187055  
0.151209157  
-0.5843270719  
-1.578896857  
1.194263697  
1.824109805  
1.149261193  
1.018639509  
0.3825479267  
-1.136786663  
0.2005984448  
-0.3483580447  
0.1425058586  
-0.03488372854  
-0.6716354583  
0.4642877134  
-0.4351100345  
1.529846775  
0.7269800135  
0.480752832  
0.09817201997  
1.339334364  
0.1057931342  
-0.42328251  
2.467147626  
0.563262565  
-0.7844516215  
-0.315841964  
0.1988764539  
2.288006964  
-0.2326707084  
-0.9152158826  
-0.1383561901  
-0.7288699299  
-0.08549564391  
1.760470902  
0.8418235824  
-0.3816200144  
1.353737103  
0.9370321098  
-2.148333393  
0.3644052166  
1.812682056  
1.825305114  
