0.1598575609  
0.4912022811  
0.5484244211  
0.1730528922  
0.3680374155  
0.6901188395  
-0.3532752517  
-0.4485868776  
0.5819079162  
0.1896361323  
0.4279570864  
-1.09808813  
0.5576223334  
0.4982602544  
-0.2948320754  
1.926581175  
-0.02258777822  
0.2405165444  
0.6188288634  
-0.1389361752  
0.6204558317  
0.4257155843  
-0.8620167545  
-0.3394546493  
1.122844133  
0.5747023276  
-1.315378212  
-0.6908016092  
0.9791320277  
0.1917287894  
0.09776501701  
-0.4683620156  
0.6267313733  
-0.275619191  
0.5202188477  
-0.4947384221  
0.004699133713  
0.02384007486  
0.4498305925  
-1.492983834  
0.6579595142  
-0.4466965369  
-0.1875124381  
-0.7843200769  
-0.2074987862  
1.592772011  
-1.956528799  
-0.322620768  
-0.2464232461  
0.9407315156  
0.02708563911  
0.08730613791  
0.3512899187  
0.425924666  
