0.3161270135  
0.06327052525  
-0.543511079  
1.244562372  
0.7163622172  
-0.4161575455  
-0.214626187  
-0.4163028654  
0.7293635674  
-0.8480884247  
0.6221850655  
0.515702686  
-0.5810080956  
-0.05999774647  
0.2926294924  
-0.1586151139  
-0.1300454259  
-0.5976119978  
0.003305580901  
0.1957858523  
-0.931136141  
-0.800730766  
0.01216360585  
-0.2629116819  
0.1347307353  
-0.3966191201  
-0.2393035622  
0.9042953907  
-0.1972033896  
-0.06349007595  
0.1868832873  
0.1185570742  
-0.0412030237  
0.4499147135  
-0.3460259573  
0.3244436741  
-0.03817080198  
0.3350416316  
-0.9901943351  
-0.2189363128  
0.4587871771  
-0.2373244552  
0.9163165919  
0.2872970711  
0.08214569796  
-0.06893957122  
0.2652528053  
-0.08452151913  
0.9492615686  
-0.2993364667  
1.014516071  
-0.2033868194  
-0.2217624735  
-0.3331916234  
