-0.5915880592  
-0.1556449186  
-0.2452743923  
-1.538348992  
-0.7818511953  
-0.8341142157  
-0.4952242887  
0.5004499421  
0.08943712875  
0.5170570474  
-0.300707486  
0.1411115815  
0.4146871457  
0.1541315747  
0.1763699257  
0.4165782283  
-0.01969575187  
-0.5478625275  
-0.6041225903  
0.469925674  
-0.06618158287  
-0.5902617146  
-0.04633816597  
1.055024262  
0.4888072882  
0.2671387448  
-0.7335350925  
0.232564538  
0.1050017688  
-0.4275354229  
0.8983866384  
0.5306658886  
-0.184093211  
-0.1909362299  
-0.04697613866  
0.4121762401  
0.8064156792  
1.027619012  
0.1214402176  
-1.282736754  
-0.3605660764  
-0.1661488041  
0.3802094564  
-0.410534868  
-0.5570399233  
-1.05280479  
0.07324583108  
0.1690530451  
-0.6254340413  
0.9099166954  
0.809938324  
0.1183070661  
-0.1661474411  
-0.3642628229  
