-0.2645163771  
0.2024983344  
-0.04452847503  
0.8266146029  
-0.3948248303  
-0.7983089899  
0.03515315364  
-0.2700059082  
0.08093777419  
-0.2705310379  
0.2871415067  
0.7862382116  
0.1327517411  
-0.7640144745  
0.0004531634368  
0.170209349  
-0.03364627497  
0.4013718638  
-0.8088338306  
-0.7272761361  
0.8000821053  
-0.3733080475  
-0.7927184199  
-0.3206053156  
0.3179375705  
-0.4764351356  
-0.2444083141  
-0.01984604271  
0.4184207403  
0.7385533565  
-0.4263694118  
-0.2359729247  
-0.06096838471  
-0.5277753713  
-0.07761363405  
1.667015883  
-0.002468804822  
0.06802728474  
0.4567583201  
0.1131305367  
-0.1504925853  
0.4351094693  
0.5062362524  
0.3011132931  
-0.9665410877  
0.3535303885  
0.4397395261  
0.1622778708  
-0.8855428233  
-0.1154091947  
0.2988254114  
0.421032822  
0.4601801045  
-1.177777827  
