-0.3788427363  
-0.009834823721  
-0.4984741655  
1.36177444  
-0.6542448112  
-0.4032918263  
-0.3876175212  
0.1091705508  
-0.2325971034  
0.5552898819  
0.02766250908  
0.7146690275  
-0.5223618303  
0.04457852784  
0.5442688495  
0.1530923606  
0.08184050353  
0.3547577926  
0.1513223796  
-0.2502852626  
0.4962663427  
-0.4668718276  
-0.121029895  
-0.3881459715  
0.1353057955  
-0.2124130496  
0.2363146062  
-0.7926592043  
0.06708617975  
0.2468761236  
0.0822647075  
0.5658211633  
-0.1649883552  
-0.1619763084  
0.2958612831  
0.09336735308  
0.4069946212  
-0.575201422  
0.4358522495  
-0.1759761614  
-0.5235878079  
-0.06144286474  
-0.1393414686  
-0.1411764403  
-0.1803782281  
-0.190889364  
0.07599498896  
-0.2864459004  
-0.3468895507  
0.8352073832  
-0.05771336442  
0.2876175437  
-0.4333256963  
-0.3957628647  
