-0.4504625894  
-0.3473973099  
-0.105253655  
1.710562961  
-1.078562764  
-0.7053385024  
-0.526603285  
-0.04743791044  
-0.02458413329  
-0.1732571716  
0.2063145281  
0.3334294169  
0.5996352601  
-0.4396551971  
-0.03201630949  
-0.874534623  
0.8335796324  
-0.05627488358  
-1.256239518  
-0.2532590525  
0.18393321  
-0.7761783394  
-0.01492079709  
0.5948127036  
-0.6257569586  
0.05124274936  
1.088819695  
0.1547156297  
-0.794393065  
-0.2104978993  
-0.349094968  
-1.185334779  
0.3675486883  
0.3938169488  
-0.396998905  
0.4613137915  
0.1490168211  
0.2437247702  
-0.5860989156  
-0.430594736  
1.095997638  
0.7581537304  
-0.3662634384  
-0.3676357514  
0.3874046451  
0.3328840062  
1.582401849  
-0.1209858413  
0.3304694773  
0.5104689535  
1.221671641  
-0.5401385513  
0.594508754  
-0.3160772024  
