0.3696910364  
0.1677621385  
1.030079753  
-0.2927815171  
0.7694773529  
1.135044868  
1.039095828  
-0.02574903289  
1.599126916  
-0.4252566366  
-1.478268563  
1.02418309  
0.001823194962  
0.3625107643  
-0.5781330206  
-0.5784504651  
0.3729611396  
0.1523058588  
-1.222908188  
-0.2847805965  
-0.1090891965  
-1.16652833  
-0.09472697738  
-0.08037511637  
-0.1978817388  
-0.4755613012  
-0.4903539932  
0.02589179536  
-0.7153389391  
0.9055971221  
0.0189404619  
-1.950879969  
0.4481578626  
-0.9082071132  
-1.460689027  
0.6541302416  
-1.725505663  
0.9828708331  
0.315777261  
-0.5165219005  
0.5585980656  
0.4310310711  
0.1954634221  
-0.3762249679  
0.4209301876  
-0.278354578  
-0.5296731912  
-0.3708592905  
-0.2920506148  
-1.176308229  
1.001930714  
1.077891482  
1.420919258  
1.408071877  
