-0.4093887294  
0.05318586788  
0.1574819992  
0.1663237533  
0.3698347965  
-0.2676941616  
0.2487339123  
0.4218982712  
0.3454291738  
0.345834555  
-0.1794056886  
-0.1238369146  
0.7043425128  
0.04837821639  
-0.8410907009  
0.3729809103  
0.1551040238  
0.4528914526  
-0.7964043931  
1.083365539  
-0.05465016857  
0.5541551524  
-0.6893990045  
-0.5429106708  
-0.05230210429  
0.8538251716  
-0.4928385072  
-0.1935302881  
0.6310983959  
0.5694180039  
0.5533127564  
0.5932344858  
-0.6758147588  
-0.6309416527  
-0.5696710602  
-0.8354942905  
-0.03651927237  
-1.208279524  
-0.3939564127  
0.4536618317  
-0.2825588856  
-0.2337636527  
0.3528185064  
1.026839655  
-0.2282601178  
0.8218857346  
-0.1640743471  
0.5553621913  
-1.461407627  
-0.1234031034  
0.3936721027  
-0.07307395197  
-0.01946288772  
-0.6230775733  
