-0.05913121578  
-0.09654592536  
1.721195786  
1.400475123  
1.433985139  
0.04090303173  
-0.01094475446  
0.02374603609  
0.3850783844  
-0.01143053637  
-0.3443073287  
-0.9184148812  
-1.584195673  
2.008384047  
-0.9829982092  
-0.4992739775  
-0.01094317417  
-1.169891711  
-0.007987530902  
-1.446372272  
1.437152504  
0.3579240185  
-0.08783130596  
-1.07932717  
0.7886328338  
0.2752314689  
-0.126951436  
-0.2644265093  
-1.506767317  
1.613596494  
0.8272105133  
-0.5433923318  
-0.4278182449  
0.6830741216  
-0.2775975692  
2.739189521  
0.9058470469  
1.300269717  
0.2494334052  
0.08738563878  
-0.7643346965  
1.966729407  
0.2722574367  
-1.568683025  
-0.104987456  
0.1399586139  
-0.2573906422  
-1.02609571  
0.616969777  
-0.7664317436  
-0.07723145736  
-0.4359025366  
0.9412306273  
1.651059389  
