-0.1876590519  
-0.5707973987  
-1.195678489  
-2.652551656  
0.0278798839  
0.2380051961  
-1.159631879  
-0.3366035652  
-0.7258321337  
-1.745374776  
-1.621525527  
-1.248731979  
-1.669880249  
-0.06851832865  
1.216500133  
-2.176133225  
-2.560405679  
-0.3220167809  
-1.899722108  
-0.740158238  
-2.595302286  
-0.5974817257  
-0.3954858624  
-0.07746023654  
-1.218265601  
-1.103896  
-1.954758773  
1.71219789  
-1.292063199  
-1.000746228  
-0.4430825567  
0.3384088421  
-1.337041679  
0.1703134039  
0.4486822738  
-0.8975648  
0.4544325076  
-0.4139965161  
-0.9121464201  
-1.527011038  
-2.309507355  
-1.972990782  
-0.9056579137  
0.2556931229  
-0.7217397407  
-0.07978921102  
-0.7962483151  
-0.2258887516  
-0.9022991656  
-0.9996316829  
-1.785965818  
0.01897284415  
-0.3412487366  
-0.8032436984  
