-1.530280497  
-1.610103519  
2.50000887  
-0.9528320867  
-2.431460552  
2.412952582  
-1.443059432  
-0.4911727259  
-1.526278004  
0.3985057689  
-0.6910702824  
-1.014528283  
-2.583023129  
1.842629433  
0.04787900093  
0.5470830915  
0.2054203625  
-0.2177282147  
-1.402482167  
-2.422307504  
-1.280552832  
0.6433740449  
0.664018045  
3.517241524  
-1.624394419  
0.7455303279  
2.861152557  
0.5917460727  
-0.8373611571  
0.2359791761  
0.1719121798  
-0.8433206296  
0.3450918437  
-0.5855062628  
0.5373235183  
-0.3028648679  
-1.570975649  
1.99093811  
-0.4545004783  
-1.78493322  
-1.595609081  
-4.738245078  
0.610534463  
0.7319675239  
0.3100447173  
1.254438785  
-1.134192743  
0.2374836578  
1.480235592  
1.408136691  
-1.881925711  
0.08433033144  
-1.742984357  
0.5069347209  
