-1.985936891  
0.5866959297  
-1.18340766  
-5.179135154  
-1.921730792  
-0.4055425148  
-3.062059648  
0.4322580567  
-0.8839012547  
-4.035032427  
-1.170804355  
-0.306095874  
-1.600642458  
1.738112719  
1.923188188  
-0.3589992291  
-1.581492364  
0.8910532243  
-1.560613913  
-0.1721882846  
-0.9578906852  
-0.2176167728  
0.8697143289  
-1.622782769  
-2.522484274  
0.08524905096  
-1.727873289  
-1.934263416  
-1.932120979  
-1.946387989  
-1.128748491  
-0.6692825411  
-1.205997242  
-0.02994515878  
1.619799965  
-0.880124448  
-2.183719916  
-0.2292532047  
-1.093414525  
-2.521182229  
-1.462041343  
0.6146744468  
-0.8868283569  
-1.531106097  
0.5029917511  
-1.58223787  
-1.004940379  
-1.401213319  
0.208373586  
-0.8101309067  
-1.212559015  
0.4988013254  
-2.678104983  
-0.04213599642  
