0.4981776843  
-0.2419020769  
-0.8974494362  
-0.1306837561  
-0.1114343355  
0.6921466985  
0.7371289521  
-0.1568899011  
0.3149090633  
-0.1057204683  
-0.8018276532  
-0.1800157443  
0.6905769533  
0.4812167429  
-0.324996739  
1.252565655  
0.5936437831  
0.7716814724  
0.9929158029  
-0.5884541958  
-0.3763787385  
0.2310573468  
1.478829268  
-0.4765133539  
-0.4550441968  
0.7166417763  
0.2119152273  
-0.9744050072  
0.7854126352  
-0.3133553923  
0.4946809467  
0.5154581091  
-0.5916620489  
0.8254220194  
-0.4814768883  
0.307758071  
0.4959472579  
1.230320618  
-0.05036452714  
0.09387636917  
1.135216877  
1.017890109  
-0.02576156418  
0.1091355209  
-0.006355710053  
-0.1015233051  
-1.675260709  
-1.1126353  
1.092008383  
0.5068330563  
-0.7435947948  
-0.1458533763  
-0.5167096174  
0.1857548419  
