0.238992671  
0.9904181814  
-0.091538926  
0.8056304341  
0.1545672406  
-0.5824922404  
0.2823920567  
-0.1636738429  
-0.0621062619  
-0.3478102622  
0.2267350151  
-0.9563592059  
-0.3112758461  
-0.2162827656  
0.08016028362  
0.7883207867  
-0.1759880538  
-0.2551711942  
0.3611376755  
-0.3588121076  
0.037224466  
-0.3290445409  
-0.09387383547  
0.4833832434  
-0.5715197856  
-0.1503201773  
-0.492281174  
0.6065486186  
-0.0991331622  
-0.05011879915  
-0.05194784896  
-0.838464862  
-0.3978930391  
0.9089754757  
-0.520316178  
-0.05404790215  
0.1075877957  
0.1678330132  
-0.4813796468  
0.3922619493  
-0.1610806395  
-0.1277709927  
-0.2332126538  
0.08249876261  
-0.2515882534  
0.2581982785  
-0.2714379696  
-1.11704103  
0.4110494767  
0.6331800452  
0.496838547  
0.03837113472  
0.3095604765  
1.024681996  
