1.137167289  
0.631138046  
-0.1945346291  
-0.7010192831  
0.6176135393  
-0.08290174922  
-0.4382691821  
-0.3934973867  
-0.2915362225  
-0.9952258706  
-0.008952552077  
-0.0881045489  
0.530201028  
0.1565980544  
-0.8508502913  
-0.6423351002  
0.6074480774  
0.7303634962  
-1.164015446  
-0.3631896669  
0.6214702883  
-0.7017589811  
0.2919295833  
1.062078788  
0.4612415284  
0.05611196056  
1.526408682  
0.6069765036  
-0.6871885414  
0.4735387748  
-0.2131381979  
-0.3239929208  
-0.6495908372  
-0.3577270106  
-0.814258387  
-0.1913014044  
0.8397657893  
-0.5504412913  
-0.4932687588  
-0.5595368932  
-0.7705354428  
-1.165210858  
-0.3132354145  
0.3844918326  
1.127241977  
0.889417248  
0.2131745213  
0.2062395724  
-1.112877145  
1.192651921  
-0.9572357506  
-0.05114555094  
0.7763109133  
0.4796913965  
