9.926643628  
7.50869192  
4.071374662  
9.661870766  
-7.378486115  
-15.9673568  
-4.060970505  
-6.470888462  
-7.511136995  
-9.82931556  
-7.622945749  
8.149822089  
3.296619255  
1.152998373  
5.757781097  
2.864989217  
2.735086427  
-3.98940828  
5.161149439  
-1.30758272  
-5.239965009  
-1.769580163  
-0.4459709655  
10.01925477  
-8.781645251  
5.259975368  
-22.73214625  
-11.40425157  
-0.314675514  
2.61305083  
-0.3773245618  
-2.997644239  
-8.74515151  
1.500442343  
2.565798867  
-3.692393266  
8.648153442  
17.66806576  
-2.992127436  
5.384078256  
5.668581443  
-6.519084146  
8.732353679  
11.58041117  
8.588448915  
-14.71144596  
-5.977314439  
6.390880587  
5.787855685  
-11.23834146  
-2.187798602  
0.6389319959  
-6.816008053  
8.498818975  
