-0.1220396314  
-0.2875997578  
-0.6250928509  
1.332862452  
0.4190827797  
0.1594512964  
-1.161162907  
-0.9507098471  
-0.2758846242  
-0.1432029739  
-0.375729978  
0.4979028872  
-0.4188952439  
-0.3931204456  
-0.2771822573  
0.8816950814  
-0.1590880495  
0.7103152645  
-0.5461042192  
0.3482825893  
-0.143279123  
-0.1219875975  
-0.6700982123  
0.1071415863  
-0.4096687581  
-0.8127479389  
-0.7751183787  
-0.349489983  
-0.8707794703  
0.03919478066  
-0.1857020386  
-0.5962647832  
-0.8266156808  
0.7300024138  
-1.041141333  
-0.5872208283  
0.08119569325  
-0.07645860647  
0.08771318517  
-0.4018683127  
-0.4448212523  
-0.5410409549  
0.5682379302  
-0.6044956933  
0.1665258207  
-0.03360209331  
-0.2463828838  
-0.7779166857  
-0.4191531519  
0.7628321606  
1.124209279  
-0.5765453614  
-0.2659194391  
0.4668748316  
