1.167774543  
1.200517939  
-0.4041918178  
-0.9370417204  
0.3745523705  
-0.008088476908  
0.3271061874  
-0.1307857893  
0.4616480385  
-0.5474639316  
0.04303454515  
1.459983845  
0.7142542849  
1.118314823  
0.07559743724  
-0.3917169107  
0.8149220175  
0.6006456546  
0.1708775792  
1.220721543  
-0.3303977809  
0.09569628976  
0.2574277708  
-1.492087311  
-0.5087196352  
-0.7025235031  
-0.838968965  
0.4575273726  
-1.124302919  
0.1873444384  
0.3890637225  
-2.084561591  
0.2479268495  
0.4120111865  
-1.356655325  
-0.7960580593  
1.679428866  
-0.3143321008  
0.2734505201  
0.3336176254  
0.9871119044  
0.07187699713  
0.5315021797  
0.8777325913  
-0.9730995934  
-0.6726469069  
0.298764513  
-0.2711350567  
-0.6864752722  
-1.656332785  
0.161159377  
-1.086939269  
0.6183585356  
0.1629259735  
