1.053893993  
-0.4689782801  
0.9170127607  
-0.6734538705  
0.0247366218  
-0.003967049943  
0.3474464423  
-0.7338145327  
0.4279197882  
0.9983852585  
1.887104862  
-0.8963506903  
0.3663734003  
0.7917349707  
0.06629103641  
0.381939847  
-1.143845172  
-0.5848629518  
-0.5087667859  
0.2846657128  
0.3378952829  
0.3181410888  
0.4024448682  
-0.9185485168  
-0.6704226824  
-0.3423800189  
0.4913630289  
0.2785213322  
1.536200267  
-0.8790864208  
0.03912755759  
1.778016539  
-0.5244574616  
-1.680673242  
-1.987451259  
0.09312794516  
-1.039675432  
0.0491543003  
0.5083118079  
-0.4025749547  
-0.04639686819  
-0.7459304999  
-0.3647266348  
0.4390492294  
-0.8470907242  
0.6433572666  
-0.9146580052  
0.8815377241  
-0.01187009463  
0.3096545107  
-0.370666899  
-0.666273068  
0.4711444122  
0.2753975082  
