-2.648689656  
-0.8560953377  
-3.12817678  
-3.920416965  
-2.755858548  
-0.680223174  
-2.048651839  
1.019357141  
-3.246264416  
-2.285524144  
-3.106985443  
-5.826587312  
-3.6551596  
2.201200492  
-2.781193242  
-1.420259483  
-0.8859445795  
0.7033972626  
-1.161076138  
-3.908254967  
-2.526987616  
-1.573046107  
-0.7879686864  
-1.013113655  
-1.977817024  
0.09782498352  
-1.039013591  
-1.042993224  
-2.262048241  
-2.284155888  
-2.074576581  
-0.5731143936  
-1.335267422  
-3.200061139  
0.8610025758  
0.06290892336  
-1.72448055  
-0.3040928812  
-1.849322687  
-4.345906973  
-3.795914278  
-2.915755959  
-1.567521946  
-1.481216301  
-1.277516793  
-0.5205348599  
-2.685452593  
-2.687649002  
0.651071154  
0.2181142596  
-2.061031233  
-0.2298974285  
-2.747483934  
-0.5509932962  
