0.4265977317  
0.7966133336  
0.3320491426  
-0.1950618121  
-0.8964729989  
-0.8024261282  
0.8138827446  
-0.2744495296  
0.5063147341  
-0.08839085149  
0.7052974799  
-0.4518472384  
-0.4171891471  
0.7333788116  
-0.5221128903  
-0.0165811184  
-0.2121529854  
0.02063693645  
-0.8804123637  
-1.244592038  
-0.5161722023  
-0.2707139004  
-0.4101579387  
0.1598958803  
0.1203834553  
0.9065908162  
0.7819040182  
-1.165419499  
-0.5958760983  
1.222105196  
0.0844144279  
0.8775581755  
0.1215081995  
-0.3642931923  
1.672177982  
0.8378355302  
-0.4554000999  
-0.1481925089  
-0.6520477824  
1.063521231  
-0.09735488352  
0.09730052556  
-0.3143201557  
-0.06524124898  
-1.227527083  
-0.537266965  
1.024065624  
-0.4714023468  
0.0871693599  
2.159080366  
0.811069865  
-0.5462256042  
-0.6175300957  
-1.515658935  
