-0.2898200336  
-0.2907720196  
-0.9013491378  
-1.572468517  
1.1802491  
-0.1426197238  
0.4741453411  
0.9314933691  
1.438481143  
-1.283354652  
-0.924527485  
-0.5143705053  
0.6779817823  
-0.1575010287  
-0.6716040456  
0.377221781  
1.568130733  
0.01719426408  
0.9364013308  
1.812587054  
0.5405941132  
0.01967020116  
-1.427124037  
-0.1636009131  
-1.112557789  
1.419596476  
-0.5948467215  
0.6054475868  
2.116446769  
-0.9790834031  
0.4327210317  
0.2831372527  
0.3420754879  
-0.2571244531  
-0.06144653305  
0.972619026  
1.135362907  
-0.0712997302  
1.329884634  
1.628635665  
1.858310514  
0.746127584  
-0.6718530234  
1.213192545  
-0.5654290435  
0.6003902053  
0.4957662397  
0.367561286  
-0.2291231892  
0.5483960273  
-1.315952306  
0.06522324999  
0.8101914543  
1.000636802  
