1.060080853  
0.1471266342  
1.227209253  
-0.3550352388  
0.1184203395  
0.7950402498  
-0.6100987993  
-0.6829455207  
-0.08397679034  
-0.5449157787  
-0.02282656124  
0.1754050807  
0.3371683339  
0.3854705382  
2.012087513  
-0.1035669418  
-0.7290677618  
0.14986899  
-0.8571043512  
-0.2677661168  
-0.4934516265  
-0.2992580494  
-1.241950033  
1.548080693  
1.195223568  
-0.2697418771  
0.8820426973  
0.6450073007  
-0.9014640213  
0.549291574  
0.541959439  
0.1907181132  
-0.8695079397  
0.7275207044  
1.584277502  
0.5493012221  
1.258907346  
-1.109627382  
0.1520078406  
-0.3357822045  
-0.1138091589  
-0.4911619203  
-0.161830706  
-0.7825582621  
0.2155726547  
0.1242146824  
-0.6253015293  
0.2098442537  
1.260119535  
0.9938022419  
0.4014329509  
-1.250601901  
0.138207647  
-0.1317018796  
