-0.2095215498  
-1.059175829  
-0.2877535687  
-0.2995306099  
-1.176170116  
0.4089367685  
-0.601810876  
-1.104084707  
0.3299279156  
1.022014396  
0.6507689781  
0.7986688482  
0.9074332766  
0.4140982099  
1.090598645  
1.366789353  
-1.197084431  
0.4831885633  
-0.5873709115  
0.01811228802  
1.36228973  
-0.007890483317  
3.199840553  
1.4319893  
-0.8753157459  
0.255789721  
1.225051621  
-0.3621097263  
0.6334224724  
1.61362871  
-1.049791202  
0.6193201065  
-0.6804633106  
-0.02701376302  
2.34814482  
0.4680717991  
-0.9067512116  
0.7522317789  
1.364544922  
0.8031688308  
1.937350051  
-0.1717200175  
-0.8810755393  
1.240171664  
1.656697649  
1.059885789  
0.3276407073  
2.296101857  
0.1207661797  
1.062789441  
0.6636402078  
0.3920962199  
-0.3982566023  
0.04221573099  
