-0.4107982088  
0.09073901922  
0.238453162  
-0.2718652548  
0.1604539124  
-0.348545832  
-0.7020093816  
-0.3413157809  
0.2052292485  
0.09499486321  
0.3192170444  
0.0210608244  
0.2460152934  
-0.2738161255  
-0.5354550906  
-0.1122061376  
0.2495767033  
-0.4143650315  
-0.3525345691  
0.4556918088  
-0.1094005213  
0.1578480972  
-0.1172438592  
-0.1058749348  
-0.3840591095  
-0.2295788163  
0.827564659  
0.001030735914  
-0.7387782696  
0.4206242645  
-0.3675244833  
0.004605099357  
0.06637936953  
-0.1555067414  
0.2684322734  
0.2261200239  
0.5867995529  
-0.3309209965  
-0.1513368057  
-0.6494777141  
-0.09796813758  
0.6267899288  
-0.5750551086  
-0.8437817943  
-0.856268578  
-0.5807198348  
-0.4342168788  
0.8436301239  
1.030088599  
0.06056240813  
-0.02822564295  
-0.03181121978  
0.6350366516  
0.8613079586  
