-1.883551787  
0.6534405675  
-1.09362936  
-4.939628699  
-1.921730792  
-0.5923466478  
-3.636310591  
-1.077119038  
-0.4290237348  
-2.720569155  
-1.865475367  
-1.082912475  
-0.2957999357  
1.256076217  
1.489511325  
-0.9838767661  
-1.759295446  
1.11775825  
-1.976516338  
-0.5254635912  
-1.525368818  
-0.2952727851  
1.001951525  
-0.7782287821  
-1.974123825  
-0.1716746039  
-1.124179218  
-2.052507344  
-1.693979448  
-1.314261193  
-0.7683557107  
-0.2507911647  
-0.6204460202  
-0.8862032777  
1.146864738  
-1.120683063  
-2.416693091  
0.8597396542  
-1.253141967  
-1.993997262  
-1.6423276  
0.2715632273  
-1.903621135  
-1.387649825  
1.101771217  
-1.619618031  
-1.004940379  
-0.8523699814  
-0.532405113  
-0.7590333962  
-1.401104388  
-0.01648432225  
-1.470371785  
-0.04213599642  
