0.528684745  
0.691502995  
0.195340507  
0.7392722853  
-0.495035432  
0.3686545336  
0.681078279  
0.4425012845  
0.3661521075  
-0.2906670699  
-0.05829928413  
0.07648231209  
0.1280313554  
0.6644706372  
0.2537108689  
-1.133756137  
0.4403510482  
0.0503904515  
-0.2519556606  
0.2849106255  
-0.1255660187  
-0.1654331777  
-0.517102003  
-0.4215788467  
-0.251376086  
-0.3485332086  
0.7124527031  
-0.5358414807  
-0.09343349446  
0.5563540183  
1.297806465  
-0.6447955179  
0.4548982014  
-0.3159644505  
0.1482689791  
-0.6020226878  
1.808273246  
0.06836540723  
0.3576616414  
0.2568462713  
-1.382064454  
0.1805788211  
1.665711593  
-1.178060815  
0.2951378007  
-1.002207403  
0.4314011253  
0.095309752  
1.16290831  
-0.7000132035  
0.1326639741  
1.198372263  
0.6199584616  
-0.3605785608  
