-1.415367631  
-1.882621611  
0.6988442781  
-2.255086597  
-0.9352295719  
-0.499893625  
-2.314845625  
-1.059106571  
-0.835294331  
-2.475410293  
-0.9900551493  
-1.118922516  
-1.248412916  
1.501464949  
1.97979648  
1.024884395  
-1.345675339  
1.199947189  
-2.057523422  
0.3739949696  
-0.820687159  
0.920034902  
2.351770366  
0.8600261701  
-1.388026951  
-1.255254469  
-0.2012482599  
-2.266583657  
-2.132569242  
-1.766548882  
-0.4763795936  
-1.376496535  
0.7445928614  
-0.2424717129  
0.1553728131  
-1.708510886  
-1.143530321  
0.1891039178  
0.1450949031  
-1.981752161  
-4.504641309  
-1.217337945  
-1.231973262  
-1.981832764  
0.811447645  
-0.4071950233  
-0.2439031485  
-1.768070452  
-0.4602050689  
0.05994732546  
-0.7026291481  
0.5896931221  
-1.874733169  
1.180475729  
