0.7830543018  
0.5508791787  
-0.2016488208  
-0.1670544911  
-0.2363759372  
-1.341859984  
0.3006177145  
-0.7313792688  
-0.5346185952  
0.1793051915  
0.5120576154  
0.1753072781  
-0.02177422181  
0.09722175051  
-0.8704203109  
-0.8603814553  
0.9486008275  
0.5770468482  
-0.0391542446  
0.5317229474  
0.2323506634  
-2.766146761  
-0.5123481243  
-0.580774395  
-0.3099152326  
-0.3338113944  
1.292583454  
-0.01788921612  
-0.8976103083  
-0.4604365694  
0.2572496486  
-0.02573940182  
0.07393636566  
-0.1291162147  
-1.01274164  
-1.078400468  
0.9498731564  
0.8495721656  
0.729212626  
0.3584607666  
-1.206379231  
0.6309154646  
0.2511814285  
-0.2466939438  
1.297391829  
0.0782827267  
1.032761865  
-0.236540373  
0.5058869361  
-0.6111281149  
-0.3709090508  
0.2233306078  
0.661226314  
0.7582797208  
