2.4289512  
-0.5242907563  
-0.1617505301  
-0.003600539886  
-0.08545348925  
-0.3886942465  
2.291122906  
-1.232948899  
-0.939624995  
-0.280507203  
-1.958494172  
1.419693407  
1.101752067  
-1.025020067  
0.8022305545  
2.463179802  
0.007544939297  
-0.7921040505  
0.4973201798  
1.279268533  
0.9296562545  
0.1205717629  
-0.1654804964  
0.92302541  
0.8128845784  
1.104691169  
-1.255030412  
-0.8180440305  
-0.3839853942  
0.7144487958  
-1.566456046  
0.2930690473  
-0.4944691579  
1.878819617  
0.8823078695  
-2.207096682  
0.7743320623  
-0.8118822022  
-0.2817253038  
0.8336252761  
-0.04264181546  
1.012631825  
0.8310684711  
1.312460345  
0.176423469  
-2.205322585  
-0.9263661101  
-0.7130259188  
-0.9415344894  
-0.2138045238  
0.4403813122  
-0.7650527622  
-0.303782923  
1.933195807  
