-0.279806937  
1.218077175  
-0.241600222  
0.3317663855  
-0.3974248251  
-0.8286761532  
0.7478860586  
0.716149255  
-0.2566273407  
-1.284030286  
0.3255301417  
-0.5751360319  
-0.3475607085  
0.2797596439  
0.4045145022  
-0.2764179586  
-0.6485277438  
0.2598268213  
-0.54736433  
0.3833375216  
0.2705415575  
0.6498167349  
-0.07442048474  
-0.4623115156  
-0.5123900366  
-0.1579385112  
1.866642414  
0.8095760672  
0.1235532342  
0.1165517714  
0.9096987905  
-0.06214726985  
0.1325319679  
-0.1912569236  
0.347931036  
0.2093087542  
0.1814118648  
-0.6396483377  
0.3302848375  
0.231414688  
-0.9599561547  
-0.1576543617  
-0.8286480917  
-0.7399075026  
-0.9428861059  
-0.1054373956  
-0.3110584537  
-0.1252338946  
0.3585700699  
-0.2928345298  
0.8778323325  
-0.8239179097  
1.115945865  
1.544927964  
