0.1777757677  
0.8581378965  
-0.2082815894  
0.1868717736  
0.3975675671  
-0.2306539294  
-0.1761191203  
0.2862993078  
0.464898779  
-0.167012166  
-0.4866505477  
-0.01347760009  
0.5768068791  
0.4291639841  
0.3361622727  
0.8144893899  
0.5695052135  
0.5597762244  
1.587467009  
-0.3010978629  
0.02640945543  
1.246538627  
-0.1194107951  
0.1578204693  
0.4487906154  
0.9753605647  
-0.01905159725  
-0.1866154928  
0.2696973016  
0.5300635436  
0.3417865556  
0.8361784739  
0.1554168865  
-0.2839392248  
-0.09175583161  
-0.144525025  
0.1242282936  
1.319467295  
0.9787591135  
0.62442457  
0.09071967127  
-0.04155555816  
0.7908522494  
-0.07067532734  
-0.256823623  
0.1409693626  
-0.1048778694  
-0.5544570659  
0.02101449888  
0.05474919578  
0.4756925208  
-0.2758121547  
0.4447611995  
-0.1588813294  
