0.6662851014  
0.150899592  
-1.02379929  
-0.170452258  
0.224649898  
-0.1996784987  
-0.3243718086  
-0.06492435411  
-0.479142181  
0.01324655349  
-0.2488408443  
1.070143043  
-0.4377031391  
0.7328663212  
-0.2673717036  
-0.007217257738  
0.3735340714  
0.1577451717  
0.6312008495  
-0.005561278906  
0.7025946578  
0.6474609741  
0.1388463848  
-0.3814270348  
-0.1906112378  
-0.3076025769  
-0.77393076  
0.8577016621  
0.8786815388  
1.13081555  
0.5013959601  
0.264784097  
-0.05224628471  
0.1901868457  
-0.2766530221  
-0.04847472695  
-0.6361685551  
-0.3139031028  
0.0193780189  
0.1681895063  
-0.0628745806  
0.1632056453  
-0.7488234933  
-0.02150716687  
-0.1778741745  
0.4090820115  
-0.5697362969  
-0.8408231318  
0.2846040408  
-0.1375728344  
0.1621155091  
0.5762217888  
-0.3535582557  
0.1432756877  
