-0.701254825  
-1.290205991  
-1.516178453  
-0.4997042826  
1.230872297  
1.025562535  
1.438819877  
0.5327693438  
-0.1931431076  
-1.077291668  
-0.06550863424  
0.5255523472  
-0.8234492656  
0.04160590989  
-0.5106016847  
-0.729604005  
0.05547703597  
0.2957714451  
1.192325135  
1.08187115  
-0.5740369599  
0.7104458464  
-0.7586917383  
1.470158158  
-0.1484562653  
0.1325253123  
0.0716651584  
-0.8157764252  
-1.16446602  
-0.7768718829  
-1.373494389  
0.1988396532  
0.6932211775  
-0.06301662875  
0.9415129141  
-0.9981131965  
0.2948294407  
-0.6198195886  
0.5936490303  
0.924028451  
-0.4048171098  
0.4268982524  
-0.08648638123  
0.530976337  
0.9938247531  
-0.06894825752  
-0.1544374457  
0.7121263884  
0.06022814859  
-0.8047919222  
0.4682881471  
0.8682311392  
0.5314608369  
2.020228499  
