-0.5868026359  
0.7599811605  
0.5510759574  
0.4766085175  
0.4628251203  
-0.3586372237  
0.8905076808  
0.5501315517  
0.5096258826  
0.6494823482  
-0.2826094851  
0.2590165479  
2.23517525  
0.1282394324  
0.1771806755  
0.4666546397  
-0.07745073265  
1.063465177  
-0.144816717  
0.4772583455  
-1.698402019  
2.259724934  
0.0632447393  
0.148941436  
0.5418945296  
1.497559734  
-0.6034080529  
0.1648421027  
1.022111595  
1.018648193  
0.9680744206  
0.9221579448  
-0.4312845945  
-1.230358432  
-1.432286306  
0.3844506212  
-0.8311088344  
-0.4474586539  
0.07230273347  
0.3797943406  
-1.018190001  
0.3827795552  
1.146317269  
0.3800411746  
-0.9953041822  
0.6155912127  
-0.3143045402  
-0.01505808116  
-1.419186152  
0.1245520427  
-0.02780300408  
-0.5738724436  
1.399277671  
-1.22546462  
