-0.1129728413  
-0.02374403645  
-0.9115387443  
0.2093530637  
1.08961157  
-0.1260113961  
-0.01657123644  
-0.1224906928  
-0.1302167557  
0.04224553678  
0.3542829356  
0.4200837872  
0.1775069612  
0.6673071299  
-0.1089813576  
0.2883659983  
0.2330322656  
0.2729259301  
1.081984951  
0.08896903558  
0.4912913526  
1.096280784  
-0.4045022014  
-0.7693643234  
-0.5829472245  
0.6076122117  
-0.1668171964  
0.001896161316  
0.281709867  
0.1686785439  
-0.4007604896  
0.3613196155  
0.1014858742  
-0.3655537495  
0.7856089123  
0.002559289773  
-0.314808326  
0.5739256378  
-0.8725686411  
-0.03360168854  
0.4779961999  
-0.3928417467  
-0.6503367803  
0.3943580686  
-0.7215401508  
-0.579094763  
-0.009776950769  
0.497600683  
-0.1153840541  
0.5909447728  
-0.7939548009  
-0.6597925347  
0.5731945837  
0.437241197  
