-0.226605229  
0.04384415669  
-0.4612413476  
1.095402391  
-0.2801581064  
0.9620137766  
0.6927932186  
-0.6038124446  
-0.4157832844  
-0.8926042728  
-0.1194869462  
0.3680409127  
0.1630535396  
-0.3994804364  
0.3513888654  
0.6258252497  
0.6261294076  
-0.2071695287  
-0.4620439984  
0.2530364811  
-0.5139848566  
-0.3314917321  
-0.3863182464  
-1.260392975  
-0.5370546617  
0.5682186811  
-1.001428507  
-0.7313975283  
0.3559631193  
0.02099798767  
0.8771968165  
-0.4396600366  
0.1524969023  
-0.312857067  
0.5732673763  
-0.2348634345  
-1.904434555  
-0.5170597263  
-0.6303759251  
-0.4444347964  
0.07195102471  
-0.316584108  
1.003017483  
0.7594101963  
0.02003768109  
-0.06256565365  
-0.8282513  
0.4371316098  
-0.9955929361  
-0.3929910994  
0.6383209518  
0.09555238843  
-0.7672122275  
-0.03134144618  
