-0.5169380113  
0.3114092494  
0.8631960968  
1.175739438  
0.007596181567  
-0.08359636811  
1.331737629  
1.093090357  
1.141839038  
0.886873538  
-0.8083676257  
0.5665769225  
-0.1565313207  
0.2696863749  
0.2018086808  
-0.05428906885  
0.2729467205  
-0.4072596308  
-1.119734146  
0.6951178765  
-0.3236112314  
-0.02139067311  
-0.6894554382  
0.5688529216  
-0.7622293052  
1.261768096  
-0.7155176406  
0.5337866523  
-1.148457211  
0.1267329442  
0.5307708109  
-0.3454108439  
-0.9605369712  
-0.7387541327  
-0.9901611898  
0.2006297611  
0.3899290845  
-0.8633245194  
0.6764378544  
0.1020533456  
1.0193845  
-0.714340084  
0.9900763568  
1.122812189  
-0.1918741783  
-0.1482965898  
0.2903095547  
-1.44261972  
-0.6764535306  
-0.3841084424  
0.4620453669  
-0.1823231309  
1.197333893  
1.284925113  
