0.3417581059  
0.2657502775  
-0.8196413123  
1.028032629  
-0.8687289562  
-0.6995441697  
1.461988638  
-0.2558787055  
0.1317324779  
0.1830325888  
-1.145273124  
-2.686047245  
-0.7636982194  
0.239960135  
-0.5700379527  
-2.466405146  
-0.4689511694  
1.169305353  
0.9129848252  
-0.4542882828  
-0.5200505449  
1.475349369  
-0.8669504937  
-0.04716082794  
1.930852965  
1.254891241  
-0.9392244097  
-0.7995316544  
0.1644847662  
0.8376204538  
-0.3130898125  
0.07435812619  
0.8664693092  
-0.5087651457  
-1.218723963  
0.2459999926  
-0.8047457256  
0.5023069347  
-1.573119872  
1.880958992  
0.9895355552  
0.1710199856  
0.9387788877  
1.069380914  
0.52787969  
0.6083246087  
-0.7544487035  
0.05442948983  
1.610648527  
-1.139745285  
-0.1610451119  
-1.985600408  
-1.216837335  
0.4298453449  
