0.2461583153  
-1.469778909  
0.2137209569  
-1.70778593  
-2.221736996  
0.318380757  
-3.967525495  
-1.455872174  
-0.6220197442  
-1.796357254  
-1.063858918  
0.06244701539  
-1.685940739  
-0.1924670677  
-0.1594439147  
-0.2178242991  
-2.04741691  
-0.4966121832  
1.917085996  
-0.6967361652  
-0.2376888147  
-1.163210358  
-1.398145029  
-0.5854924115  
-1.970406419  
-1.364718383  
-1.666225863  
-0.7487215776  
-2.712994632  
-0.5947326124  
-2.972706572  
-1.747707937  
-0.4050102108  
-0.6804256141  
-0.5857622053  
-2.209605913  
-0.9238197004  
0.5038927809  
-1.273824588  
-1.822439093  
-1.477613066  
-1.476784019  
-1.978031027  
-0.5351858482  
0.01025108032  
0.009584053812  
-1.144069093  
-0.2980832855  
-2.030808104  
-1.235195282  
-0.1803630312  
0.8263300955  
-0.7417556236  
-0.1222887239  
