-0.1908891451  
-0.2179313815  
0.007138901075  
-0.8008507777  
-0.3316921132  
-0.4134151077  
-0.7146281944  
-0.3358771956  
0.410369127  
-0.7735415395  
-1.12029995  
-0.286723462  
0.1554855417  
-0.4750697073  
-0.5074884506  
0.474027136  
0.1761559085  
-0.1527066809  
0.9388314763  
-0.1070743122  
-1.192491521  
0.2990453541  
0.5588022504  
0.1108511358  
-0.3513527717  
-0.1809199377  
1.100509719  
-0.09914449647  
-0.2474879709  
0.05795601509  
-0.581497322  
0.212940295  
0.07510286058  
0.4172014066  
1.20877689  
-0.3689267135  
-0.1275510072  
0.1884383229  
-0.4161848451  
0.1115582442  
0.4367361273  
1.220997481  
-0.1422642606  
0.2752301775  
-0.2169508183  
0.007525506585  
1.139990497  
0.7752097338  
-0.4920581534  
0.8785437895  
-0.934064456  
-0.3844924542  
0.380481277  
0.3160168518  
