-1.653582573  
-0.6690753062  
1.051639513  
-0.5970161511  
-0.2359577909  
0.3241400114  
0.3734601992  
0.03143780421  
-0.2041662881  
0.9498342453  
-0.8854152234  
1.459408175  
-1.471913282  
0.2693323026  
0.06585960654  
0.169019816  
1.035320433  
0.7488615643  
-1.457138484  
-0.02138371785  
1.068459259  
0.685398956  
-0.7822379261  
0.7945285147  
1.580331854  
0.3402914577  
-1.186820736  
-0.5576706121  
-0.6189971417  
0.06429175497  
-0.5007900987  
-1.210290712  
-1.484038578  
-0.2161860965  
-0.93383274  
-0.04384010547  
0.9743745509  
1.017945947  
0.558108702  
0.4523073207  
-0.6347954895  
0.01562384032  
1.016832402  
1.91044165  
1.216203353  
0.7436753557  
-0.0867945858  
-0.4835764461  
0.873371856  
-1.072412404  
0.4945396669  
-0.2135625456  
1.225546285  
-0.7731103818  
