1.527395183  
0.6124993845  
-0.3623853663  
-0.139472705  
1.389701423  
0.9320070114  
0.5165849752  
-0.9239433439  
0.6657764716  
-1.052349183  
-0.316232623  
1.185566966  
1.03431512  
-1.97342842e-05  
-0.06550764871  
0.4935459214  
1.336302742  
0.2076061048  
0.7874197655  
-0.3720297313  
1.806503174  
0.5051057674  
0.5473093829  
-0.4228633727  
0.8304062815  
1.010606804  
-0.1672946453  
1.069991261  
0.2765554386  
0.9009927692  
0.4684157956  
0.5958912671  
-0.2649335359  
-0.3526819094  
0.2904002584  
-0.02686923017  
-0.4467905208  
0.395815109  
-1.052651259  
0.7946745843  
-1.770681996  
0.5879478188  
-0.9620982001  
-0.1979039329  
0.5989864908  
0.5128530436  
-1.479022313  
-1.143051828  
-0.1186228591  
0.113995048  
-0.5553741172  
-0.2111920542  
1.173957189  
0.2617661076  
