0.4671813513  
-0.6609356983  
-0.844774608  
0.7324410576  
-1.16370756  
0.2522663101  
-0.3654228105  
-0.282055497  
0.3326064612  
-0.02994486393  
0.4523391848  
1.361420365  
0.1344820104  
-0.8367843418  
-0.391848788  
1.474435482  
-0.4061680113  
0.7328939411  
0.1506161558  
-0.4182440671  
-0.3585538629  
-0.2639540338  
-0.4644326951  
-0.4707968351  
-1.701865304  
-0.2611646764  
-0.08995643691  
0.1730296234  
-0.05661763487  
0.25313655  
0.5609741533  
0.120339843  
-0.4480033174  
-0.4418744334  
-1.677402183  
0.7428249231  
-1.305329097  
-1.33162727  
-1.056206179  
1.505510741  
-0.2378214749  
-1.333737311  
-0.7558497986  
0.1692638734  
-0.5444256127  
-0.2986972568  
-0.882583325  
0.6594151716  
0.2041806025  
0.4670299279  
0.08450640029  
-0.3828877614  
1.137082562  
0.3163422256  
