-0.6407761617  
-0.7429474928  
-0.676019077  
0.7387967644  
-1.214798944  
-0.4084567073  
0.7647296029  
0.7112526827  
0.4479010664  
0.479245151  
-0.4200422863  
-0.06843251752  
0.5698288132  
0.3740902706  
-0.3493452002  
1.112722175  
0.3965490923  
0.2627157811  
-0.30066419  
-0.2128535863  
0.1371720395  
-0.392886615  
1.354638224  
0.1244392587  
-1.46984996  
0.3974045142  
0.08172537758  
-0.5021290596  
0.4182656242  
-0.4354589813  
-0.6327495003  
0.2463481387  
0.598475449  
0.625574728  
-0.3264441542  
-0.004508733496  
0.5142049414  
0.859836449  
-0.09086969304  
1.376304945  
0.1884228018  
0.392042732  
-0.4363307486  
0.7039932324  
-0.08797860578  
-0.8073790297  
-1.546905363  
-0.4226260785  
-0.4446675127  
0.5959627691  
-0.5405216598  
-0.0116162433  
0.004351491014  
0.2826061282  
