1.370421235  
0.5403245749  
-0.1892189621  
0.8829925588  
0.1498165669  
-0.6692721669  
0.1794899049  
-0.3162950913  
0.169464609  
0.4758615549  
-0.4776920542  
0.2165802664  
0.09504615366  
-0.3932307672  
0.1372480128  
-0.1421143499  
0.6261385351  
-0.4828551024  
0.7624518782  
0.1319929378  
0.9842015555  
-0.6732416881  
0.365526394  
0.2906625967  
0.5384191571  
-0.393644678  
0.4861276984  
-1.148080245  
-0.7043612341  
0.3450564465  
0.4093090129  
-0.5052100806  
-0.6775519884  
0.144396588  
-0.008058394982  
-0.3410356052  
-0.361850818  
0.327438243  
-0.6478256502  
-0.1919946505  
0.1587022698  
-0.1354228842  
0.4126642534  
0.1082315283  
0.8546923066  
-0.3187040718  
-0.05892955659  
0.3521820122  
-0.02631286579  
-0.04711216536  
-0.5305718741  
-0.295988977  
-0.6699563821  
-0.6734285102  
