1.041081934  
-0.8241177316  
0.2471707472  
0.100933072  
-0.9241125084  
-0.09076097285  
-0.3820159585  
-0.5035631636  
-0.05250159342  
-1.661491781  
-1.343582904  
0.7895183397  
-0.4591828948  
1.572487879  
1.045133314  
0.1855010937  
-0.4154534499  
0.5781106368  
-1.036312115  
1.328564913  
-0.7865992606  
-0.7888554861  
1.760910516  
1.694737931  
-0.7408928648  
-0.7730300984  
0.1948125406  
1.312472794  
0.1296945522  
-0.6676483919  
-0.979917218  
-0.3162019708  
1.261177738  
-0.4460907469  
-0.8651927897  
-1.220322319  
-0.1160494067  
-0.5549684159  
0.5870560402  
-0.1258720088  
-0.6771417688  
0.159547788  
0.7818817229  
1.494121302  
0.4920529165  
-0.5606207939  
-0.1736589327  
-0.592001667  
-0.4039488936  
-0.2940555154  
-0.3450482345  
1.029653676  
-0.07497974053  
0.4292154381  
