-0.3568277419  
0.9705454812  
0.4704457967  
0.5725001069  
-0.6584781992  
-0.3701564289  
0.2827487352  
-0.4542082418  
-0.4445866328  
-0.4917239979  
0.4156289408  
-0.383017497  
0.6501746446  
0.009726446496  
0.3545129274  
-0.317088041  
0.6525661483  
0.1612255489  
0.1708238026  
0.7168668789  
0.6099844158  
0.6011321837  
-0.6123981115  
-0.3474978795  
-0.3008417271  
0.2975408661  
-0.1066853765  
-0.6048237963  
0.558246894  
0.9908854638  
-0.1221920616  
-0.2570664923  
0.4403731989  
-0.2411046145  
-0.4311555881  
-0.2020966165  
0.8000602684  
-0.2623020079  
-0.7162017858  
-0.03035014862  
-0.2652557301  
0.6413337762  
0.3502769875  
0.2811365193  
0.03899174363  
0.1615010515  
-0.06078138273  
0.4311876332  
-0.454214858  
-0.5218254587  
0.7645366867  
-0.8150816666  
-0.9316425529  
-2.681747903  
