-0.9351247849  
-1.442539737  
1.28215051  
-1.725181833  
0.595222293  
1.42801064  
-0.5704336855  
-1.098731207  
-2.081151658  
0.5993558774  
0.8644170819  
-0.6654404765  
-2.641098921  
1.440315295  
-0.5341101609  
-0.09266954149  
-0.5051342584  
-0.322369043  
-1.165565557  
-1.119372667  
-0.1001327156  
0.4533532137  
-0.4313258255  
2.103542844  
-1.614015062  
0.4515298305  
1.405601582  
-0.5009765524  
-0.3996721714  
-0.6871521647  
-1.363248896  
-1.088085306  
-0.7435365197  
-1.474464071  
0.6422200676  
-0.7063389657  
-0.2272156871  
1.32787698  
-0.7831500831  
-0.5014865089  
-1.636152712  
-1.630440836  
2.116401999  
-0.600250781  
0.7710141001  
0.7155385473  
-0.2220550908  
-1.059548886  
1.225987853  
-0.07998053235  
-1.418439399  
-0.6288774583  
-2.383967209  
-1.575884685  
