0.7711985222  
0.7264422648  
-0.6305442023  
-1.030332716  
1.12681915  
-0.2562632515  
-0.3862387264  
0.2157186258  
-0.7897538893  
-0.4001548816  
-0.8936264686  
0.2567477273  
0.5893500636  
-0.6871212304  
-0.3014389286  
0.1096649446  
0.361240502  
0.3572647748  
-0.6934975942  
-0.7572641119  
0.2048386007  
0.2811838464  
-0.006922061621  
1.645773653  
0.001302236373  
-0.4530898842  
0.8173113639  
0.4681192287  
-0.4566733562  
-0.06132444218  
-0.1382857938  
-0.3695838906  
-0.1609301517  
0.3013046027  
-0.1390388442  
0.04720673416  
0.2166479335  
0.3689365271  
0.2432741045  
-0.6611927751  
-0.2513813287  
0.1541330239  
-0.5259693993  
-0.4704709311  
0.6567478284  
-0.3537156776  
-0.5106700048  
0.4121514504  
0.6978240237  
0.435129291  
-0.7824123652  
1.297795874  
-0.4047759738  
-0.9611018665  
