-0.3932707931  
-0.4076488986  
-0.2749163346  
0.9460306856  
-0.3053584072  
0.1400872704  
0.002729563157  
0.2933617666  
1.00588549  
0.1784202543  
-0.4712108517  
0.01929790096  
0.1991107241  
0.6497918546  
0.02021333411  
0.942896947  
-0.09871713544  
-0.7038869546  
0.4923618666  
0.7553157355  
0.1307246444  
0.2242008078  
-0.07903419118  
-0.2360846393  
-0.1917262547  
0.1277205044  
0.3529935423  
0.1583643126  
0.5344898535  
-0.5545161442  
0.404923228  
-0.1738313566  
-0.3129341628  
-0.07050792509  
-0.3961087764  
-0.6783977184  
-1.062528609  
0.2155639932  
0.1334526153  
0.2961495645  
-0.1410127859  
0.1741645173  
0.3446531944  
0.4328313733  
-0.06998246594  
-0.6758119715  
-0.1031281014  
-0.3494563099  
1.073018314  
-0.4629140901  
-0.7636320624  
0.2240152159  
1.162455287  
1.138246437  
