-0.08553231847  
0.1039704353  
-2.013024146  
-1.029558446  
-0.370346784  
-0.3819578032  
-0.7780780429  
-1.729898299  
-1.240715957  
-0.8932860276  
-0.7524729193  
-0.3199072425  
-0.6548221621  
0.8396660363  
0.6026894859  
-0.3416757964  
-0.6164682979  
-0.724892425  
-0.5418380595  
-0.7356042983  
0.1843273615  
0.09892100693  
-0.2563055657  
-0.6891197334  
-1.281872684  
0.1549079412  
-0.971302695  
-1.647714944  
-0.7277633996  
-0.5573292907  
-0.3689236669  
0.2507034853  
-1.776313745  
-0.9777347447  
-0.0504525183  
-1.140580577  
-1.186903537  
0.6383009982  
-0.9575429275  
-0.7058646242  
-0.9249883426  
-0.2249628093  
-0.9148627062  
-0.5457845791  
-0.6444636921  
-0.9514304114  
-1.518874691  
-2.062029573  
-1.631787295  
-1.294944907  
-1.566594747  
-0.3272786857  
-1.093201327  
-1.070275836  
