-0.6147925109  
-1.566863684  
-1.334595212  
-1.163873019  
-0.2204275532  
0.8600501905  
0.4457701261  
0.2675431566  
1.189387893  
0.1641675383  
1.479337015  
1.072169003  
0.8379913875  
1.049186971  
0.8977485247  
0.6218111156  
0.6640024724  
-0.6153094578  
0.004542934106  
1.805510196  
-3.163799489  
1.275294414  
-0.4147477719  
-0.6976815567  
-0.3359935889  
1.053755458  
0.1844436616  
-0.8711175307  
0.2106869886  
0.6523892086  
0.2536189868  
1.227336989  
1.21928775  
0.8257211131  
0.9675479654  
0.6185158704  
1.359083186  
-1.180156222  
-0.1390069434  
0.6613478985  
0.4116892679  
-0.9749552783  
0.1572986079  
1.019856198  
-0.4985440356  
1.171688572  
1.17986307  
-0.3568072146  
0.303491045  
-0.9744781869  
0.4640892813  
-0.3170587291  
0.7939578978  
-2.321203547  
