-0.3565867827  
0.7456566427  
-0.1194747557  
0.3369833453  
-1.010595788  
-0.9559005071  
0.4424548292  
1.743830109  
0.2495151197  
1.158396901  
-0.539049027  
-0.1118326759  
0.6258722377  
0.04311697778  
-0.4516245593  
0.1658425793  
-0.1617345447  
0.9481862296  
-1.208988447  
0.5042856666  
0.3371961319  
-0.08460574466  
-0.1716180317  
-1.17352373  
-0.8237047577  
-0.1712360166  
-1.703724946  
-0.8857793323  
-0.009528036164  
-0.5729408374  
-0.1774562866  
0.1916841816  
-1.39849422  
0.3280121621  
-0.5988903484  
0.8335212823  
0.7233357484  
-0.3959618117  
1.45218603  
0.4588083582  
-0.6957147896  
-0.2503418918  
-0.448517323  
-0.1606157176  
-0.4045191042  
-0.4710954603  
-0.1602090101  
1.26278167  
0.7203442533  
0.4179004211  
-0.04148141644  
0.8688375664  
0.6873219586  
1.142912365  
