0.2781368135  
-0.3051843997  
-0.1140290254  
-0.01227911366  
0.1626041202  
-1.652924056  
-0.1512103177  
-0.8205603716  
0.8881978832  
-1.122156775  
-0.2631996843  
-0.2550086668  
1.122556887  
-0.3524141484  
-0.867225179  
0.3621422538  
0.09163949465  
-0.04343954435  
0.9699819029  
0.2595017015  
-1.995204637  
0.4271410806  
0.1605817957  
-0.1067204761  
0.5067939795  
0.1858951059  
-0.687874583  
-0.9095305071  
1.271333531  
0.2110564605  
-0.206568973  
0.7035495313  
-0.6196116807  
-0.5717704186  
0.9023908188  
-0.1556770405  
0.3036338671  
0.3630917623  
-1.549877716  
-0.2370400717  
0.1448520941  
1.396685784  
1.268320633  
0.6063498559  
-0.5251771698  
-0.6361016698  
2.287985174  
-1.526872379  
-1.25958132  
1.080968835  
-0.9673937253  
-0.1832507567  
-0.4819709168  
-0.06773810696  
