0.5164479492  
0.2951464208  
-0.3855770122  
1.223986721  
0.06469793497  
-0.3557109584  
1.319453404  
0.9486309171  
0.8596198581  
0.2438468807  
-0.1146059605  
-0.3546865222  
-0.0149203149  
-0.1175237151  
-0.2151717115  
1.18609026  
0.8883312371  
0.861915842  
-1.053381453  
0.6245342929  
0.01227212457  
-0.8030748471  
-0.3792906375  
0.2847739825  
-1.016210379  
-0.04285608011  
-0.5216434059  
-0.3441844976  
-1.176887389  
-0.2493299749  
-0.5201578691  
1.05104579  
0.6007215734  
-0.07417874773  
-0.219289173  
0.005882885583  
0.4241388465  
-0.4050390939  
0.6313831902  
0.3310404616  
-0.3553146742  
0.2083742573  
-0.6867192394  
0.5382102487  
-0.04887726582  
0.262834951  
0.29291562  
0.9614395911  
0.06190325514  
0.01410873107  
-0.3449390151  
0.3263565837  
0.6960910688  
0.9853472511  
