26.42202488  
-1.732642087  
-4.970873484  
-0.969880973  
-2.542614049  
-10.24817935  
17.49759764  
-8.046410987  
17.74190406  
2.173169936  
-4.829143509  
-26.99354838  
-8.894193386  
-8.51207395  
-2.531341052  
-8.447612918  
-11.2393655  
6.192469647  
14.14435158  
1.806022825  
1.760310308  
-11.41985754  
-0.3444384007  
0.05666473665  
10.39195976  
22.75590648  
-5.324066821  
-4.626414892  
2.19672214  
9.366065473  
-4.820958199  
9.722093667  
-12.29346779  
0.9297353468  
-6.535362896  
15.40299706  
-4.350290553  
24.39393776  
-5.522947038  
16.35395324  
13.31237075  
8.79286532  
12.05635497  
-9.22033959  
-8.289621165  
0.571089296  
1.743790928  
4.376201079  
-1.383426365  
-10.44960116  
0.9001725379  
-38.38043856  
-7.57188653  
-9.804499225  
