-0.5108267651  
0.06370958949  
0.2121250708  
-0.3341761096  
0.6323635244  
-0.2521022064  
1.929077744  
-2.213242713  
-1.609371968  
0.7434251515  
-1.200112038  
0.05150578687  
-0.1889012224  
-0.4773781193  
0.0222611205  
0.6245946229  
0.759581698  
1.746338688  
1.217855927  
1.102448027  
-0.6732379779  
-0.5388655827  
-0.9429168642  
-1.048294753  
1.349753718  
0.2765591209  
-1.575726289  
-1.220574503  
-1.048734814  
-0.0007888807987  
0.4943381365  
0.192486243  
-1.595656711  
0.4557567025  
-0.501803923  
-0.5789840514  
0.9221780058  
1.260527061  
1.393628835  
1.175835601  
-0.2296466709  
-1.904653494  
0.3873836088  
0.03356532714  
0.9704283627  
1.665514279  
-1.674378279  
0.3185493559  
-0.6045272227  
-0.09494396017  
0.2890825983  
-0.01271932047  
-0.6252690443  
1.83907686  
