0.4394896565  
0.9383913817  
-0.815034336  
0.2517543876  
-0.1272040354  
-0.3953882619  
1.064399828  
1.075448196  
0.9341436677  
0.3204979045  
-0.6408294211  
0.6447148715  
-2.552330662  
-0.1100681196  
-0.03987406446  
-0.965870731  
-0.1848279569  
-1.854503723  
-1.158760988  
-0.4382473526  
-1.669234807  
-0.03830764092  
-0.3393328606  
-0.8276715393  
-1.794590528  
-0.6188638297  
0.4155009709  
0.9019982254  
-0.2231039769  
0.06044492695  
1.604486763  
0.3471745476  
1.109458785  
0.7077660197  
2.64827276  
-1.009226453  
0.813618543  
-0.543611949  
0.5948883251  
-1.722177618  
-1.084516955  
0.471507491  
-1.529778144  
-0.9270718729  
-1.381506655  
-0.1208120798  
0.5094958629  
-1.213033897  
0.7421017552  
-1.272831282  
-1.630844302  
0.2571297643  
1.90940364  
0.1559573894  
