0.7401393606  
-0.2792540984  
-1.035250346  
-0.3844218693  
1.801085042  
-1.044563986  
0.09908554826  
0.06467470069  
0.02390625597  
0.4170167967  
0.828724573  
0.5937301793  
0.5641734433  
-0.0549815991  
-0.009284549672  
-0.2623614094  
0.5867313015  
-0.4093746364  
-0.3234237193  
0.3942507815  
-0.3347259216  
0.07698306876  
-0.529338705  
-0.3667751197  
-0.3758489947  
0.7147157316  
0.2920883614  
-0.2391823625  
0.06104687207  
0.6697210237  
-0.1365626951  
0.538195174  
0.7649175965  
0.0866953954  
0.4276904071  
0.1808497658  
0.3334777863  
0.1980014645  
-0.3205092565  
0.0558554572  
0.2036603337  
-0.2312192701  
-0.02204030706  
0.7894069904  
-0.7434532221  
0.6289395127  
0.1575833145  
-0.03647289471  
-0.9013011883  
1.076834027  
-0.2913453292  
-0.7448358877  
0.06522540108  
-0.2470525357  
