0.08690200634  
-0.1843560951  
-0.05004219707  
-0.6005190728  
0.4360315446  
-0.09721038843  
0.584656569  
-0.359671812  
0.2754520879  
-0.2348079536  
0.2197467869  
-0.3465926909  
-0.3377720111  
0.3858229834  
-0.1680383073  
0.05500932213  
0.3045554981  
-0.1162297922  
-0.6964698313  
-0.104405904  
-0.3105563561  
0.360866762  
-0.03709648899  
-0.3233288984  
0.07635244977  
-0.01280096526  
1.704123867  
-0.7793855804  
0.2103278444  
0.8205972309  
0.2833965335  
0.815456248  
0.5331662584  
-0.1287291603  
0.5385521367  
0.2794115733  
0.08569015636  
0.1716532251  
-0.4021875421  
-0.2410907626  
0.5591707812  
0.0759909603  
-0.5386028347  
-0.1120445764  
0.1743047018  
1.345506982  
0.8744602283  
0.2214392907  
-0.5866194459  
0.8826331021  
1.240624032  
0.02581144821  
-0.2111723449  
-0.7257398281  
