0.1940823186  
0.0401459562  
-0.714120715  
-0.7937955155  
0.1367930334  
0.1593344328  
0.7412681672  
-0.1418916895  
0.1639397637  
0.305906816  
0.7910572924  
-0.2755671358  
0.1888027099  
0.1827470077  
-0.8243471618  
0.3311443218  
-0.05546753691  
-0.1572669434  
-0.163083562  
0.0518563164  
-0.7987103968  
0.2745733248  
0.2494391833  
0.4622334489  
-0.02566936854  
0.0875596085  
1.35741475  
-0.1592891654  
0.09403439794  
1.15213604  
0.006906522524  
0.7580947833  
0.4947627093  
-0.5280336333  
0.9273612659  
-0.5064227944  
0.08322408246  
-0.108497216  
0.3847016544  
0.02097659991  
0.2923156404  
0.4271299956  
-0.4782875156  
0.08624500992  
0.05110029333  
0.4136606164  
0.1546155337  
-0.1171369904  
0.168381657  
0.4973736858  
0.6294202746  
0.6944919943  
0.6317816465  
-1.00851078  
