-5.702419815  
-16.98768511  
-36.21029297  
162.3680697  
-190.4239154  
-158.179795  
47.28598445  
14.60991163  
-32.78425085  
-8.868882865  
-59.00208887  
-38.07906589  
-132.5526263  
95.66718912  
90.11481477  
-16.01976752  
129.3980591  
-7.275967359  
38.7315016  
-62.28162067  
16.87289501  
-64.50678566  
63.93663334  
90.62891667  
54.85770939  
244.1451854  
134.3284211  
80.44007237  
127.4107573  
49.82952169  
1.310484785  
-123.7393444  
157.0461162  
129.4988976  
-117.4333059  
-15.42722884  
0.5481546865  
-6.396562217  
-206.7258698  
-78.94954801  
-8.492940617  
7.429018839  
97.84932235  
-153.0932547  
26.42899846  
39.56755861  
139.4971198  
-35.71262  
-133.2086191  
112.9311383  
-29.12689794  
156.4522959  
155.7572631  
232.2871542  
