0.5615392499  
-0.2660266867  
0.849137216  
-0.1220506018  
-0.1042958467  
-0.4967495818  
-0.127797891  
0.1973679383  
-0.1952877966  
-0.3450391786  
1.80573146  
0.2696984503  
0.3903482314  
0.5475933352  
0.6377473001  
0.03528153674  
-0.4235611812  
-0.02990485796  
0.08812038124  
-0.03444600553  
-0.7755788612  
0.6544421237  
0.170293701  
-1.098504829  
0.5165085104  
-0.52923034  
0.112814801  
0.1408328902  
0.143438021  
0.4503657493  
0.01890998578  
-0.5497784506  
1.492888322  
-0.6050581089  
-0.7153670456  
0.6185667204  
-0.7760357238  
-0.08951011226  
0.1537176028  
0.9383578765  
-0.05984680175  
-0.5444575803  
0.195181394  
-0.4217165024  
0.5979454456  
-0.3323423087  
-0.5115415571  
0.456761249  
0.3156902048  
0.9469839717  
0.3112657194  
1.53049864  
0.6075219064  
0.3617744387  
