-0.02881270201  
0.220088786  
-0.4103001424  
-0.5572048775  
-0.1225439389  
0.4117667242  
-0.4616861826  
-0.7835234537  
-0.6797492799  
0.262825108  
0.6524051091  
0.2067977552  
0.7088357679  
-0.1782937488  
-0.08164622044  
0.3561668705  
-0.3054969653  
0.1259432006  
-1.021772497  
0.06858422972  
-0.5923662669  
0.6053672935  
0.2190458426  
0.2061421561  
-0.1444239122  
0.3884720079  
-0.6239740167  
0.442383487  
0.5911280252  
1.259729776  
-0.1809504505  
0.831973709  
0.3935089802  
0.5438484007  
-1.064035521  
-0.8880103129  
0.4145859669  
0.07556245761  
1.117015647  
-0.5149148327  
-0.9955091176  
-0.07633523842  
0.9669822806  
0.111024482  
-0.0916416026  
-0.2386597209  
0.3884941018  
-0.7559117373  
-1.287561828  
0.1866561483  
-0.2338509156  
0.3294929826  
-0.2114826176  
0.08158947304  
