1.206647526  
0.9679800755  
-0.5723868484  
0.3139017575  
0.3013815674  
-0.8675396664  
-0.2418183657  
-0.3518807152  
-0.15777779  
0.2992068115  
-0.07955720874  
-0.5530780248  
-0.2913036187  
-0.3996452803  
0.3512398635  
0.4441121144  
0.2340202792  
-0.1377372741  
-0.8119236586  
-0.28601645  
-0.0417954676  
0.8646813456  
-0.429009646  
0.02451531188  
-0.1689646248  
0.0178445817  
1.201539163  
-0.6906383472  
0.9973058623  
0.5746649679  
0.5578538806  
0.007943305791  
1.149698013  
0.1586495679  
0.9623501265  
0.3543561051  
-0.006471721554  
0.3282715606  
0.926504238  
-1.383682413  
0.06397077896  
-1.049479584  
-0.3512389484  
0.2058338247  
0.7848139027  
0.068407642  
0.144298027  
-0.06835667262  
-0.3688394935  
0.8349331725  
-0.04511106111  
1.565634493  
0.2589939006  
0.4578673534  
