-1.079719904  
-0.3624107084  
2.432816923  
-2.418839513  
-0.1083395009  
2.0702911  
-0.49576647  
0.7657723722  
-1.010803941  
-0.1603020711  
-0.2585446002  
-0.9391490915  
-3.739713327  
-0.02714102882  
1.106660675  
-0.2039890479  
-1.446445917  
-0.1344255035  
-2.219071117  
0.8796818098  
-0.7205660512  
0.1416072077  
0.6281694282  
2.507519367  
-0.9536526582  
-0.4927056044  
1.587725762  
1.212481044  
-0.3576740434  
-1.120276535  
0.3705737087  
-0.02893253524  
-0.1638378007  
-0.711160326  
0.4513862206  
-3.240990336  
0.7566553345  
-0.4791800582  
-0.1052552515  
-0.9094144743  
-1.166362071  
-4.299739161  
-0.7423468337  
-0.1259423601  
0.3157344902  
0.3606761494  
-1.501609928  
-0.3507053972  
0.1715282325  
0.8380684785  
-1.002767846  
-0.2870058297  
-0.5219717344  
-1.349532148  
