0.796184583  
0.301793192  
-0.6132566823  
1.036500312  
-0.110990692  
-0.8393289197  
0.3178127159  
0.311365554  
0.5119342189  
0.6687474131  
-0.1320797103  
0.6034693861  
0.3231956467  
-0.01759827733  
0.8147397721  
0.4575849812  
0.1586096561  
0.05977441901  
-0.05465686378  
0.1108129335  
0.6713894076  
-0.02418022314  
-0.1358997655  
-0.331152688  
-0.5927791253  
-0.09387575504  
1.042054422  
0.724043804  
0.04038373917  
-0.3211511275  
0.9689753785  
-0.1068148749  
-0.162575945  
-0.2301483633  
-0.4735189711  
0.1576579667  
-0.1636710207  
-0.5861560021  
-0.9883670802  
0.09264936924  
-0.3256390868  
0.5866763661  
0.2676782179  
0.4128051121  
-0.9712380622  
0.4177783806  
-0.3415693334  
0.3948014723  
0.450200947  
0.4872662849  
-0.9983717885  
-0.1123294933  
0.5197382165  
0.8584352229  
