0.3827942796  
-0.1250153675  
0.3172274165  
0.2234494841  
0.1802911462  
-0.26079353  
-0.1233262323  
0.331157122  
0.3069611823  
0.04586641457  
0.0001309692563  
-0.407214089  
0.01108159032  
0.2587036478  
0.2707406469  
-0.3789307592  
-0.8375766306  
0.2275320268  
0.1789525492  
-0.8037700293  
-0.4114086387  
-0.7572988366  
-0.5572681527  
-0.05886378248  
-0.01292252006  
-1.818689572  
1.152658531  
0.2771312867  
-0.3437097191  
-0.8904927594  
0.02164866659  
-1.11987382  
0.02271264795  
0.4873544214  
0.870051044  
1.010717769  
1.022254003  
-0.5348949769  
-0.4529653463  
-0.01495367479  
0.154280656  
-0.5661551905  
0.07885734114  
-0.3640449366  
-0.5246718743  
0.2037354409  
-0.1521254853  
-0.4961273068  
0.1204516063  
1.122116621  
0.6788045848  
-1.281776843  
0.4476243885  
-1.712065086  
