0.162608811  
0.1585429355  
0.03196000036  
-0.3610822001  
0.02818966883  
-0.09368331272  
-0.13035417  
-0.3058586402  
-0.1837294881  
-0.3648654383  
0.05048604066  
-0.06381988163  
-0.3564835942  
0.1358886193  
-0.0003597307592  
-0.009264894904  
-0.1464947639  
-0.08959405425  
-0.01793728275  
0.2516492473  
0.008736170184  
-0.2149055183  
-0.06296598929  
-0.1147176437  
-0.3677245307  
0.1369024759  
0.07336238449  
0.05377839897  
-0.1455869717  
-0.2143449763  
-0.2478250777  
-0.1581803955  
-0.08602128207  
0.1880915532  
0.1305848754  
0.1057759065  
-0.1196734242  
0.01466388363  
0.1966390913  
-0.1065713062  
-0.02205167919  
0.122765114  
-0.009865745275  
-0.07993924578  
-0.1359383504  
-0.183349862  
-0.02571859586  
0.0643683329  
-0.0008954590616  
0.2683294037  
-0.04552556297  
-0.06450503108  
0.04469532775  
0.4280424241  
