-0.5322904495  
-1.454541424  
-0.2447600822  
-0.8087782189  
0.1706462224  
1.12117486  
-0.5526987636  
-0.4196804435  
-0.562474912  
0.2910981999  
-0.9353753162  
0.6793768793  
0.9911722067  
-0.03974599243  
-0.4985425014  
-1.61044102  
0.877779849  
0.169039404  
1.099336974  
0.7813713371  
0.02346154025  
-1.38860879  
-0.183279098  
0.9415297113  
-0.01809092272  
-0.9188383722  
-1.930169639  
0.3129552284  
0.5252999266  
-1.066155924  
1.020147939  
-0.9321212849  
-0.5587771635  
1.502211261  
1.233633702  
-0.6744952726  
-0.5871853735  
0.1826935838  
-0.8948336138  
-0.1142943384  
-0.378549469  
-0.9087219074  
-0.5611053327  
0.639780425  
0.009742649511  
-0.062904565  
-0.06736659364  
0.5483511656  
-0.1560395816  
-0.3859559442  
-0.2737565806  
-0.8615528715  
0.8590710351  
-1.893194404  
