0.7538110803  
-0.2630439331  
-0.2656672706  
0.5850455695  
0.6963620807  
-0.4350871361  
-0.02924951338  
-0.3275735355  
-0.05960748654  
0.6652413309  
-0.1341319258  
0.2232786962  
0.9401465342  
0.1268537654  
0.4567201149  
0.1385220169  
-0.1968320651  
0.1273138675  
0.6641849877  
0.9598455044  
-0.08033570471  
0.06310476732  
-0.8524540202  
-0.6211360008  
-0.4430455898  
0.6828673097  
0.1974548728  
-0.4135570161  
-0.5973284977  
-0.265211688  
-0.4109242022  
0.3382945447  
-0.5123719364  
0.04556807046  
1.356227294  
0.4365832846  
0.3794621361  
0.3645028475  
-0.3647209614  
0.3992238797  
0.03673607022  
-0.888793383  
-0.006367303426  
0.9752818764  
-0.4248474059  
-0.0112022004  
0.02550737871  
-0.1470156697  
-0.7822785595  
0.9766336517  
-0.3942620995  
-0.110485858  
-0.7515183838  
-0.5817550208  
