-0.8470283347  
-1.741666358  
-0.6169904551  
0.541264661  
-1.396108009  
-1.00175129  
-1.32747593  
0.1862915633  
0.3061722358  
0.636692701  
-2.297442722  
1.168081767  
-0.2096205989  
1.272738915  
0.7845998846  
-0.3478713173  
0.0960416284  
-0.6377016004  
-1.79344772  
-0.1601171113  
0.8616200584  
0.1013749026  
0.4663355469  
-1.818126385  
-0.4428245127  
0.9420031333  
0.3272512775  
-0.002065941691  
-0.6122519162  
0.6181684583  
-0.2033312326  
-1.208718071  
1.879537074  
-0.7416304624  
-0.9211270601  
-0.6606733557  
-0.5918307247  
-0.814063351  
0.04936033049  
-0.9068470731  
0.5391964871  
-0.9768777411  
0.7436258605  
1.512519714  
0.8894844714  
0.2198494934  
-0.9283866671  
-1.190897335  
-0.7095779426  
0.2719729221  
1.210780229  
-1.990635282  
-0.7272743869  
1.069490367  
