10.01197019  
7.686816564  
-0.3421849832  
5.067791502  
-7.574610701  
-10.02957536  
-3.066152723  
-5.13029764  
2.422822599  
-15.59001287  
-9.491755058  
5.802374274  
3.245467768  
6.91418652  
-8.802070785  
6.682965008  
3.674572871  
0.5054811224  
2.808769967  
-4.838710582  
-7.141839647  
-5.386128928  
-2.403621669  
13.93475144  
-5.68546782  
-0.7154728868  
-16.6114103  
-22.22703301  
-3.798166568  
3.643561843  
-4.001542843  
1.689514773  
1.929136934  
-3.273713157  
2.084191078  
-4.86284676  
1.882603255  
1.019738456  
3.032743339  
5.833796681  
-4.612394542  
-8.301040373  
13.93389445  
2.51304129  
-6.049701201  
-17.38717513  
2.863787523  
0.2019924525  
-5.46849942  
-8.136567797  
-6.521633044  
-2.025519689  
-6.275185161  
8.843190442  
