-0.2855228395  
-1.017292908  
0.5052228084  
-1.357598171  
-1.151531349  
0.4669115547  
-0.1176914475  
-0.7261571171  
-0.2914441676  
0.7267415265  
0.6064902334  
0.5737146034  
1.254531044  
1.362854956  
1.026379765  
1.129778955  
-0.5302143993  
-0.03599437526  
-1.358815148  
1.449168106  
-0.8563163174  
1.236746023  
2.760345037  
2.056819431  
-0.9313681866  
-0.6103023363  
1.784565425  
0.7522735576  
-1.242818497  
1.286151542  
-1.110480773  
-0.1637331094  
0.7708302446  
1.253694508  
1.721804908  
0.1323711877  
-1.039157392  
0.3820769848  
1.303761398  
0.4587302074  
2.786049079  
-0.07811036983  
-1.905561195  
1.047168375  
0.07754806138  
-0.1894536248  
-1.516907866  
2.6824113  
1.387948434  
0.9306331759  
-0.1482513123  
-0.266044124  
1.303713872  
1.112710745  
