-0.9305267163  
-0.58314006  
0.2932609244  
0.4014291254  
2.144939954  
-0.2462053588  
0.5098637961  
0.1091235543  
0.02723805468  
0.2603100217  
-0.3646701151  
0.7871657214  
0.7848500135  
-0.08548738374  
-1.10983857  
0.5534198816  
-0.2838287897  
0.2777665817  
0.2903081376  
-1.399716678  
0.8036305096  
0.4333211243  
-0.7428946064  
-0.07803118077  
-0.5220915431  
1.744204449  
0.2289461195  
-0.01326911524  
0.08289713795  
0.5216811838  
-0.5667193038  
0.01938742249  
-0.0816367201  
-0.08955108742  
-0.5728234147  
-0.5126197797  
0.3187750707  
-0.1666664027  
1.005679757  
0.4062525359  
-0.1315098766  
0.7613742433  
-0.5030078396  
0.1140389583  
0.2178091731  
1.775367065  
-1.115209256  
0.986510954  
-0.4701964746  
-0.1349472165  
0.4830947498  
1.090021192  
0.5533840084  
-0.2999589747  
