0.921558531  
0.6831888536  
0.2476959597  
-0.8948677362  
0.2348382197  
1.978540745  
0.6605850363  
-0.330224836  
0.1635054781  
0.03165820903  
0.605300869  
-0.2346883764  
0.3286469933  
0.05101081936  
-1.259074214  
0.3386727439  
-0.8117951687  
0.4947480108  
0.2010740244  
0.8644805538  
-0.8008323497  
1.098828973  
-0.04798761207  
-0.8014345484  
-0.1030319888  
-1.224295989  
2.256402042  
-0.6134220758  
0.8499287135  
0.7318959567  
0.9893870047  
0.4966869983  
-0.1369863571  
0.6679285913  
-0.7750248314  
0.4238235771  
-0.5149229914  
0.6895599647  
1.208365973  
2.385182766  
0.9422008019  
0.006711317847  
0.8851184841  
-0.6119465348  
-1.526188706  
0.3747221505  
-0.3574441452  
-0.2631843658  
0.6573555306  
0.8229385205  
0.1544534663  
0.07365477458  
0.6540490646  
0.005369145009  
