-1.166569262  
0.2367787466  
0.4060913317  
0.4500124282  
-1.396108009  
0.3252378868  
-1.798589829  
0.9184930783  
0.1509656072  
0.2203961194  
-2.496192135  
0.9022234851  
0.07571162989  
0.2511375567  
1.090847952  
-0.7845624446  
-0.09275728088  
-0.464609128  
-1.459928119  
-1.035385858  
-0.1616105864  
-0.5457585046  
-0.1870922615  
-1.414528616  
0.5235308468  
0.3628301962  
0.2465265295  
-0.01120456543  
0.3303183165  
-0.06624302641  
-0.08743073154  
-0.7323010466  
0.5141600021  
-1.160661648  
-2.995384342  
-0.4844554267  
-0.6598473738  
-0.3719993509  
-0.6254234608  
0.8515475506  
1.239659613  
-0.6081028589  
0.5952808714  
1.908100862  
0.5793848251  
-0.3575378421  
-0.9283866671  
-1.863718488  
-1.309758873  
0.3073602264  
1.703405196  
-1.462197316  
0.03155571771  
1.069490367  
