0.2422552572  
0.01118663033  
-0.05206463468  
-0.01913633339  
0.4934671525  
0.02028037887  
-0.4015158325  
-0.3911786073  
-0.6231193608  
0.7766941128  
-0.1185616199  
0.550693089  
-0.4782496944  
-0.1425721354  
0.294856476  
-0.4056987011  
0.1875346612  
0.1038932165  
-0.3173704894  
-0.07284963537  
0.1330281011  
-0.6227920602  
-0.09534001452  
0.3209960731  
0.5485127423  
-0.05541262154  
-0.1658513284  
-1.358622978  
-0.3241338896  
-0.02284712394  
0.4242356354  
0.4919496994  
-0.2263276817  
0.3467176341  
-0.5654830783  
-0.4061193083  
-0.3364337443  
0.2421610565  
-0.4618991027  
-0.1448503743  
0.2818317438  
-0.7002367672  
0.06454734402  
0.6085750474  
1.106361916  
-1.030596404  
-0.4298578358  
-0.2796833165  
-0.08564946331  
-0.05650646295  
-1.241806951  
-0.4839184653  
-0.5583842832  
0.5584702499  
