0.009104675668  
-0.8391615731  
1.88764708  
-0.8449147751  
1.250540502  
0.700006254  
-0.9596759375  
1.430011551  
0.2689422765  
-1.038094927  
-1.252356927  
-0.5789703604  
-0.9126612244  
1.859635324  
1.169779991  
0.1798106739  
-0.4385942111  
0.9023204369  
-1.497302508  
-0.2008119738  
1.23734544  
-0.5367895487  
-1.275407143  
-0.1815239189  
-0.7888585445  
0.4914823693  
0.209326996  
1.302720305  
-1.01881963  
0.4758334162  
0.6555892279  
-0.8332825321  
0.9971638646  
0.3637801238  
-0.402798141  
0.5858551358  
-0.957055325  
-0.7963321901  
1.364423771  
1.351600918  
-0.6224298622  
1.303800326  
-1.973183064  
-0.1719731818  
-0.1181392819  
-0.2645575352  
-0.6978591284  
-0.6597661543  
-0.06533910772  
-0.3080500107  
1.281736884  
-0.4813639671  
-0.09494520916  
0.7787542781  
