0.8994979209  
0.09218213967  
-0.05904185392  
-1.698165342  
-0.2478984712  
-0.8239455606  
0.04752686899  
-0.3158957996  
-0.1743417143  
0.1485952605  
-0.6041287511  
0.186873409  
-0.2078817546  
-0.7261544891  
0.1258393875  
-0.1824777455  
0.5627257894  
0.4451224229  
-0.8587928659  
0.9847449381  
-0.5929573742  
-1.198007559  
0.627319005  
0.259482603  
-0.1550965483  
-0.3240713083  
0.3056567002  
0.118144624  
-0.06978985672  
-0.5653866732  
0.3274086127  
0.3383939246  
-0.6348173503  
0.1417955845  
-0.4410431569  
-0.5317099963  
0.7716252106  
-0.01941638836  
0.9916640556  
0.585276317  
-0.08452259577  
0.5466422876  
-0.8854319036  
1.192723584  
0.7347802181  
-0.2992648264  
0.8565362377  
0.6273173008  
0.5723350219  
-0.6913443953  
-0.5941907658  
0.3571983087  
0.2451060776  
0.342969431  
