1.429621569  
-8.234041253  
-1.18220343  
3.884627964  
-4.302228793  
1.981957546  
-6.779613249  
-1.636988046  
-6.285212363  
-1.526988879  
-4.488637692  
8.642886274  
0.808914925  
-0.7814549894  
4.890852121  
4.244507506  
0.3496945232  
-4.435646651  
-5.015218558  
4.40159404  
-4.512525502  
-2.648903503  
-2.143162479  
4.24827755  
4.830221999  
-4.042244363  
7.746014236  
-10.72953179  
4.410160484  
2.562640666  
16.56783181  
5.166897104  
0.1616086137  
-1.0995505  
1.285461126  
2.932953401  
-1.583492712  
-4.830065909  
-4.835704428  
-8.336064233  
5.625103725  
-1.312975737  
0.6347053528  
1.1748309  
-8.559537416  
-2.342995144  
2.74523831  
-3.74708479  
10.66665227  
-1.160915573  
1.5867961  
5.247476082  
2.575843934  
-5.616067327  
