0.269519173  
0.9706751683  
0.09228150082  
-2.041692865  
-0.5807208156  
-0.9562944276  
-0.7571498823  
-0.2930016927  
-0.3369182785  
-2.072034676  
-1.300804832  
1.003105306  
-0.8768230904  
1.327978292  
1.216745425  
-1.140249794  
-0.6351925372  
0.6364489484  
-0.7252932616  
0.7046097692  
0.820045429  
-0.1493761939  
1.45629717  
1.568864173  
-0.7207835109  
-1.305353159  
-0.5728327747  
0.824261435  
-0.1192386473  
-0.7816959347  
0.1127241091  
-1.130466944  
-0.1134537565  
0.6803410657  
1.068364772  
-0.6024379866  
0.7591436373  
-0.77425418  
0.3559637799  
-1.637666351  
-0.3048747018  
1.195292201  
0.5173961913  
0.1081494662  
-0.003460177128  
-0.03081208298  
0.1495502667  
0.7253657417  
1.201889692  
-1.35029124  
-1.261098542  
0.7975101194  
-0.4749789857  
0.4912389111  
