0.3349816059  
-0.6978306115  
-0.770083053  
-0.6204467181  
-1.409823004  
-1.032357311  
-1.039954733  
-1.331241597  
-0.05760878488  
-0.5929192789  
-1.373684466  
-0.493387234  
-0.2204188871  
0.6652292108  
0.1522074718  
-0.3421972697  
-1.06867402  
-1.102154608  
-0.2743731869  
-1.11594479  
0.2530431377  
-0.644673912  
0.4297985765  
-0.2871850048  
-0.9371033486  
-0.2015769173  
-1.01504385  
-1.632750473  
-0.5805463025  
-1.068604289  
-1.563755512  
-0.6076451154  
-1.064017291  
-0.7121644994  
-0.2137550894  
-0.6965589154  
-1.108291438  
0.33839998  
-0.528150202  
-0.6572499149  
-0.8621700922  
-0.6220797017  
-0.6728922607  
-0.1279282521  
-0.5765243074  
-0.2119169248  
-1.462560984  
-0.6492611101  
0.3275237442  
-1.116331534  
-0.6544791104  
-0.5572851619  
-1.357025931  
-0.02222752975  
