0.5908559785  
1.970955296  
-0.5041997787  
-0.4011047511  
0.4256621479  
-0.3826630265  
0.5411137284  
0.5027154116  
0.5139179763  
0.8806879449  
-0.2145494351  
-0.3559618076  
0.926132065  
-0.1935544604  
-0.2789519252  
-0.01516191762  
-1.792403518  
-0.008903178649  
0.8475697584  
1.097580402  
2.133609676  
0.2235288928  
-0.127865398  
0.6287897928  
0.4831964979  
-0.04427371102  
1.599837042  
0.5308082196  
-0.2947117718  
-0.3373321404  
0.2973273657  
-0.1648600822  
0.4349893502  
-0.5367179608  
-0.6454935993  
-0.8814459842  
1.614823533  
1.305563428  
-0.5514249371  
0.7594972502  
1.40907989  
1.260900332  
1.573934951  
-1.014149201  
0.3389108313  
0.3860649674  
0.3684209947  
1.086187454  
-1.75415708  
-1.392364676  
1.438209049  
0.1217831329  
-0.9652311561  
-1.570713479  
