0.8269470324  
-1.004035379  
-0.4774016706  
-0.4734245954  
-1.46454432  
-0.6373181784  
-1.669103022  
-2.21690551  
0.07025932993  
-1.701473072  
-0.5536574036  
0.2385780499  
-0.001966975262  
-0.02018984075  
0.444133486  
-0.3204598356  
-0.5323131378  
-0.3311366368  
-0.2927224884  
-0.5144250203  
-0.4106172362  
-0.8609067991  
0.7692086902  
0.2755857716  
-0.6647954219  
-0.8330138425  
-0.8081818221  
-1.923146156  
-0.7172829857  
0.684067573  
-1.564983946  
0.01761549291  
0.08959719719  
-0.5996449941  
-0.3748370626  
-2.490556755  
-0.2981136494  
-0.2466586357  
-0.3034317519  
-2.044977065  
-1.415505562  
-1.318101811  
-1.355450632  
0.6558474192  
-0.2060362357  
-0.717479238  
-1.040181767  
-0.6720143411  
-0.6678040734  
-0.2834123084  
-1.746499672  
0.8318068308  
-0.424930517  
0.1943773507  
