0.1620133869  
-0.4620679115  
0.6664589031  
0.434214918  
0.6565822729  
0.1067501976  
0.6263264408  
0.2121076065  
0.08382192246  
-0.2204253975  
-0.6802847841  
-0.9850294888  
-0.5056646142  
0.6880759939  
-0.01494960581  
-0.4631177644  
-0.0596663185  
0.3789406313  
0.4974864905  
-0.2599936355  
0.1922277085  
0.04780351224  
0.2548657367  
-0.3605511781  
0.2033407871  
0.7102981837  
0.8672975969  
-0.4446272276  
-0.5104359832  
-0.2397266208  
0.2082478749  
-0.3607388704  
0.5332929332  
-0.1279332923  
-0.2353111936  
0.8886907985  
0.3788598774  
0.5060819109  
0.7887243257  
0.2171801065  
-0.6823457744  
1.140514621  
0.8130696033  
-0.6833214127  
0.0992519888  
0.121928076  
0.08951647247  
-0.9515780777  
0.7231061842  
-0.7146019057  
0.07156208364  
0.8811939338  
0.5212030971  
-0.1595929025  
