32.74918595  
41.18907018  
-0.3721152566  
-24.77225879  
-30.18034658  
-43.05501178  
-35.22817046  
-27.3848505  
-3.257781332  
-64.51208247  
-60.83516274  
20.72338202  
3.771870527  
38.31911086  
65.04519926  
-39.53775745  
-16.04171599  
7.14927187  
-22.80189793  
-16.38143486  
26.86340127  
-49.35788007  
11.28236887  
36.62413824  
-34.93250534  
-19.75454893  
2.445636295  
28.19734797  
0.1362791406  
-21.30338391  
-12.35354031  
-8.90973373  
23.305681  
6.697035908  
35.31189785  
-27.6612346  
21.38131587  
-5.214566894  
46.40372488  
-67.85000974  
-22.7549195  
26.46799816  
14.30540923  
19.86773378  
-0.4311384904  
-10.42312264  
10.2288685  
48.88724446  
89.71155013  
-61.51469909  
-50.59366317  
35.92641374  
6.189030448  
34.38945704  
