79.92466159  
33.20106121  
-74.01584475  
-15.06069103  
-48.95591432  
1.920166229  
-40.27003375  
-70.64669107  
-127.726956  
-10.92879708  
-97.65680715  
-32.49748227  
-71.21196669  
12.30819636  
26.95787725  
-69.21612785  
-45.2382158  
-40.41575392  
-45.39334598  
-105.1072786  
-10.14326006  
-3.140014642  
-47.32234285  
-49.53404237  
-86.65926702  
-33.32948291  
-45.74450784  
-35.95292337  
-99.10112301  
-21.28507404  
-59.24358318  
5.956491608  
-26.53411556  
-26.63229242  
57.75413474  
-18.70378912  
-164.7319123  
54.64896589  
-60.40499934  
-41.03450796  
-12.99338616  
-118.6708607  
-117.180922  
30.14945103  
-8.031772733  
-45.77510728  
-93.27149279  
-42.41258609  
-206.0136297  
-127.1049385  
-69.22631385  
-4.715965924  
27.91250144  
108.951045  
