-0.2385822286  
-0.1342297609  
-0.2247568319  
0.2630658098  
1.076379062  
0.2205662899  
-0.2602448683  
0.06039229064  
0.7422457645  
0.09429931129  
-0.1596495525  
-0.06018491944  
-0.8028146283  
0.1180280269  
0.7969541136  
0.5374431266  
0.7396002119  
-0.3471455744  
0.138366686  
-0.2002673013  
0.1645347715  
0.3756528331  
-0.007328952135  
-0.5563982375  
0.4264495173  
0.1257688304  
-0.1768116294  
0.5469758382  
-0.2379223812  
0.5089672845  
0.2146577645  
0.7256395717  
0.0448796615  
0.30954769  
0.06485671396  
-0.03608073203  
-0.9147096008  
0.3544231356  
0.3660882786  
0.2725917011  
-0.4092644632  
0.206221709  
-0.4909747174  
0.5700355474  
-0.06844972193  
0.2473302587  
0.3226108537  
-0.4966490682  
-0.1240614117  
-0.2913593549  
-0.1574886565  
0.03820861878  
0.1438367133  
0.2313130895  
