0.2163723982  
0.5159817777  
0.4243577706  
1.438172035  
0.04262061406  
0.5995559617  
0.349135704  
0.005048498578  
-0.1621620947  
0.3937759723  
-1.19119352  
0.217013355  
-0.4253246498  
0.09149940227  
0.08056789235  
0.5014092394  
0.6302266012  
0.04426690083  
-0.9605494867  
-0.4604216943  
-0.1580070207  
-0.4181435306  
0.1002399987  
-0.05380205436  
-0.5461406926  
-0.6203589041  
-0.246216838  
-0.4021256219  
0.4355290538  
-0.1338454995  
0.09642824481  
-0.5684005373  
0.4597594421  
-0.0871338579  
0.1790957799  
0.4852465055  
-0.2679169519  
0.7419498855  
1.040319096  
-0.02128604969  
0.1817554591  
0.2834107169  
-0.4900839724  
-0.1475851318  
-0.1492986353  
-0.09379848903  
-0.6177811926  
-0.268802373  
-0.9557329898  
-0.6251696698  
0.7343197192  
-0.1128787765  
-0.08145389644  
0.2403810993  
