8.239586789  
-2.524265881  
1.947235843  
-2.047433061  
0.6443781705  
-5.095464278  
1.332059212  
6.06222336  
2.945997657  
0.7819423505  
0.6024058924  
0.8975479787  
1.858528284  
3.051406214  
-4.468226939  
-3.722093656  
3.945893133  
2.686888582  
-2.423335218  
-3.326016985  
-4.926393102  
-5.174102034  
0.2134663815  
3.053436273  
2.595044449  
-6.493802815  
-12.62151025  
-11.52389924  
0.9252691432  
3.248001704  
-5.929363733  
2.708010834  
2.274967054  
-2.552163622  
-2.118205269  
2.075319715  
3.069978257  
4.062090547  
3.108492555  
-1.878298587  
-0.8318928591  
-0.4115465452  
7.430225962  
-4.403172947  
-14.63555011  
2.58757431  
-0.2326736203  
-2.069954155  
1.226221158  
-12.81150344  
1.203235931  
-3.754263847  
2.263117019  
10.68145388  
