-1.048856716  
-0.5110769764  
-0.5591321144  
0.2465585807  
0.1660055531  
0.1820770121  
0.5418390547  
-0.5155704657  
0.2947212132  
-0.5879986105  
-0.2552670729  
0.1461913116  
1.423704964  
0.5488384765  
1.086255318  
0.2161236988  
0.7099442258  
0.4048620251  
0.5881373403  
0.5056402692  
-0.264092317  
0.2119454452  
-0.9115753662  
-0.5037761836  
-1.231603469  
-0.08107595899  
-0.7378142935  
0.08481039981  
0.0415104582  
1.076986344  
0.8327554098  
0.2646494316  
-1.39563515  
-0.1625526637  
0.4978495759  
-0.5511420674  
0.09532111524  
0.9065936152  
-0.753791065  
0.7112809021  
0.002366314499  
-0.6567248479  
0.4150212853  
1.211261664  
0.7972864467  
-1.551514869  
-0.5277649998  
-0.7336562678  
0.7986332498  
0.2705357336  
-1.115188643  
0.1050451279  
-1.108997765  
0.9548029355  
