-8.726347486  
-17.81946082  
-3.016056203  
-10.13924599  
-29.14233035  
-1.690400855  
7.37868927  
-19.12011424  
37.37339846  
45.82552649  
25.49771445  
26.48245376  
74.55279658  
26.76406392  
15.41806765  
35.57536509  
5.714425759  
4.030490521  
48.94922286  
39.79462014  
-5.074557749  
-6.621211529  
29.82723471  
17.78118266  
-4.934717467  
-20.84270963  
18.39219932  
37.66604139  
3.517611235  
71.33888804  
39.24771763  
4.72664632  
1.476053955  
37.73011535  
4.841138429  
4.897319251  
19.00997337  
38.78984254  
51.98287457  
66.2550848  
23.77231898  
3.78325457  
29.58611977  
26.15982475  
9.409033209  
19.67265115  
-20.79249216  
38.43053012  
68.97157705  
61.36797931  
6.67699099  
44.54028083  
12.2778486  
5.674265667  
