1.278289047  
0.5116261762  
-0.09525061292  
-0.3498800615  
-0.831208152  
2.088723051  
-0.5634152755  
0.4874149049  
0.9184506736  
-0.4723781338  
-1.179104833  
-0.5403207382  
-0.3171366546  
0.3251203296  
-0.6023199091  
-0.4959811019  
-0.5815506535  
1.025444632  
0.7443572819  
0.2517158615  
-0.5137910004  
-0.7504469946  
1.229116231  
-0.2240930247  
1.830674931  
-0.6865279406  
0.6589368824  
1.351711121  
1.857864986  
1.235020014  
0.8659973245  
0.6711015577  
-0.008035884971  
-0.7316707324  
0.8121121721  
1.196593554  
0.8993417027  
2.175054006  
-0.2358466783  
-1.053473813  
-0.4534313551  
-0.4816025936  
-0.1587500669  
-0.30755025  
-0.6064036102  
-0.0361864696  
-0.1605891119  
1.150748659  
-1.171054143  
-0.3818294554  
0.2353593523  
-0.4693972283  
0.5743598818  
-0.8194336145  
