0.5455899185  
-0.2727430558  
-0.7895119063  
1.600975821  
0.5072833306  
-1.739249615  
0.03121810705  
-0.316455448  
0.3200091191  
0.5062905784  
-0.365157556  
1.883441666  
-0.2940616675  
-1.537220687  
-0.6125952441  
0.3586513322  
0.2842414863  
0.6650289036  
-0.3889879747  
1.325373986  
0.3412355289  
-0.8911631319  
-0.2801604757  
-0.05416620008  
-1.027683865  
-0.3329400127  
-0.2169854732  
0.1233352826  
-0.1487175233  
-0.8243013343  
0.3175010787  
-0.04358492821  
-0.1054735826  
-0.2363525253  
-1.494166738  
-1.46788894  
-0.6066457769  
-0.877120948  
-0.3958819694  
-0.2673055309  
0.5580905593  
-0.1464844058  
-0.199379848  
1.051456602  
0.2771652779  
0.5361351126  
-1.48365537  
-0.5123074281  
1.240656967  
0.152535267  
-1.236558007  
0.399721919  
0.3506171872  
0.5718791331  
