-0.8098729938  
0.5555700431  
0.4089297903  
0.240597078  
-0.4829601659  
-0.1500782923  
-0.05929708322  
-0.2162444437  
0.0961423992  
0.5733480622  
0.01850512472  
0.4456595238  
0.791791595  
-0.390206031  
-0.5259116081  
-0.4537763432  
-0.3818807085  
-0.08039998788  
-0.2873205925  
-0.1696737073  
0.1462557559  
0.1111279826  
-0.06156685237  
-0.6081258691  
-0.7808952776  
0.2389558455  
-0.1842829408  
-0.1382455799  
0.2593629706  
0.7774598457  
-0.5243144746  
0.6830870736  
-0.2096051463  
-0.5224315292  
-0.9110081944  
-0.2341629116  
0.5289444183  
0.4102838698  
-0.4657917398  
0.2414937485  
0.6322904179  
-0.559131698  
-0.3652535265  
-0.315872526  
0.4527368063  
-0.1096239788  
-0.5825453554  
-1.422981654  
-0.138901199  
-1.070824374  
0.9615745246  
0.076668097  
0.2379238544  
1.009432085  
