-0.5242607804  
-0.001062472954  
-0.8232873446  
-0.2892828356  
0.5939601286  
-0.3170010101  
0.1759645867  
1.316639628  
-0.6083328251  
0.1206896609  
-1.601747976  
-2.742746374  
0.6252889922  
-0.6844848359  
-1.890825285  
0.3592305109  
0.6191597949  
0.04352288956  
0.7323527095  
-1.613734338  
1.132693393  
-1.185469369  
-1.078634225  
-0.2290301445  
-0.2131193233  
-0.7605375626  
-0.1793731354  
-0.7811643946  
1.658390259  
-0.5370020893  
0.1207787544  
-0.1260548322  
0.07506484341  
-0.3619247438  
1.526222013  
0.5951296982  
1.001362436  
-0.3273176067  
-0.6031116471  
1.721910237  
0.661413042  
-0.4907940004  
-1.0434093  
-0.9042443186  
0.3528427773  
0.5805031342  
-0.2100555233  
0.5402339232  
1.373857295  
0.9068932757  
0.5618892557  
0.6488226435  
-0.3083651814  
0.6141705636  
