0.5675008801  
0.02180439135  
0.1006707625  
-0.5510983951  
-0.9241125084  
-0.4625244303  
-1.190434878  
-0.2593366657  
0.1658794144  
-1.667390804  
-1.219104359  
0.5669505712  
-1.242355659  
1.454769524  
2.190786193  
0.4973780792  
-0.2110596667  
0.6042579222  
0.2828780245  
1.723449282  
-0.1855392282  
-0.421537596  
1.761524503  
2.177752783  
-0.6156418804  
-1.056626801  
-0.3314473509  
0.8784175673  
-0.01681676154  
-0.8617428194  
-0.4060877361  
-1.525638162  
-0.03631527878  
-0.5701439146  
-0.3356600125  
-0.9807763661  
-0.08620989598  
-0.2276342637  
0.174206662  
-1.198653749  
0.01997865316  
0.7964929994  
0.8000067424  
0.8281020113  
0.7327973748  
-0.2499361515  
-0.1736589327  
-0.09656013896  
-1.07105206  
-0.197355805  
-0.9452608675  
0.3893569932  
-0.5850005841  
0.4292154381  
