0.7707965562  
-0.5558279671  
-0.05276638368  
-1.733644179  
-0.250333858  
0.6069385728  
0.1058249752  
-0.3354174344  
0.08518351011  
0.3553079414  
0.5963008362  
-0.1932817128  
0.1668387022  
0.4876256541  
-1.220556219  
-0.3537837965  
-0.4150933367  
-0.6178251432  
-0.1979886641  
-1.19626537  
-0.09308180341  
0.6967713437  
0.6831004866  
0.2430440885  
0.5752926109  
0.1983567085  
0.3508428881  
-0.3477271495  
-0.172636025  
0.234336793  
0.4041785661  
1.126759331  
-0.607143185  
-0.2363357217  
-0.127080824  
-0.511683797  
-0.02891823488  
0.4310745473  
-0.150008379  
0.1060979079  
-0.6346658988  
-0.1142232986  
1.863780747  
0.008932718113  
-0.26500942  
-0.2849146098  
0.863042305  
0.3123157218  
-0.5262819549  
0.07523085705  
0.010916765  
0.2823124559  
0.4338779177  
-0.1795664141  
