0.1010929755  
0.1635934106  
-0.1729599444  
0.1883429437  
-0.2435248544  
-0.5328885753  
0.5274996065  
-0.2587305833  
-0.05043206153  
-0.1112782426  
-0.07770992843  
0.8181625738  
0.189409384  
0.542068983  
-0.5049431321  
0.04146347927  
0.1647303291  
-0.871021757  
0.235029695  
-0.3170076033  
-0.1023419465  
0.1660568407  
0.02168324102  
1.161940263  
-0.544046692  
1.139612637  
-1.57935983  
0.04674599353  
0.3708204488  
0.2585664944  
-0.7275624384  
0.2229820495  
-0.1167924882  
0.3293179771  
-0.708261795  
0.3562198121  
-0.1617640579  
-0.06868170693  
0.08636402846  
0.3487541209  
1.136991882  
-0.2216863225  
1.550573241  
0.1158963728  
0.4215767887  
-0.2334614335  
0.3503399013  
1.303692438  
0.7996345292  
0.448253706  
-0.02013061482  
0.222522002  
0.382981034  
1.007452517  
