-0.5806677365  
1.036477396  
-0.6425389199  
0.9459864957  
0.855347732  
-0.5102346664  
-0.1053071579  
-1.974654453  
-0.6430207393  
-0.6559295912  
0.3173916454  
0.3540368535  
0.5526202258  
0.4178632758  
-0.7048290556  
0.163469249  
1.401959264  
1.773832552  
1.057998948  
-0.07882462415  
0.3607845222  
-2.005042781  
-0.529557301  
0.9933837609  
-0.77319209  
0.178406381  
0.815117805  
0.6194731831  
-0.06641753376  
-0.6977872308  
-0.07058142026  
0.4784866843  
-0.1476756955  
-0.3270904984  
0.5098700382  
-0.01225995866  
-0.1747269397  
-0.1335892436  
-0.6179624376  
1.323013294  
-0.1612223102  
1.265702704  
0.4868674693  
-0.3391535708  
1.101997103  
0.7781956147  
0.3903901422  
0.01772718826  
0.3643331935  
1.349776526  
-1.306506548  
0.4092782372  
1.044976405  
0.8257598606  
