-0.01607589286  
0.07330470774  
0.2984329457  
-0.3013601969  
0.0796855882  
-0.5942528129  
-0.1517967419  
0.2534089484  
1.924422923  
-0.4228972166  
-0.175920982  
0.4830692054  
-0.9175258357  
-0.4592007683  
1.409453261  
-0.5704133479  
-1.14825141  
-0.3599270987  
1.464935778  
-0.401462455  
-1.078189512  
0.02721410685  
-0.1739728683  
0.1449403461  
-0.01114698832  
0.3182611329  
-0.8703376284  
0.01984844593  
-0.2774562537  
-0.2213174434  
0.601887996  
-0.4742825328  
0.1113878493  
-0.1054533692  
0.5292369501  
-0.9961386549  
0.1225059739  
0.1408313612  
-1.0038523  
-2.116662566  
0.2553239403  
-0.4941151023  
-1.550841037  
-0.1743018572  
-0.5825186875  
-0.9299110343  
0.1184459698  
0.2437442997  
-0.3386285498  
-0.2292576921  
-0.6437144317  
0.1020934083  
0.4543723941  
2.027573101  
