1.044482491  
0.5278932015  
0.02827482671  
0.141970898  
1.002917929  
0.7613468027  
2.07563289  
0.8611416518  
0.5627643625  
0.4929020206  
1.248421283  
-0.7019491542  
-0.9971013182  
0.3431353334  
1.511285811  
0.553491365  
-0.575229183  
0.691996802  
-0.4664494698  
-0.3644295696  
0.846050812  
0.6502773282  
-1.379383805  
0.8859162891  
-0.3649415551  
0.5459467595  
1.367454669  
-0.3779341119  
-1.396836046  
0.1064504245  
1.010249664  
-0.8125289034  
-0.7825436112  
-0.4242901189  
0.7363132254  
0.5277140992  
-0.2775503178  
-0.0841831211  
0.5640121334  
-0.6940001875  
-1.823504957  
-0.3803539978  
-0.01788030538  
-0.7354233393  
-1.025446968  
0.3794014681  
-0.1278953979  
1.844210607  
-1.701016919  
0.7938789122  
-0.1057705507  
0.2536028557  
-0.3659354049  
-0.941561406  
