0.1527844075  
-0.1153122478  
-0.2163106296  
1.545820151  
2.022855097  
0.6482771876  
0.8813703001  
0.9036251339  
0.06493471929  
-0.2028614803  
-0.1518819026  
-1.50900336  
-0.70167433  
-0.4046947066  
-0.6814802608  
-1.414993897  
-0.01332279419  
-0.5003176044  
0.5758216043  
-1.20439044  
1.46331265  
-1.281613891  
-0.7334640068  
0.3620849439  
0.1986369168  
-1.642994731  
-0.8712050814  
-0.8673237153  
1.528874137  
0.8673334476  
0.5504287068  
0.3230746032  
-0.007897317186  
-0.1082482215  
-0.1226513242  
0.2136604434  
0.4564963565  
-1.324131535  
-1.195397733  
0.8120042747  
-0.08055171963  
-0.3111419434  
-0.2321227164  
-0.9342837721  
-0.3869275959  
0.6692530507  
0.4261882729  
0.8323337012  
1.64758987  
-1.361539374  
-0.18732679  
1.261333411  
-2.033408761  
1.0057698  
