0.2563892411  
-0.1629951378  
0.4419918344  
-1.171019475  
-0.296064681  
-0.4538956174  
0.4940165989  
0.1158626475  
-1.186381894  
0.302557512  
-0.459646281  
0.5102167453  
-0.2294585924  
0.1153000036  
0.2957347699  
0.3063356832  
0.2577532684  
0.4926694049  
-0.219717913  
0.2688872988  
0.8860504408  
-0.3069328016  
0.009301697317  
-0.2919958018  
0.1106338228  
-0.360438964  
-0.6493793167  
0.04873406498  
0.02172160029  
0.5936749138  
0.6813217184  
0.1519829143  
0.4696560303  
0.5748739176  
0.5963756558  
0.04832326598  
0.1530677329  
-0.7534313995  
0.1094649491  
-0.4659975625  
-0.3615689962  
-0.3690246228  
0.8946193627  
-0.7602558622  
0.3479532183  
0.5979181089  
-1.067242318  
-0.2441039031  
0.0625617005  
-0.01985074814  
-0.4014403527  
0.7824432281  
0.8483932492  
0.7548349052  
