0.9274795294  
-0.1428321655  
-0.3597652833  
0.7562358111  
0.06633531431  
-0.8409062073  
-0.2768391349  
0.5824724854  
0.02564845515  
-0.4184597149  
-0.4823496998  
0.5689612812  
-0.1589007595  
-0.6361334003  
0.5942017444  
0.1243353695  
0.2761750632  
0.7061280638  
-1.103662975  
1.072973705  
-0.2864567894  
-0.8771165015  
-0.1894989516  
-0.1458828365  
-0.4433565148  
-0.0495006012  
-0.2596700832  
0.2178818076  
-0.1158486205  
-0.551223579  
-0.1762442198  
-0.177452678  
-0.89182192  
-0.2499589613  
-0.8929207518  
-0.9975185931  
-0.23960049  
-1.237837835  
0.7488587939  
-0.1845859751  
-0.04925228765  
-0.0274735447  
-0.9853340486  
0.5890280513  
0.3981848129  
-0.3392054083  
-0.8819327607  
-0.1954018774  
1.060727659  
-0.1596617479  
-1.068245569  
0.07311758296  
-0.1979116181  
0.3964616938  
