0.8905886778  
0.3083200066  
0.555461693  
1.111321581  
-0.08521965822  
-0.8315080623  
0.318519105  
0.005788966406  
0.3935819812  
-0.5094609114  
0.2585454699  
0.9335944144  
-0.1390704295  
0.4080969777  
-0.2465712381  
0.4603993593  
1.165276315  
0.2374908131  
-0.18705328  
0.3679045155  
-0.383185964  
-0.5782537205  
0.5588315578  
0.2920892297  
-1.413899169  
0.697672592  
-1.571521858  
-0.437583268  
0.04069626508  
-0.2536052826  
0.05593866264  
0.8163355265  
1.270507994  
0.6668463633  
0.1098041311  
-0.08657378399  
-0.1441456393  
-0.1874190805  
-1.264661778  
0.2387490863  
-0.5440343218  
-0.6175542624  
-0.3404807362  
-0.05850849753  
0.1793187962  
0.274569791  
-0.3280815631  
1.37861544  
-0.3490111155  
-0.471001096  
-0.5926618775  
-0.1193505602  
-0.2153333427  
1.510108834  
