0.09981368264  
0.3172420642  
-0.1911234122  
-0.153775519  
0.4387342138  
-0.243675073  
0.3916305819  
-0.1770433897  
0.005180788777  
0.7824209379  
0.2041157622  
-0.2032255164  
-0.1648679437  
0.2761921865  
0.2802062276  
0.2537805955  
0.3408482209  
-0.0237456388  
0.6609727553  
0.437372268  
-0.08407911343  
0.3083129684  
0.161171573  
0.5579153259  
0.3534421251  
0.2587780914  
-0.3147485711  
-0.3949801322  
0.1937385142  
-0.4030650471  
-0.5273924054  
-0.4369642312  
0.5750220997  
-0.4997332158  
0.003476957085  
0.4147220406  
-0.4067064491  
-0.00698842533  
0.668386763  
-0.30799083  
-0.2832443811  
0.1051298761  
-0.302015014  
0.419970945  
0.3326888464  
-0.000862397416  
-0.08729232758  
-0.1842194468  
0.03142084574  
0.1354511408  
0.4294451737  
-0.09578122173  
0.4958561729  
-1.119699256  
