-0.6508288755  
0.9533250056  
0.1856821121  
-0.2311211578  
1.521119557  
1.111623908  
0.3717161548  
0.5542942914  
-0.0345885209  
0.3071862945  
0.336119943  
0.2246159707  
0.5174723413  
-0.8921135605  
-0.1581488738  
-0.233676181  
0.4890432167  
0.5192479985  
-0.8344844981  
0.2826942862  
0.4272521405  
-1.121926314  
-0.9613515511  
0.4853374469  
0.2837872677  
-0.6579767187  
-0.0005665716055  
-0.6296360421  
0.2536336502  
-0.3185757248  
0.4919124756  
-0.3249005235  
-0.3644642119  
0.1461658926  
-0.4428068913  
-0.6692405058  
0.02464684497  
0.527084793  
-0.7058284231  
-0.5464718431  
0.004626265957  
-0.2750861618  
0.7812862153  
-0.5087646702  
0.237148689  
-0.1923237705  
0.0967766595  
-0.02176659329  
1.148497603  
-0.3342459298  
0.3334662493  
0.08232874857  
-0.3447203891  
1.67745535  
