0.4765116629  
-0.1162933853  
-0.7300343338  
1.415347449  
-0.7630659745  
0.06163059506  
0.3630030829  
-0.5189254957  
-0.4543000024  
0.5644394357  
-0.2626616627  
0.7492020279  
-0.9082578935  
0.2446867305  
0.0257951467  
1.034381421  
-0.5489565369  
0.2815654811  
0.05896256965  
-0.2309310015  
-0.08828225203  
-0.4641880647  
-0.3591008457  
-0.6602101116  
-0.5181795325  
-0.7946999411  
-0.3644638466  
-1.045266001  
0.1557236222  
-0.1812670429  
0.05632195395  
0.4334045204  
0.5150216651  
-0.4147900853  
0.6613316937  
0.314212055  
-0.4501760335  
0.7017268631  
0.2108308331  
-0.9340619601  
-0.4058192087  
0.05566220357  
-0.4510150822  
-0.5480009612  
0.5205684489  
0.3126964119  
-0.1822640031  
-0.3974325762  
-0.2264339985  
-0.4907091925  
0.4620933855  
-0.01963070671  
-0.235801902  
-0.7492334429  
