0.2515979999  
0.969011833  
-1.323975381  
1.035659815  
1.412514777  
-0.1563618826  
0.4961442046  
-0.06403563413  
1.230676709  
-0.6287055196  
0.3804519518  
-0.4493882411  
0.07383413378  
1.016548928  
-0.829018776  
-0.6722416611  
0.8545458725  
-0.4134553012  
0.887733803  
-0.5178598504  
0.7206662116  
0.3738048998  
-1.089315935  
0.5812363146  
-0.7409652915  
0.2632788441  
0.5378969792  
0.2241472763  
0.0584062731  
-0.5239826351  
0.8073527133  
1.291746648  
-0.376839532  
-0.501902468  
1.529012944  
0.2756408631  
0.6193547123  
-1.183978595  
0.1156484022  
-0.1513172664  
0.8364968927  
-0.1056281705  
-1.613970978  
1.180290235  
0.408355099  
-1.228553657  
-0.4792359358  
0.4110556559  
0.4357275469  
0.03019909404  
-1.871282864  
-0.09423187336  
0.6464426386  
0.6976635644  
