-0.4397455186  
-1.191179826  
-1.625684119  
0.8798767778  
0.8494459218  
-1.118887921  
0.5142518474  
-0.6055601153  
0.1912726848  
-0.2364879266  
-1.684351066  
1.617464681  
-0.01809953506  
-0.9991316293  
-0.9994699433  
-0.4211329151  
0.2693033705  
0.9904587443  
-0.004100672607  
1.131128481  
1.322950518  
-0.6620332289  
-0.3960423976  
0.4635015577  
-1.241381349  
-0.5843789695  
-0.2118323761  
0.060439728  
0.1703763189  
-0.5236833686  
0.3686301947  
-0.708558699  
0.7270160956  
0.4404918332  
-0.8184421347  
-0.8716765368  
0.2781316595  
-0.8032999352  
0.07500807147  
-0.6758151337  
-0.07371970815  
-0.2967677015  
-0.2524187294  
0.6245295107  
-0.07563021995  
0.1450619102  
-1.235111244  
-0.1153271969  
-0.138419467  
0.0933127166  
-2.81833601  
0.9857076006  
-0.3420523797  
0.6967552272  
