268.3356523  
-87.55590471  
6.390497392  
242.3121286  
30.02565706  
-96.26274753  
-28.31056592  
244.1876843  
184.9855844  
-88.21030747  
16.66510906  
262.2436275  
-55.87715189  
97.93797818  
275.3402149  
98.44845377  
143.1109385  
-187.1014461  
-597.6300604  
116.7039107  
-160.24747  
-358.7647979  
-39.02433763  
116.7851836  
-272.7973396  
71.13998852  
2.387565702  
-285.2236645  
41.19739522  
-213.2411337  
68.48774311  
-26.20334763  
-281.867338  
-18.30993139  
-190.0213771  
-447.0492308  
-110.3440133  
-345.9889235  
235.3395517  
-134.3265347  
-73.99183893  
-6.857653011  
-256.7811546  
511.0379326  
60.38589413  
-94.91461412  
-292.6984692  
-238.0317448  
118.8306021  
85.98997385  
-130.1023649  
-219.6230721  
-64.55593895  
295.4818735  
