0.4524386434  
0.4158713717  
0.4311194115  
0.415553786  
0.1780754271  
-0.4408596572  
0.2168864539  
0.04007849411  
0.3055168597  
-0.3242206218  
-1.134699893  
-0.1232041047  
-1.142937388  
0.02786508636  
-0.4173925179  
0.3765721784  
0.08059258622  
-0.3352580734  
0.6976476975  
0.2229795477  
0.2393937672  
-1.030678065  
0.07886730015  
0.0487564069  
0.4032878231  
-0.3261364033  
0.7489714666  
-0.4341164397  
-0.4828890025  
-0.7010566207  
0.6198647963  
-0.520779636  
-0.607094063  
0.1481724733  
0.0814027296  
0.4706639302  
-0.4986114332  
-0.6836814971  
-0.2503747786  
0.9581488214  
0.4004113977  
0.6735402161  
-1.325400119  
-0.06240457893  
0.4925628221  
-0.2350440683  
-0.1446696417  
0.5128967296  
1.438668898  
-0.3618125626  
-0.01797801555  
-0.3572509204  
0.238597687  
0.7202142948  
