0.4140072954  
-0.4627007294  
0.2908801696  
0.3821098081  
-0.5422207041  
0.2368654974  
-0.1073018776  
-1.05515728  
-0.4133485582  
0.7344923125  
0.2009334559  
-0.1777412887  
1.009094112  
0.2449631052  
1.238444647  
0.2703727157  
-0.2619395623  
-0.1806266911  
1.037450787  
1.5119574  
0.2256758636  
1.098786529  
-0.2697206268  
-1.353638314  
0.2433023835  
1.076029146  
-0.1870644769  
-0.7421244357  
-0.1054204155  
-0.2118686121  
-0.7825579576  
0.8935823705  
1.597724451  
-0.3728861116  
0.6730280213  
0.004101027615  
0.8223677323  
-0.241698836  
-0.8274139338  
0.9299412125  
0.003932398577  
-0.02180243667  
-1.188451046  
0.6841812603  
-0.8523963577  
-0.6307816891  
2.27493369  
-0.697228081  
-0.4478037606  
-0.7977047361  
0.1527483733  
-0.5808641978  
0.61721342  
-0.5473159575  
