-0.4855337971  
0.2958520312  
-0.9398604081  
1.163947042  
0.3005421375  
-0.5649432909  
-0.10435443  
-1.201842026  
0.5848836351  
-0.01364730924  
-0.6840480597  
-0.899971173  
0.6130086989  
0.4462680046  
-0.329681112  
0.9098283958  
0.2201115386  
-0.7932405803  
0.3860851373  
0.7495804805  
1.307240605  
0.1577575901  
-0.1785368031  
0.2551772541  
-0.05237709974  
0.6365213833  
-0.5740345602  
0.1313830565  
0.9981999092  
-0.5079303769  
-0.3138919711  
-0.2375054552  
1.20970227  
-0.04403293534  
0.1903041152  
-1.398439179  
1.241001361  
-0.7318779288  
-0.4081552453  
-0.04258785874  
-0.3246037151  
1.181089071  
0.3843322129  
0.3096802199  
-0.6854352329  
-0.05267482762  
-0.3828130067  
0.6973499625  
-1.459935164  
-2.022211561  
0.2599178139  
0.4895977908  
-0.1294788609  
-1.82234763  
