-0.1850637684  
0.4347539999  
-0.8303726947  
-0.4905955759  
1.022690668  
-0.2971017455  
0.2731110317  
-0.3997705711  
-0.8927188318  
0.8729803632  
-0.5368801303  
0.2742235323  
1.275948197  
-1.227841356  
0.05537572673  
0.3941524132  
-0.1959369866  
-0.1522719168  
1.023525612  
-0.147740365  
-1.035255323  
1.472882849  
0.3261316322  
0.7804715905  
0.9632265787  
-0.207787228  
1.9051995  
-0.4629274567  
-1.220328902  
0.3558665619  
-1.046246148  
0.8789248011  
-0.6268524212  
-0.2909352223  
0.4492468318  
-0.645749076  
-0.4519089522  
0.4287729638  
-0.6952532658  
1.017920521  
0.5650123451  
0.6958030872  
-0.9030659751  
0.5334150083  
0.2534730943  
0.8800110162  
0.9855394131  
-0.5590286364  
-1.363349974  
-0.9343291096  
2.79597748  
0.250404414  
-0.5551035939  
-3.395095643  
