0.5473254388  
-1.426566062  
-0.4371229815  
-1.208875842  
-1.46454432  
-0.5910512791  
-1.927232785  
-2.043382617  
0.1620133223  
-1.137094607  
-0.8037625208  
0.6087166938  
0.2891015775  
0.04116103216  
0.5498190975  
-0.4460276415  
-0.3937369968  
-0.5633540533  
1.337154973  
0.2340236259  
-0.637811101  
-0.2647228283  
-0.1076582629  
-0.4001139078  
-1.278296078  
-1.135414486  
-0.9308824759  
-2.081424101  
-0.6002717574  
0.4805976458  
-1.79228729  
-0.5760793996  
-0.4869446294  
-0.9771969683  
-0.3558178766  
-2.623362075  
-0.4058241042  
0.4291594297  
-0.5954958496  
-2.123713428  
-1.242270937  
-1.02031566  
-1.383717936  
0.3293174705  
-0.5684651649  
-0.2667108578  
-1.040181767  
0.1167354179  
-1.541356588  
0.07365470705  
-1.822449633  
0.8451867866  
-1.714193547  
0.1943773507  
