0.1871338028  
-0.9106559994  
-0.8337607884  
0.5520437111  
-0.8048444431  
0.4492977867  
-0.207111001  
0.5339062349  
0.2169669174  
0.03110318648  
-1.95717988  
1.176797189  
-0.6913895641  
0.788840765  
0.0003912931477  
0.7314792248  
0.06685277938  
0.167421451  
-0.2287238843  
-0.1043112844  
-0.08159268982  
0.3112479139  
-0.8929295474  
0.1522662074  
-0.1073152751  
0.2708988409  
0.106764515  
-0.7605181712  
1.131546319  
0.6165990242  
0.123478714  
0.03151349893  
0.7775560104  
-1.299796868  
-1.803270572  
-1.210184145  
-0.9785522595  
0.7165708216  
-0.1587554663  
0.6076402337  
0.8826892078  
-1.054053193  
-0.4816265855  
0.3392034413  
0.1220741306  
-0.8310802394  
-0.823590937  
-0.3108249087  
1.196178267  
-0.5542456416  
0.6231019199  
-0.6829742879  
0.6984011577  
0.9233548965  
