0.504402797  
-0.1224345198  
-0.5667080038  
-2.28422306  
-1.990036835  
-0.1445798463  
-2.462652785  
-2.362071568  
-0.2875660255  
-1.216931996  
-0.9916768887  
-2.012543524  
0.3058602459  
0.5826384019  
0.03345863762  
-0.7922205767  
-0.1644951801  
-0.9090128848  
0.5151707884  
1.264931098  
-0.3444266922  
-1.205711706  
3.371635036  
0.4347552657  
2.762439952  
-0.8410136527  
-2.048182133  
1.547133181  
0.4901423715  
-1.661999819  
0.1241989566  
-1.58267018  
-1.224558169  
0.1309741565  
-0.5723722431  
-0.4940024532  
1.134881536  
0.8363626839  
0.2582963126  
-2.554416815  
-0.6434636626  
0.3603052773  
-0.525793027  
-0.9976177852  
-1.466335756  
0.7461698425  
-0.2429947553  
-0.2874709167  
0.9113438519  
-1.383596976  
-0.4016638004  
0.2353786656  
-0.6272996594  
-0.6187888837  
