0.4067441751  
-0.3029073673  
-0.8418652453  
0.8648843161  
0.162446344  
-1.188162448  
-0.1422904101  
-0.9143236625  
-0.1062284651  
1.046241426  
-0.4588204299  
0.8460205745  
-0.8177946042  
0.2516574525  
-0.7179201119  
-0.6338331705  
0.5336006033  
1.198898052  
1.33857631  
-0.01504329382  
1.555620845  
-1.096655199  
0.4850222187  
0.4216175622  
-0.4757222594  
0.3815518256  
0.1610601396  
-1.02271288  
0.2580391753  
-0.3561343701  
0.3143340951  
-1.176530985  
1.195695283  
0.8240028745  
-0.2950308947  
0.2777548445  
-0.4445730653  
0.04334494779  
0.8907333956  
0.3410057447  
-0.2492957998  
0.02507854597  
-0.1063522446  
1.143855231  
0.5577067425  
-0.9976261817  
-0.9427921268  
-0.5379383938  
0.3282478003  
-0.8730270539  
-1.506926657  
1.028685305  
0.6886942514  
-0.2568883438  
