-1.190933944  
-1.210636902  
-0.6504529396  
-1.904134945  
-1.747514336  
-1.436545622  
-2.180235086  
-1.696553451  
-0.2351493517  
-2.836838188  
-0.7431278955  
0.5987868606  
-0.2419778702  
0.7726668645  
0.8311966108  
-1.455406431  
-0.5703615309  
0.2814438343  
0.2019550681  
0.1660747989  
-2.006393406  
-0.6053459945  
0.3171642091  
0.3929099817  
-0.5838626849  
-1.053315594  
-1.163122016  
-0.6225741755  
-1.135673651  
0.02432598482  
-1.704327975  
-1.859194261  
-1.006001893  
-0.8534940543  
-0.01875734188  
-2.218292609  
0.7175251158  
-0.3503539924  
0.3234019858  
-2.885129677  
-1.20016268  
-0.1175000593  
-1.129780585  
-1.260975589  
-0.4300009981  
-0.302186632  
-1.105438686  
-0.03556599545  
0.1074790365  
-0.3821856081  
-1.085597414  
1.217848043  
-1.117544898  
-0.701605352  
