-0.5862683015  
0.4031763383  
-1.407150424  
-0.006697244587  
-0.5840387046  
2.380410414  
-0.481980325  
-0.1324773081  
0.8589668415  
1.340008453  
0.4360390315  
1.040592761  
-1.010595475  
-0.5531571446  
-0.2911728742  
0.08413276527  
0.3676899998  
0.7103964047  
-0.1502555946  
-0.2037533616  
-0.5612948062  
0.4558528907  
-0.1988944757  
0.9756487055  
0.014965642  
-0.2544203628  
-1.760649236  
-0.7707539303  
-0.2263700054  
-0.1411685795  
-0.965306135  
-1.215886697  
-0.2076017616  
-0.4300096179  
-0.7526779843  
-0.06432805524  
1.363696445  
0.4848574644  
0.1277650759  
-0.5692554285  
0.5662797282  
-0.6804680827  
0.6160974583  
-0.3196087809  
1.20753124  
0.1256643935  
-0.3087730568  
-0.335763618  
0.7459720885  
-0.405951617  
0.01729216034  
-0.4816266589  
0.9435680346  
-0.6758319626  
