0.9371156791  
0.05622225523  
-0.8063708258  
1.232056786  
0.3913315426  
-2.266118102  
0.1543485593  
-0.7900924182  
1.334508847  
-0.6610557918  
-0.1036280774  
-1.578480916  
0.2717609583  
0.2946027552  
-0.03414864354  
0.9506397569  
0.8259952188  
1.646782767  
0.5780045925  
0.2827376631  
2.322303858  
-1.240903228  
0.2162650082  
1.218681575  
-1.557810415  
0.2847031494  
-0.6093610275  
-0.8427415816  
-0.3468115387  
-0.4659587634  
-0.626855804  
-0.04860510647  
1.074566665  
0.0973518311  
-0.3054542613  
0.2071531241  
1.497995687  
-0.9394035125  
-0.1446756798  
0.27162835  
0.3537323841  
0.8243541604  
-0.867513878  
1.019194573  
0.3174117117  
-0.5898199505  
-0.6532236803  
-0.2646852785  
0.1770669644  
-0.8830992404  
-1.507517024  
1.921849437  
-0.4601755057  
0.2579675454  
