-0.3526145618  
0.4766025098  
-0.6420550365  
0.1485661442  
-0.03258925371  
0.6334349683  
-1.183553771  
-1.066916875  
-1.664844962  
-0.2858449531  
0.333233518  
-0.9163346446  
-2.059693903  
-1.000720452  
-0.7793535004  
-1.570779679  
-0.7486761041  
0.007141973823  
0.4883816495  
-0.7341854644  
-1.225932476  
-1.231193351  
-2.065811658  
-2.057878719  
-0.3060833127  
0.6949603206  
-1.861275119  
-0.109081212  
0.1580165906  
-0.01638372261  
-1.288804282  
-0.713395717  
-0.9343942398  
-1.031545237  
-1.581619203  
0.6051009999  
0.5510046506  
0.2310967541  
-0.5047556916  
-1.476337204  
-1.733013507  
-0.8981210853  
0.4204571944  
0.1621078935  
-2.868573487  
-0.8732407943  
-0.6431578148  
0.3183595472  
-0.1008304965  
-0.4803826714  
-0.693661422  
0.3436605911  
-0.001232982897  
0.6077975085  
