0.8088874277  
-0.8131730807  
-0.05728816554  
-0.6757358517  
-0.3676860407  
-0.5021528775  
0.242390974  
-0.1934632321  
0.09710533646  
-0.1558337525  
0.9271254743  
0.6004369838  
1.361564438  
-0.09708979201  
-0.1047146012  
0.4080509145  
-1.433169151  
0.7533340051  
1.193959405  
-0.002636969174  
-0.4593365053  
0.7988624495  
0.4207113219  
-1.567341239  
0.22553057  
0.73963771  
0.4600145263  
0.3410899627  
1.020168849  
-0.1909999315  
-0.3093032153  
0.4238671633  
-0.7446472135  
0.6435497579  
-0.0005447913348  
0.7744420635  
0.6882362154  
-0.6233089688  
-0.5667663718  
0.06790500854  
0.9909178222  
1.837971176  
-0.5621960111  
0.7444896066  
-0.1269955988  
-0.2111565605  
-0.3226965075  
0.09366334433  
1.404440016  
0.08332150463  
0.8855305942  
0.2842285352  
0.8353956198  
1.089673467  
