-0.9353791135  
-0.08742491862  
-0.3414816954  
1.028471183  
-0.5017270798  
-0.5628646541  
0.1129641857  
-0.715222717  
0.422381184  
1.156032413  
-0.518711556  
-0.650334095  
-0.7844512812  
-1.427593835  
-1.830863127  
-0.4829421663  
0.6174657825  
0.2977075567  
0.9659182595  
-0.1973419227  
0.2770439521  
-0.8754740914  
0.7701392405  
0.2303513184  
-1.415576972  
0.9536914337  
0.7741531039  
-0.9579392995  
-0.6205964941  
-0.3165308879  
-0.3689542999  
-0.3691464049  
1.238867047  
-0.06488768973  
0.3206370752  
0.2614199252  
-0.4473331461  
-0.1067282904  
0.4170885714  
0.1303982159  
-0.1560777759  
0.542570563  
-0.3624979995  
0.9020811318  
-0.0118552527  
-0.6459913888  
-1.568426068  
-0.2178899037  
-0.1273734518  
-0.5291047527  
-0.1177287258  
0.5606643351  
-0.560435542  
0.1640451094  
