0.2182025534  
-0.9645546409  
-0.4595087019  
-1.416793477  
-1.04681197  
-1.889309085  
-2.133939973  
-2.360819343  
-0.1907238356  
-1.266924023  
-0.4560028134  
-0.2242425586  
-0.8352378793  
-0.3509138599  
-0.4496670884  
-0.8754441031  
-0.821158977  
-0.8383564469  
0.3651325968  
1.403879799  
-2.379491952  
-1.18241039  
-0.4290602706  
0.002921626344  
-0.7864049896  
-1.97499634  
-2.144266156  
-1.928302206  
-1.924198917  
-0.1122924027  
-2.783139148  
-1.059569914  
-0.1442929034  
-1.087566643  
-1.172610826  
-4.15796302  
-0.4065612862  
-0.9473906197  
-1.181922022  
-2.460292784  
-2.884835399  
-1.510220648  
-0.8344258087  
-2.095468557  
-1.038668827  
-1.469647471  
-0.9414898103  
0.1487435836  
-1.12615503  
-0.7025292348  
-2.935726707  
-0.2771578167  
-2.139676158  
0.129034102  
