-0.04852417208  
0.1438835821  
0.07817494993  
0.8789911948  
0.1748712385  
0.6401843457  
-0.7172198112  
-2.437570454  
-0.2568514696  
0.198816364  
-0.167533806  
-1.653613148  
-0.6720444092  
0.5450691009  
-1.113389689  
-1.934399542  
-2.414981309  
0.7188894933  
0.7937021881  
1.225705498  
-2.127555197  
-2.183841428  
-1.063705244  
-2.673645452  
-0.9207764316  
0.7908081139  
-1.628736336  
-0.7785754284  
-0.2802576381  
0.1217665607  
-2.142738411  
-0.346140914  
-0.9855954233  
-2.389491429  
-0.9589640723  
1.067106683  
0.1797076488  
0.5534699795  
-1.116244117  
-1.147562825  
-1.678052277  
-1.610893205  
-0.678901322  
-1.246295002  
-1.399208316  
-1.669175317  
-0.5076259398  
0.5176487198  
0.4731092316  
-0.4409162533  
-0.6701284851  
0.5131807853  
-0.7414237678  
-1.613515064  
