-1.0319117  
-0.3140953697  
-0.123395956  
-1.873273679  
-0.9916294007  
0.6185298518  
-1.819084517  
-0.8715235647  
-1.677333918  
1.009645479  
0.1010931738  
0.004672608055  
-1.871273801  
0.1586424733  
-0.7369718118  
-1.320512475  
-1.177517294  
-0.6009287658  
1.031269086  
-3.37581058  
-1.282011172  
-1.298858935  
-0.6702914234  
-3.463577601  
-0.1709616642  
-1.103122076  
0.173322468  
1.501791015  
-0.3163497543  
1.245444472  
-0.9935777716  
0.3807861186  
-2.373932127  
-0.04869426609  
0.6329858173  
1.759888683  
1.257644986  
0.9539180097  
0.1127404825  
-2.962528198  
-0.1803897854  
-0.5472789434  
0.7111824398  
0.7593509837  
-3.478086973  
-0.9001584963  
-1.414426283  
0.614105432  
0.01726097998  
0.7003246488  
-1.283720034  
-0.1234183495  
0.9237893157  
-0.7893194298  
