0.1825278758  
-1.267166484  
-0.5547356249  
-1.359924817  
-1.206271135  
1.118425012  
1.040240688  
1.325566637  
0.3207899889  
1.829446681  
1.231760912  
1.508209806  
-0.2882209436  
-0.8925093071  
1.205474081  
0.08157182289  
-1.541364646  
-0.5324627731  
0.7494780739  
2.826931144  
0.09559034517  
-0.6072487153  
2.708962752  
2.671128377  
-0.5046279179  
1.730796765  
-1.069214742  
1.629788441  
0.8504927722  
4.157523042  
0.9321375115  
-0.6906069258  
0.4383904375  
-0.8183260207  
-0.4432059326  
0.9550259007  
0.8905187312  
1.31372471  
2.518707551  
2.855541719  
0.1571863762  
0.2930605435  
0.1617585803  
1.20854096  
0.0180976481  
0.6230208827  
-1.141822416  
0.8028973843  
-0.8683847746  
0.8410920182  
-2.997176757  
-0.6691804579  
0.3357777616  
0.4510171661  
