-0.08969854601  
1.122208068  
-0.8121749845  
-1.3630685  
-0.8263142043  
0.4012839164  
-1.661888675  
-4.566798296  
-1.80670504  
0.2851104891  
-0.4996322738  
-1.77248142  
-1.740121806  
0.6303298628  
-0.09686735455  
-1.495795441  
-2.039578909  
1.322722237  
-1.236827694  
0.3454160417  
-3.055094132  
-0.1771535212  
-2.893516841  
-2.455239751  
-1.43639836  
-0.8040466549  
-2.167086673  
0.7956625451  
-1.223956221  
-2.977078315  
-0.9517702392  
-0.6055296749  
0.08751610279  
-0.888827533  
-1.003516566  
-1.239891645  
-1.419254292  
-1.492767654  
-1.795178024  
-2.22377382  
-1.480172582  
-0.2187312874  
-2.377161911  
-2.436476247  
-0.9784461716  
-1.941839832  
-0.5592672731  
-0.6650355244  
-0.1385542569  
-2.484238421  
-2.488097563  
-0.0970080024  
-1.287686472  
-0.2224078062  
