-0.2255693908  
-0.5571020165  
-0.03799595157  
-1.702767324  
-0.9218418768  
0.8552934595  
-1.473410628  
-0.08777395751  
-0.1064204217  
-0.6735607596  
-0.4411155322  
0.1874962864  
-0.8074921978  
1.553888044  
0.9184656317  
0.1690058024  
0.8752593018  
-0.03492744986  
2.661810802  
-1.359452584  
0.3293865583  
-2.133641064  
0.5926715403  
-0.3221971606  
-0.0261891158  
-0.3117163199  
1.193934997  
0.5853147417  
0.5994297086  
-0.8795774809  
1.534916421  
1.206313243  
-1.859749388  
-0.4972209351  
0.04624239811  
1.627082101  
0.7335997672  
1.167545517  
1.766981511  
-1.489531918  
-0.7595556449  
0.5095413153  
1.18336663  
0.1447760946  
-0.6016506827  
0.8498174245  
-2.442903168  
0.7808916086  
0.9145806858  
0.4790968402  
-0.4296554483  
0.8995201955  
-1.448071929  
-1.002782367  
