-0.3225856409  
0.9871092857  
0.1058958498  
0.4843282361  
0.2072163812  
0.1359073294  
0.5005831337  
0.3472245847  
0.6234253602  
0.6163067073  
-1.449900522  
-0.01472300037  
-0.6991399784  
0.342644003  
-0.2398491951  
0.2480469134  
1.238570415  
-0.7889967865  
-0.3684714477  
0.2634843096  
0.8239634629  
-0.6761500842  
-0.5172176896  
1.903213785  
0.2540499361  
0.5737709606  
-0.2780962446  
-0.5126439827  
-0.9160400688  
-0.09040841799  
0.5290054449  
-0.2681384757  
1.101734571  
-0.07771381837  
0.4836301155  
-0.4022504688  
-0.4266845441  
0.02962264436  
0.5343820197  
1.445193682  
-0.7968117832  
-2.216851953  
0.6829406931  
-0.858608321  
-0.5328416445  
0.0301375191  
0.3486933879  
-1.243766657  
-0.6959966498  
0.7196702199  
-1.187308893  
0.1978705956  
0.3526796163  
-2.074481742  
