-0.8889954565  
0.9281950432  
-0.8561602649  
0.7149119054  
-0.05514304359  
1.507345505  
-0.4853011191  
0.3871257311  
-0.08694963723  
0.8130217043  
-1.855539071  
0.2845930916  
-0.6131923819  
1.080633031  
-0.303832453  
0.3307266331  
-0.236828853  
-0.5516967049  
1.174210943  
1.005132968  
0.2734627259  
-0.8784653613  
0.2789115863  
-0.5365070752  
-0.8937737389  
0.9469832879  
-0.1254603329  
0.2874453276  
0.05896875001  
0.100335402  
-1.752961737  
-0.09747103244  
0.7524254485  
-2.267328477  
-1.429820065  
1.502272959  
-0.4807609961  
0.6127288834  
0.2514230059  
-0.5931500982  
-0.3040226646  
-0.4585690184  
-0.6659584127  
0.3611899536  
0.0964928237  
-0.2344998434  
-0.95188409  
-0.6183976594  
-0.7767432496  
-0.6986345699  
0.6052324062  
-1.096313794  
0.170791921  
-0.651293701  
