-0.9104589232  
-0.4163029148  
-1.035401474  
-0.7377114232  
-1.114333261  
-1.65272142  
0.8979418792  
-0.7042568506  
-2.124933415  
-0.8815024651  
-0.3133510831  
-0.2228120167  
1.331605249  
-1.65354613  
-0.2684443073  
-1.60029571  
0.3569757308  
1.019318973  
-2.093319465  
-1.733131227  
-1.469646817  
-2.010945358  
-0.4756786464  
0.4171047848  
-0.4434009115  
-0.03395970143  
0.1545792395  
-0.9121071168  
-1.284777075  
-1.28460741  
-0.8333418431  
-1.753190051  
-1.434769517  
-0.225082286  
-1.572990986  
-1.698537243  
-1.639468281  
-0.610426772  
0.6537246277  
-0.7278787487  
-0.04901891054  
0.1591487547  
-1.310020619  
-0.4589172821  
-1.099425072  
0.09086172038  
0.5201434922  
0.1722647703  
-0.4611518328  
0.9050087086  
1.349559442  
-1.059463548  
0.05858022707  
0.03960326108  
