-0.2532996494  
-0.2895038986  
-0.2671673453  
0.7131718258  
-0.8278041502  
-1.671398479  
-0.2398537679  
0.0711203559  
-1.361998781  
-0.252156681  
0.7937390575  
1.529441481  
0.09540459289  
-0.2570015014  
1.317593731  
-1.470586287  
-0.431066448  
-0.9647644742  
0.1916389249  
0.1324479949  
0.4305369248  
0.2512848043  
-0.817625233  
0.391055237  
0.3728961061  
2.003401207  
-1.688550896  
-0.6027078146  
0.006998750689  
0.2332363431  
0.2233548825  
-0.2487088869  
-0.9190079839  
-0.3899724853  
0.4138448961  
-0.4455850985  
0.5882026205  
0.8806339606  
0.08014418783  
1.042066051  
0.1160650016  
-0.3632669496  
-0.1344866081  
0.5619942037  
0.02938155489  
-1.542014274  
-0.07363382626  
-0.04327697401  
0.533519787  
0.4461345724  
0.4068849905  
-0.4087297633  
-0.1090696547  
0.5002736591  
