-1.263943229  
-0.5901935875  
-1.039487004  
-1.986253602  
-1.427682575  
0.6773850685  
-1.617942239  
-1.868842633  
-1.968589698  
-0.02431269549  
-1.265227771  
-0.3207974349  
-2.227982182  
-0.4039203113  
-0.1995286042  
0.4205194582  
0.2744859292  
-1.826574831  
0.04252402121  
-2.29539094  
-2.376249807  
-1.87786224  
-0.7128685644  
-2.268072583  
-0.004363611115  
-0.3294378542  
-0.9303109342  
0.3241509096  
-0.0859703432  
-0.9980212974  
0.6997489553  
0.650926549  
-2.770048386  
-1.398128415  
0.091848134  
0.8923878677  
-0.4126231853  
1.184171598  
-0.5933011713  
-1.325511011  
-1.442593541  
-0.7377043398  
-0.698238255  
-0.2076216967  
-1.761926895  
0.4855246778  
-1.386248901  
0.2430050827  
-0.4979955326  
0.5750519703  
0.09271429813  
0.4301648931  
-1.480538167  
-1.013389543  
