-0.263844217  
-0.3009608655  
-1.25655698  
-2.30837125  
-0.909617405  
-0.4653986529  
-1.482734236  
-0.3344106891  
0.0692420927  
-2.21730203  
-0.7122117985  
0.5074816996  
0.07989680733  
-0.1635537013  
0.199493524  
-0.1591616645  
-1.266727895  
0.9061214122  
0.5669559057  
0.9546431923  
0.6545135698  
-0.8036117805  
0.1211573817  
0.9473169864  
-0.7496023969  
-1.529558931  
-0.4233087511  
1.720324827  
-1.544789148  
-1.260999796  
-1.066152644  
-1.70095421  
0.02268560138  
0.004496953027  
-0.9777205163  
-1.397600527  
-0.2718112494  
0.1236094682  
-0.2950576886  
-2.82212705  
-0.4610229995  
0.6565260112  
-0.5979209891  
-0.3033388456  
0.1830685504  
-0.01794975027  
-1.550027479  
-1.505190825  
0.7903896272  
-1.083152092  
-2.521245417  
-0.4187325977  
-0.8123971356  
-0.2668964263  
