0.2666034809  
-0.8639414332  
-0.6689606903  
0.2161309958  
0.06050926078  
-1.109624441  
-0.1116041791  
-0.8090446635  
0.3009918286  
-0.2316159066  
-0.0854866084  
-0.06041471846  
-0.2320275824  
0.04418899386  
0.003441312634  
-0.3670274769  
0.8973038944  
1.902967187  
1.021476578  
-0.5438237213  
1.197948809  
-0.9766143082  
0.3354107227  
1.047875064  
-1.213572749  
0.3175243194  
-0.3201101151  
-0.9482762483  
0.2328737037  
0.0754623096  
0.0210944391  
-0.5291450885  
1.160747652  
0.2763074094  
-1.439991091  
0.2521292154  
0.4706627926  
-0.5296055351  
0.9717274223  
0.766043724  
0.1262416105  
0.7536815199  
0.2159230859  
0.9375101351  
0.06341792256  
-0.4222315031  
-0.5969958629  
0.4399027336  
0.07245724357  
-0.2454449952  
-1.526798468  
0.3358028805  
0.03338818398  
-0.2796823464  
