-0.0924279918  
1.036090708  
-1.776861747  
0.9709267688  
0.6116175449  
-0.6889109653  
-0.1004774206  
-0.6249656718  
-0.2387451567  
0.4652271584  
-0.3495087448  
0.2937422586  
-0.7528842897  
-1.437926697  
0.36111209  
-0.2950871796  
1.491515292  
0.5072549959  
-0.006884008109  
-1.856549163  
1.060203653  
-0.9627800665  
-0.2907838667  
0.6626153988  
0.04230238667  
-0.09828291453  
0.7215213792  
-0.3762653877  
-0.7790809994  
-1.340372433  
1.174396938  
0.03076789281  
0.6734147387  
-0.1736862438  
0.9223884819  
0.7543091649  
-0.5538491412  
-0.9595174126  
0.266444065  
0.415726803  
0.05636637812  
-1.112975071  
-0.2015613347  
-0.05356391656  
-0.6334056934  
-0.4192832631  
0.1721570434  
-1.67993833  
0.7470622583  
0.1835045359  
-1.59045495  
0.8507101422  
0.7158214522  
-1.222885547  
