1.65426548  
0.5404943426  
-0.5402731023  
-0.5371369496  
0.9680332715  
3.332130611  
-0.6916532063  
-0.3212338182  
1.259644491  
-0.7480459577  
1.194113244  
-1.366044304  
-0.4782235974  
-0.1267010711  
0.2159110944  
2.420198235  
0.2795653609  
0.1728737136  
-0.1727290439  
0.6241230501  
-1.33414841  
1.807866387  
-1.258144112  
1.269445171  
5.232084586  
2.552837907  
-0.136089054  
1.008667466  
2.122959752  
1.069280288  
0.8020521606  
0.4394055157  
1.051771471  
-0.1911723207  
-0.2800852608  
0.4846177234  
1.277170476  
1.448670201  
2.245959857  
0.07701162709  
-0.2321248418  
-0.7322468893  
0.8141060854  
1.516772584  
0.4611573868  
0.421636564  
0.04772601974  
0.9407878766  
2.292384588  
-0.6621804362  
1.541122491  
0.5508500798  
1.743587067  
-1.242934282  
