-0.5082667778  
-0.5338993421  
-0.3445627682  
-2.600048225  
-1.156083574  
-1.795103432  
-1.300291086  
-1.799975384  
-0.2120696072  
-1.522959785  
-0.9951751368  
-0.4727478746  
0.06127278839  
-0.1692295414  
0.9941713135  
-1.30149307  
-0.4398593382  
-0.4700870565  
-0.6665275076  
0.2393567354  
-0.3323834516  
-1.958526045  
-0.2990785115  
-0.6683433059  
-0.7131884854  
-1.35488386  
-2.833585528  
-0.9109109526  
-2.638008492  
-0.4572445857  
-2.161594601  
-0.5835727699  
-0.863317927  
-0.4173078067  
1.074239792  
-1.678339459  
0.1456140548  
-0.7166264813  
0.09633793158  
-2.681375484  
-1.436670894  
-0.6732594683  
-0.65894311  
-1.549793457  
-1.311282681  
-0.4817107708  
-1.257583542  
-0.7186449413  
-0.133598466  
-0.8754486042  
-1.266152304  
-0.1836206103  
-0.7660396629  
-0.1191466792  
