-1.326515094  
1.14669113  
-1.099803467  
-0.2748149101  
-0.4669842133  
-0.01822471376  
-2.545258329  
-1.586629958  
-1.591236785  
-0.8269713032  
-1.364540136  
-0.5060643738  
-2.007602212  
-0.1628184034  
0.5251532899  
-0.8832824694  
-0.2429673271  
-0.4454374628  
-1.197356457  
0.412522546  
-1.443494763  
-0.82071088  
-2.008191677  
-0.9293448884  
-2.468793671  
-0.5021679734  
-2.246941098  
0.04917817159  
-1.925147728  
0.2095456782  
-1.313609927  
-1.332240995  
-0.1212037889  
0.1013729442  
-0.05640926777  
-1.752948895  
0.1597132763  
-1.855350776  
-0.7641867085  
-2.597339139  
-0.7865852893  
-2.031069373  
-1.843054763  
-1.787106526  
-0.3562048138  
-1.596660654  
-1.1573503  
-0.349551988  
-0.001891089522  
-2.342147033  
-2.932826901  
0.08655432786  
-1.279891743  
-0.1870567256  
