-1.396876882  
0.5569688991  
0.6211192698  
0.9496648359  
-1.851190771  
-1.187803172  
-2.188878088  
-0.4430614608  
-1.982234149  
-0.1740183693  
-0.6435122536  
0.3857800651  
0.3440737471  
0.179455812  
-1.248454888  
-1.823422617  
-0.4434996134  
0.05666679614  
-1.958891376  
0.233927982  
1.683886162  
-0.5124017825  
0.03058370752  
0.4325480896  
-0.2216105971  
0.3071763421  
0.5569337047  
-0.3045499817  
-1.462468395  
-1.525076477  
-2.041096963  
-1.081770046  
-1.057900341  
0.3735015954  
-1.163530112  
-2.526244176  
-0.1314632401  
-1.047183752  
0.7017596191  
-0.6970246191  
-1.585860776  
0.1220359834  
-0.6773259373  
-0.4952820541  
-0.8172051969  
-0.07795422897  
-1.64841592  
-1.124600956  
-0.5906859541  
1.372717024  
-0.6252874824  
-0.5024607989  
-0.2482058694  
-0.3760846428  
