0.8321893988  
-2.28850728  
0.1866608705  
-2.859766555  
-0.7901173344  
-0.1929086859  
0.5639135828  
0.242636779  
0.2182935178  
0.9300118269  
0.4162353548  
1.33581146  
0.7086124218  
-0.7508582198  
1.104802289  
0.3703385009  
-1.188686398  
0.794092685  
0.1600862243  
0.8070586167  
-0.1295589099  
-1.907890872  
2.419495145  
1.828617163  
-0.5174687602  
-0.2704930898  
0.526996346  
1.478137747  
0.2726902664  
4.088602085  
0.3184575156  
-0.1398030819  
-0.4853574781  
1.026005975  
0.07520249604  
2.081272897  
2.53116747  
1.628101951  
1.087950379  
1.520657424  
-0.6766045309  
1.002420362  
-1.038778925  
0.6390227918  
-0.7831596332  
-0.4300930433  
-2.513222682  
0.825067398  
1.401314529  
0.62002589  
-1.55536659  
-0.05392727962  
1.566422595  
0.3890908155  
