-0.4362790236  
2.019933233  
1.762589157  
1.097099368  
0.4747105523  
-1.046481485  
1.866719289  
0.06233748259  
0.5519691118  
0.03772127648  
1.496664278  
-0.1171472359  
1.294253603  
1.089958616  
-0.8559891503  
0.5863496708  
-1.073641597  
0.700876207  
0.03002502299  
0.7345382802  
-0.5506442315  
0.5330268413  
-0.2978015817  
-1.492735472  
0.5495806838  
0.3582631773  
-0.3068699474  
0.04946652908  
2.012412159  
0.3845334613  
-0.4366666583  
-0.5663541297  
-2.952310506  
2.018881606  
1.339991425  
0.4903519663  
1.683322166  
0.319962418  
-0.3038928014  
0.3997021674  
0.3943836008  
2.104172252  
0.1057837209  
0.6004871653  
-0.8397088795  
1.002400998  
-0.3147874277  
-0.5934557266  
0.1071542253  
0.6756890238  
1.229709911  
1.805646854  
-0.4744620406  
1.070310517  
