-1.174445995  
-0.605475244  
-0.3879630566  
-1.184231424  
-0.5343861455  
0.0487139857  
-0.5200397222  
-0.8395690201  
-2.279175353  
-1.025467213  
-0.7980836792  
-0.26808033  
0.2950291772  
0.1185364907  
-0.2385162422  
-1.341434075  
-0.5612188727  
-0.8813933543  
-1.919378083  
-0.777969684  
-0.2746156  
-1.229745255  
0.504827495  
-0.2688976249  
-1.57505344  
-0.9425276796  
-0.4023760806  
-0.3695232867  
-0.3524904639  
-0.467410478  
-0.6253973124  
-0.7450184903  
-1.42011565  
0.2079090743  
-1.307180642  
-2.626226958  
-0.07150878452  
-0.2091294621  
1.085316836  
-0.4958535139  
0.2932779281  
0.8033824146  
-0.6699065349  
-0.6848552134  
-1.084960579  
-0.776088497  
0.1583841236  
-0.9351096956  
-0.625870283  
1.264812442  
-1.403086093  
0.4646887468  
-1.759280553  
0.6789454818  
