0.6168308366  
-0.4281243706  
0.4582327171  
-0.8188433061  
-0.1496171811  
1.786212041  
-1.442778397  
-1.54964137  
-0.3562214323  
-1.383162606  
0.330390706  
-1.199599701  
-1.34879415  
-0.2024197094  
-0.2126729407  
1.008762369  
0.8968189225  
-0.8489651952  
2.048392506  
1.053707831  
-0.2555298997  
-1.413179595  
-0.7090319093  
0.288090551  
-0.123265763  
1.289480891  
-0.5135976422  
0.9772057163  
0.2276969059  
1.31051754  
0.5395224115  
-0.04253477753  
-1.318598301  
-0.4382923832  
-0.2478915732  
0.03499452975  
0.1709217477  
1.298991906  
-0.09909377119  
-1.401079073  
-2.071504572  
0.01453288465  
0.2123861687  
0.02050492726  
-0.1291001303  
-1.209238744  
-0.9420099485  
-0.4665529355  
1.386540459  
-0.4252998996  
-0.5722026838  
0.5646638385  
-1.229774562  
-1.177858255  
