0.2601989531  
-2.053108306  
0.1709552572  
-2.778826458  
-1.789251433  
1.727332454  
-2.066547337  
-1.581478686  
0.5890691704  
0.4397363788  
2.072345043  
-1.549556306  
-3.28259847  
1.179776332  
-0.5876068  
-1.916833114  
-0.8179431362  
-1.307915921  
-3.269513696  
-3.296017537  
-0.06734451769  
-1.543161318  
-1.315831648  
1.216617201  
1.13749821  
-0.7527094828  
2.181929298  
1.605321981  
1.479301507  
-0.0737660138  
1.1875321  
-0.6743102787  
-0.9775190761  
-0.8344401051  
-1.140928866  
1.201005799  
-0.8898191719  
1.713519839  
0.8619113508  
-2.984985753  
-1.819241131  
-2.649995559  
-3.120492409  
-0.1449306356  
-3.564765899  
0.192262756  
-1.975020804  
0.3723833028  
0.2590933971  
-0.409446681  
0.09907395824  
0.1799198025  
0.2476906998  
-0.3891906432  
