0.1950221515  
0.2195318661  
-1.146054614  
0.937354682  
-0.2393295003  
-0.1972080818  
-0.7451279908  
-0.4540093082  
0.1526490114  
0.796673367  
0.07060618531  
1.225669995  
-1.05501475  
-0.5994949872  
0.7228072975  
-0.2681615758  
0.8231561914  
-0.10175046  
0.1160151247  
-1.320534667  
0.04337252629  
-1.04838826  
-0.1218887256  
0.4213690187  
-0.2329081563  
0.8981534933  
0.7186003597  
-0.5094220687  
0.7890387508  
-0.3431357026  
1.523289153  
0.202243183  
0.9138881318  
-0.3588940697  
1.706665407  
0.1202660944  
0.4241191596  
-0.3584240338  
-0.3026925493  
1.233329802  
0.01970124399  
-1.271448084  
-0.4808525973  
-0.2676852509  
-1.250335856  
0.1241307759  
0.5896677592  
-0.8444171041  
-0.6998634052  
-0.2805583652  
-1.353116118  
0.5922767923  
0.2949698906  
-0.7162111073  
