-0.5883595906  
-0.5220905006  
-2.609190621  
0.6085195009  
1.667859168  
-1.1697299  
-1.040211521  
-0.2637204235  
-0.1115627578  
0.8487063891  
-1.666291235  
-0.5972061101  
-0.2801930898  
0.6043156685  
1.001983541  
-0.1214936152  
0.8417324184  
0.4787511687  
-0.0359751524  
-0.429545728  
0.2104383355  
0.2087137112  
-0.784457795  
-0.1174382186  
0.1663925251  
0.3863500903  
-0.8584424119  
-0.1600457433  
-0.06653313469  
-0.8648189992  
1.0528343  
-0.4015136822  
0.3141530884  
-0.6068731929  
0.1237261719  
-0.2584783694  
0.8224633351  
-0.5243119915  
1.00545374  
0.03277728051  
-0.7036090946  
-0.1591018102  
-0.1935072276  
-0.2126655179  
-1.132704228  
-0.7253263305  
0.9181476307  
-1.189698606  
-0.2520564482  
0.02476406097  
-0.3739929962  
0.5898322427  
0.4793336059  
-1.764756726  
