-0.3616551042  
0.6149348469  
-0.2720893701  
0.825211766  
-0.4930675062  
-0.6220682685  
-0.3271879275  
-0.3881829873  
0.3583769431  
1.063855029  
0.5580032746  
0.3318357497  
-0.5942082002  
-0.5255551381  
0.2156629096  
0.6605523635  
0.7590326991  
-0.2466216061  
0.9418342968  
-0.8740770089  
0.6356667958  
-0.7773874937  
-0.4944851063  
0.3962975049  
-0.05326266614  
0.9868308727  
1.346460952  
-0.2299464231  
1.761820594  
-0.4917417111  
1.470158715  
0.9490376142  
-0.3594543999  
-0.2906538531  
1.612818844  
0.8003411275  
0.1167195038  
0.1456638813  
-0.5528913333  
1.701108534  
-0.1210120875  
-1.130623118  
-0.1716432802  
-0.3721286211  
-0.9880373037  
-0.05839424806  
0.858805922  
-0.6582523559  
0.01239862642  
0.6325997457  
-1.071761633  
0.7099541342  
0.4407889433  
0.1038907711  
