0.1921622669  
1.169991797  
-0.4524937708  
1.696452154  
0.5350867581  
-1.242087278  
0.152889789  
0.8199158398  
-0.2662650765  
-0.9485917617  
-0.1129947677  
-1.164043078  
-0.9116132053  
0.5814678341  
1.442015308  
-1.549339038  
-0.2345784291  
1.418812572  
-0.7126068179  
-1.61884659  
-0.3372588721  
-0.2984136163  
-0.1602815974  
1.493960438  
-1.550109505  
-1.395343347  
-2.11973905  
-0.2290987096  
-0.3020953195  
0.8914352607  
0.964219076  
0.3280943083  
1.015790081  
0.3452834702  
0.1451215835  
-0.4642476144  
-0.7976804818  
1.419959734  
-0.3250589996  
0.1274507963  
-1.017093986  
0.3169983976  
0.5111283819  
-0.1350752302  
0.04491886569  
-0.1860906592  
0.529250214  
0.5326831222  
0.2354846075  
-1.024356423  
-0.3037141226  
0.8844705262  
-0.3457069022  
1.141967605  
