1.118122705  
-1.82201351  
-1.049433427  
-0.3374092997  
0.1404382516  
0.7360416105  
-2.002961057  
0.2255775459  
-0.01425881488  
-0.3673854306  
-0.08797030131  
-0.5198818237  
-1.814293657  
-1.547076186  
0.1918316735  
-0.4144655002  
1.172646635  
-2.02775068  
0.03753059848  
-0.1517352596  
0.8505059312  
-0.02598663086  
-0.09917209101  
1.144175881  
-0.2466123461  
-0.3880375396  
0.6963222603  
-0.3488685159  
-0.7495867138  
-0.9492563016  
1.108691344  
1.014826681  
1.765077105  
-1.642693283  
0.09848234636  
0.932431174  
-1.261035917  
-0.918843775  
0.7255789449  
-0.3664649555  
-0.9560076837  
-2.003398391  
0.3988625564  
-0.6382005932  
-0.3736747718  
-1.025358295  
0.2829934953  
-0.1307803089  
0.07289330367  
0.8421980229  
-1.184228518  
-1.004251935  
0.4859894577  
-0.6362845253  
