0.04803402247  
0.2577692304  
-0.6295010134  
-0.3954086846  
-1.307620832  
-0.3869449821  
-2.604630844  
-2.566395688  
-0.881792549  
-3.127196195  
-0.7969007545  
-0.2413320669  
-2.172105872  
-1.738355134  
-1.262634906  
-1.544619206  
-0.8857972302  
-0.6897804274  
0.4675514769  
0.9733453485  
-2.746645878  
-0.7018708535  
-0.09341947079  
-0.1447082301  
-0.8975845497  
-0.9216299678  
-1.528638581  
-0.516884724  
-0.9543765672  
-0.2817896587  
-2.860216828  
-1.64409016  
-1.682029658  
-0.7304053038  
-1.997002066  
-4.2104133  
-0.6237118784  
-1.067953435  
0.1480667478  
-2.178453517  
-2.890536685  
-1.447975878  
-1.702216874  
-2.244478801  
-0.5456739459  
-1.621326822  
-0.3822141484  
-1.534609938  
-0.9742735064  
0.4828548148  
-2.57005033  
0.4301484588  
-2.387497817  
0.183920872  
