-0.2294749302  
-0.3415756689  
-1.468881753  
-1.067481428  
-0.6057422621  
-1.247652836  
-1.038620668  
-0.1115920141  
-0.1470274258  
-1.377877751  
-0.7539534217  
0.01759502427  
-1.653702114  
0.7515077802  
-0.1192742335  
0.4024273251  
-0.4966056056  
0.2279678747  
0.1679847182  
1.025796424  
0.06719526005  
-0.03721000432  
-0.1091526451  
0.5589929623  
-0.7579939271  
-1.61303057  
-1.014593628  
1.274809378  
-0.3906204287  
0.1093858863  
-0.9523921  
-1.403930366  
1.000537166  
-0.4965859347  
-1.819287501  
-2.342319736  
-0.9613880714  
-0.2401412234  
-1.388475644  
-2.471067694  
-1.237610566  
-0.08450183095  
-0.3157291775  
-1.049859382  
-0.5867396715  
-1.11753699  
-0.7399105287  
-1.485109012  
0.6072108952  
-0.691577003  
-2.346528137  
0.1522995708  
-0.6081325159  
-0.9316106763  
