-0.8779968831  
-0.4009833326  
0.4424121866  
-0.6857887447  
-1.169241864  
2.171642884  
-1.1326398  
0.09607593558  
0.1173765992  
1.059824846  
2.830570422  
1.143486351  
0.7096734846  
-0.2357260797  
-0.5111886584  
1.066686335  
-0.2188748757  
-0.9594238706  
-0.4958609252  
1.201049854  
0.7809136557  
-1.333316905  
0.6562879772  
2.597332885  
-0.9582013694  
0.5707459505  
-1.015221365  
0.5952281756  
0.02498579643  
2.468636197  
0.02570422856  
-0.9168536232  
1.947925527  
0.3156497627  
0.4292440354  
1.715244224  
1.120084792  
0.8779587491  
0.5227071829  
2.411616589  
0.2078793253  
-0.7075803735  
-0.695462182  
1.114967757  
0.9058472183  
-0.2277718042  
-2.520932411  
-0.6444792812  
0.47051941  
-1.614039031  
-0.9355695165  
0.6877308817  
0.4528966726  
-0.360633052  
