0.1796217286  
0.3914919437  
1.248432597  
-0.2543634568  
-0.728584568  
-0.7049871065  
0.7757431597  
0.3651780005  
-1.52125364  
0.4399651596  
0.640064661  
-1.138778578  
1.31730373  
0.8061300678  
-0.1735828502  
1.008401481  
-1.230301894  
0.9028063215  
1.662290413  
0.8852030528  
0.2628019263  
-1.052233883  
-0.08701327136  
-0.09702768286  
0.6197501021  
-1.088390578  
0.9263653939  
-1.001921861  
0.9671837059  
-0.4124508628  
-1.89602201  
-0.7268730192  
-1.177640219  
0.6505304237  
-0.1672592871  
-1.137378927  
1.653785462  
0.9545681413  
-0.5691653749  
0.8167304049  
0.1431973451  
1.141072002  
0.09805633676  
-0.04768760623  
1.071801033  
-0.7346147637  
1.455201479  
0.01763045766  
0.5656040553  
-0.08287461519  
1.242560077  
-0.5979495302  
-0.1342465145  
1.549488732  
