0.4488445176  
-0.8317995453  
-1.900456973  
-1.137267441  
-1.1003921  
-0.1306130369  
-2.349814714  
-1.391575798  
0.1489535417  
-2.446386443  
-0.2981053451  
-0.7775846818  
-0.839433477  
-0.2035541087  
-1.013414655  
-0.4834248272  
0.2377582973  
-0.7927098033  
1.196487398  
1.562896651  
-2.003975553  
-0.2539087481  
3.337425551  
-0.9185911081  
1.217150201  
-0.2034690485  
-0.7431211857  
-0.6223044238  
1.654291545  
-0.4189823968  
0.03898880642  
-0.8606170116  
-2.163982461  
-0.2692373599  
-2.731760271  
-1.100304637  
-1.257114613  
0.3621147635  
1.362454435  
-2.514051712  
-0.6360575948  
-0.4496776714  
-0.446070231  
-0.8281894865  
-2.05465576  
0.5546551294  
-1.100935108  
-1.472993462  
-0.5485252864  
0.1987988496  
-0.8045964047  
1.31197265  
-0.5477889084  
-0.9945150836  
