0.3244732469  
0.4257201931  
-0.1627052434  
0.6311674849  
0.4761132033  
-1.604601772  
1.625323758  
1.136961038  
-0.2814658041  
-1.543778728  
0.8545115739  
0.2932934369  
0.2497093807  
-0.1706156599  
0.8036204161  
-0.5559987894  
0.6221666132  
0.5754637946  
-0.161178675  
1.22947235  
-2.115663136  
-0.6848946574  
-1.433693355  
0.4676303369  
-0.9221685513  
0.5772866866  
-1.468964374  
0.2400515045  
-0.6747034098  
0.2971376412  
1.434176441  
-0.5381429073  
-1.409756159  
-0.4534340756  
0.09758235357  
-0.4942023711  
1.713998644  
1.195017397  
-0.6826128975  
0.08916652908  
-1.198462229  
-0.7212219376  
-0.8171616802  
1.50470872  
-0.03965285969  
0.3858470066  
-1.045683249  
0.3611249298  
-1.664494014  
0.7489579656  
-0.6979611312  
1.554666478  
-0.3267915763  
0.6854835176  
