-4.501705026e-05  
0.8775153345  
-1.098425259  
1.535174547  
-0.8356143929  
-0.02127296982  
0.1744409222  
0.3752354848  
-1.022485768  
0.1545480431  
1.495123178  
1.906149718  
-0.4337360675  
0.3202132647  
1.167288353  
-1.483977766  
-0.3991887237  
1.487014369  
-0.1969223305  
-0.06066600863  
0.4400458266  
1.241691519  
-1.626279501  
1.389275464  
0.03500245589  
-0.282739199  
-0.5652172837  
-0.1881152211  
0.629112269  
0.136607056  
1.049664443  
0.06807978451  
0.1286910476  
-0.8783355235  
0.38938664  
0.8506940197  
0.5364296322  
0.9105506054  
0.5465676423  
0.4770675316  
-0.01760138263  
-0.338379788  
0.5891106404  
0.05268370066  
-0.03399968218  
-0.5778352997  
0.09594010947  
-0.4136790002  
0.5856839079  
0.590816487  
0.04212786964  
-0.01098469202  
0.6135220823  
1.515845729  
