-0.3263890381  
-0.4813716435  
-0.2663827787  
-1.277944832  
-0.6481408215  
-0.957443134  
-2.062586757  
-1.211207048  
-0.656560375  
-0.2822436221  
-0.3666553557  
0.3379883404  
-1.202035534  
-0.6501136594  
0.6112870181  
-1.110762573  
-1.120080078  
-1.04761763  
-0.2055708252  
0.002531954533  
-0.32724172  
-1.787371967  
-0.08139383724  
-0.7040793122  
-0.788487489  
-1.523479659  
-0.9654406066  
2.396319666  
-2.00612196  
0.76964855  
-1.653750234  
-0.9063766345  
-0.5918078699  
-0.5976883273  
-0.2342667375  
-1.441365293  
0.5913975586  
-1.150326708  
0.02970531434  
-3.672113836  
-1.143922993  
-0.7735305825  
-1.463834702  
-1.922295599  
0.3317802841  
-0.7061394272  
-0.8949541086  
-0.759394304  
0.5802599072  
-1.355486225  
-3.052088106  
-0.1825285684  
0.02610601161  
-0.07706181717  
