-0.1965635628  
0.3118756252  
-0.3639967439  
0.4548878887  
-0.2686312266  
1.383363094  
-0.143352096  
-0.0648445963  
-0.07917274028  
1.181350042  
-0.6090580297  
0.9846150509  
-1.132490124  
-0.3136270181  
0.3252463322  
0.00900514351  
0.5842108137  
-0.4562494878  
0.5710530118  
-0.9173357101  
0.3684706029  
-0.4948819394  
-0.6376418863  
-0.2143795794  
-0.4332027426  
1.346458441  
-0.33569729  
-0.1381440549  
0.8208804885  
-0.3021667785  
-0.8589686123  
0.6712441267  
0.1859696908  
-0.9222468918  
-2.532870337  
-0.3372645278  
0.5747736341  
0.1499638102  
-0.2040800097  
0.2275289354  
0.1114787284  
-0.3965044723  
0.4574860044  
0.5267336996  
-0.3593161833  
0.2371490959  
-1.254618844  
-1.246532165  
-0.390344475  
-0.1558335793  
0.6482028128  
-0.6154987467  
0.3760107763  
0.4535724245  
