0.8966498506  
-0.1995198934  
-1.081969403  
1.524165839  
0.2752179062  
-0.8888603991  
0.01787943492  
-1.941872853  
-0.711878706  
-0.5937451904  
0.2962283112  
-0.2193838169  
-0.6823715413  
-0.2678059024  
0.1414576095  
0.2273635556  
-0.002412339919  
1.292887463  
0.9460985757  
-0.2890121576  
0.6681095307  
-0.4495165323  
-0.254153763  
-0.3205327007  
-1.468515504  
-0.3619634455  
0.1964798094  
-1.021858213  
-0.5632915422  
-1.347048376  
-0.4614116503  
0.3814734509  
0.7727671086  
-0.2222963584  
-0.7719707723  
-0.4128242973  
-1.438530224  
-1.068884656  
-0.3597488159  
1.085446561  
0.3904135326  
0.3916302868  
0.02633604846  
-0.4232080134  
-0.4072563577  
0.5445330746  
-0.476707737  
-0.6710242575  
0.1962817786  
0.3009801569  
-1.318344763  
0.0600023617  
0.726979164  
0.2718894299  
