1.413284915  
-0.7400816373  
0.5284386373  
0.5554195517  
0.6726599132  
0.03316255139  
-0.9862448589  
0.4259634208  
0.8981236418  
-0.566334046  
1.646937841  
-0.9827807867  
-1.317674442  
-0.8705991209  
-0.3593643041  
0.008666549858  
1.100909884  
-2.088060881  
0.2752122689  
0.5499191388  
0.7139752865  
0.428451189  
-0.4677143175  
0.1540576924  
0.9146417928  
-0.2253879591  
1.171550868  
-0.3373796126  
1.068849011  
-1.308499371  
1.195585447  
0.9108810346  
-0.3438091392  
-0.3475550885  
1.69630466  
1.843446336  
0.2025201566  
-1.099251189  
0.7209233346  
-0.03384537073  
-0.8052048581  
-1.445118126  
0.7181235697  
-0.220502679  
-1.216761825  
-0.3281672654  
0.1056501977  
-0.8719717511  
0.3952947054  
1.760355266  
-0.5082200448  
0.5056987664  
0.1244663522  
0.2063553247  
