-1.295792999  
-0.4759377612  
0.3926060613  
1.156428886  
-1.022311231  
-0.4479655894  
-1.502993297  
-0.9347584356  
-2.450526499  
-0.5312651289  
-0.5111630474  
0.5729377912  
0.8147657174  
-0.9554546379  
-0.3556851164  
-1.094185025  
-0.3933571663  
0.08473966842  
-2.018150603  
-2.103553773  
0.1258498657  
-0.5094839755  
-0.9143725817  
-0.02916252439  
-0.4957550319  
0.5296657504  
-0.6158624468  
-1.669515839  
-0.03549329566  
-1.105040209  
-1.805748401  
-1.57672124  
-0.9149094311  
0.2682700741  
-1.356326857  
-0.894504535  
0.1531088003  
-0.3211005654  
0.08982258177  
-0.8586686908  
-1.279298077  
0.07028560389  
-1.224788928  
-0.9390254867  
-2.125922386  
-0.4436240002  
0.06346991747  
-1.640806215  
0.6357862865  
0.2844359645  
-1.587816734  
-0.4714245205  
-0.5256743787  
-0.165306929  
