0.2272218693  
0.6953740083  
0.009277763692  
0.02657650953  
-0.06945826121  
-0.2442814322  
1.024632436  
0.3387324392  
1.5167746  
0.7581813354  
-0.8742421313  
0.6629491895  
0.1095012912  
0.5366139323  
-0.4087327732  
0.7815631482  
0.04950708138  
-0.3130285997  
0.7827123448  
0.4206640192  
0.7002469267  
-0.2447675853  
-0.151090628  
0.6055467888  
0.8213372385  
1.571604129  
0.3620049116  
-0.3050704563  
-0.1611169411  
-0.3219991645  
0.4717392339  
-0.2704285126  
0.6855726862  
0.4938965374  
0.6269752343  
0.1969145871  
-0.070016686  
-0.6966332739  
0.1932115131  
1.620186243  
0.004951098426  
-1.305075948  
0.2549061206  
-0.425976275  
-0.8199538266  
-0.1245202998  
0.1904343831  
-1.552695832  
0.1661351731  
1.082457003  
-0.8147343988  
0.9349819012  
1.489419225  
-1.966137267  
