0.7866041074  
-0.5087912923  
0.9903349805  
-0.3302833292  
0.07486883534  
-0.05331736735  
-0.3965955852  
-0.7305909575  
-0.8934296023  
-1.693220654  
-1.822265215  
0.1714719684  
-2.152713755  
1.287288626  
-0.2778722966  
-0.4774800727  
-1.267461353  
-0.4179786138  
-1.148110151  
0.142625628  
-1.942962779  
-0.4263990698  
-2.119200565  
-0.5423593407  
-0.6057639764  
0.570826809  
-0.8812580187  
-0.2123276342  
0.1571771773  
-0.425346187  
-0.5429103039  
-1.681435545  
-0.1581252178  
-1.649918907  
-0.9679523869  
-0.8582248898  
1.242541689  
0.05210528082  
-0.08316995208  
-0.7991108382  
-1.685568217  
-1.776038595  
-0.1747144491  
-0.916487392  
-0.5136316171  
-1.247637377  
-0.1326759398  
0.2124808241  
0.5565949936  
-0.419222759  
-1.479843953  
0.2409404669  
-0.3835214949  
0.5000142374  
