-0.02108712774  
-0.8313532225  
-0.743239991  
0.6345394378  
-0.2682319053  
-1.358105672  
0.3781961384  
0.7827773951  
-2.065349631  
-0.4699146341  
1.037476631  
0.7905807872  
-0.1169982957  
0.2542904371  
1.545870212  
-0.3103829096  
0.3695375986  
-1.075804962  
0.003975235655  
0.560899653  
0.08871702068  
-0.8711290336  
-0.6337678196  
0.09816929423  
-0.8656515384  
1.773469355  
-0.7462890695  
-0.6132224841  
-1.088546268  
0.02992178496  
-0.8066238627  
-0.4146443034  
0.349495012  
-0.1040748266  
-0.5364602206  
-0.418013886  
0.962642439  
0.9926422306  
-0.09532988452  
1.240230656  
-0.5543685371  
-0.5660155441  
0.5126051301  
0.114334694  
-1.079735497  
-1.591093783  
-0.5434246798  
0.8454911538  
-0.01944053169  
-0.6339088156  
-0.1985262258  
-0.7052054794  
-0.7268419957  
0.01672613362  
