-0.8161827933  
0.3663815111  
-0.0394598483  
-0.1085314484  
-1.074278757  
1.950457416  
-0.9165425111  
1.158385295  
0.1900004433  
0.5647748666  
-1.324791762  
0.3730590076  
-1.103609127  
-0.3813050588  
0.719317035  
-0.7801241447  
-0.2317070663  
-0.1017833373  
0.4080871781  
-0.07462942209  
0.07581475436  
-0.1131837078  
-0.4025639075  
0.9014661828  
-0.3770626231  
1.516144736  
-0.66660298  
-0.2490060451  
0.5642371103  
-0.2663133903  
-0.4663055139  
0.02210349985  
-0.02944532605  
-0.4699590459  
-1.346459578  
-0.9391228266  
-0.2686664021  
0.2138810064  
-0.6549201522  
-0.530324311  
-0.05363338316  
-0.3271211454  
0.1460535523  
0.9054839368  
-0.1698546619  
-0.8310693426  
-1.007861483  
-0.8184056207  
0.4717541825  
0.1316333069  
-0.2361811768  
-0.5319942205  
0.6745479323  
0.06414076043  
