-1.304070346  
0.8742581163  
-1.11001208  
-1.851867108  
-0.731800738  
0.2517102598  
-2.099479023  
-2.490796808  
-1.125145873  
-2.129189633  
0.4401669898  
-0.1239468911  
-1.086879762  
-0.421632583  
0.7519990986  
-1.419717198  
0.140102663  
-0.7038958232  
-0.8926669278  
0.8515650335  
-0.72448936  
-0.9962004141  
-1.085884505  
-0.7693084949  
-2.407708045  
-0.1822165712  
-1.823360544  
-0.6834653343  
-1.724743776  
-0.1235970355  
-1.611314632  
-0.3368565594  
-1.243921029  
-0.82738649  
0.2915046418  
-3.475739173  
-0.2617564222  
-2.382278234  
-0.6563847165  
-1.670544744  
-1.275356829  
-1.446751508  
-2.021412394  
-1.689248001  
0.7022599074  
-0.6805200781  
-1.13474439  
-1.169018169  
-1.282605053  
-2.396101621  
-0.7209329974  
0.7547030058  
-0.6953207894  
-0.9088486147  
