-1.125744016  
0.3118961397  
1.102259669  
-1.76898002  
-0.4933766685  
1.447007523  
1.327199568  
-1.98561056  
-1.262148372  
1.024487124  
-1.032125119  
-0.39017641  
-0.9505903451  
1.337353347  
-0.7237300877  
-2.464571346  
-0.7152677749  
0.9481152949  
0.2116007227  
-1.117207676  
-4.175108285  
-2.852391772  
-0.7842889747  
-3.162211382  
-0.5234934855  
-0.1674139313  
0.3284692022  
-0.8456625563  
-0.8285819912  
-0.183758902  
0.3749834933  
-0.200246253  
-0.7836179778  
0.1237238227  
1.486061505  
1.560336968  
0.6998398227  
1.506448371  
-0.9666924837  
-0.6364796992  
-0.2781345244  
-0.1172805385  
1.921577128  
-1.17726047  
-3.17490459  
-0.6718444899  
-1.156100884  
2.123802562  
0.1425039095  
1.036029565  
-1.727625449  
-1.059856235  
0.5132453065  
-0.6390279941  
