0.268452763  
-0.4973176898  
1.278009535  
-1.073677496  
-0.3753476194  
-0.08578337389  
0.3901284156  
-0.04737930245  
0.8895733251  
-0.2010064253  
0.7005233729  
-0.4009617512  
1.314994121  
0.643483616  
-0.012613426  
1.195704248  
-1.706999791  
-0.5570527463  
0.5727417974  
0.2642281356  
-0.2509155778  
1.049705598  
-0.476770612  
-0.706709739  
0.3294669241  
0.3409611736  
-0.2796282123  
0.08117910081  
1.741770891  
0.6824326439  
-0.5045842124  
-0.03095114782  
-0.9027256108  
0.03052565569  
-0.5063814718  
0.2466647379  
0.4133721427  
0.8029875402  
-0.473955907  
1.283111965  
-0.04750523498  
1.437332556  
0.172084152  
-0.03495631964  
0.1193839475  
0.7962553701  
0.1619455933  
1.593214371  
0.07858019241  
0.7239509574  
1.230621921  
-0.1779082898  
-0.2333535857  
0.8490297042  
