-0.404424698  
-0.1587378612  
-0.4983211649  
-2.532000606  
-1.043467195  
-0.4483078504  
-2.165942472  
-2.693295887  
-0.8087657429  
-0.6818109083  
-0.3378795409  
-0.277900039  
-1.604262251  
-0.1405759905  
0.8122966446  
-3.258458443  
-2.437225049  
0.1324263382  
-1.133173478  
0.2205643864  
-0.9982455981  
-0.2609831875  
-1.23938671  
-0.8849756077  
0.2568881693  
-1.525148078  
-0.8681414947  
1.152719943  
-0.7644042309  
-2.631464837  
-0.7046014309  
-2.424693671  
0.5117425823  
-0.3951425274  
-1.397746761  
-1.000146733  
0.1601661337  
-0.768063032  
-0.9544145055  
-2.831917814  
-2.083451186  
0.05209699541  
-3.060197845  
-1.404565455  
-0.5978494276  
-1.295777282  
-0.5957877669  
-1.110324337  
-0.2125819059  
-2.2484342  
-2.376703157  
-0.616949935  
-1.33598124  
-0.04751210958  
