0.1811447788  
0.06929398147  
-0.9457958325  
-0.9797585354  
-0.8059254242  
0.9744972441  
-1.133180475  
0.4786485019  
0.2952452579  
-1.558441323  
-2.430938757  
-0.1226424343  
-0.7871346953  
1.260516665  
-0.2999681501  
0.05262081248  
-0.5148115024  
-1.753252205  
1.985830286  
-0.3818050464  
0.1168893191  
-0.4690884526  
-0.4518677649  
-0.07097270153  
-0.08944761984  
-1.014771257  
0.7919179012  
1.038958581  
1.23019062  
0.934761958  
1.693793102  
-0.4628596888  
-2.079895331  
0.166911018  
-1.063949958  
0.9104338803  
2.503087137  
1.988704186  
-0.001114596452  
-1.600217471  
-1.62735854  
0.1464991704  
1.307552669  
-1.124763055  
-0.4398018857  
-0.6859260795  
-1.44589536  
-0.5495353908  
1.674477903  
0.5389738206  
-0.4615941367  
0.8972393639  
-1.281566945  
-0.5324595572  
