-0.3364239348  
-1.251915001  
0.516307291  
-0.9952137949  
-1.042688585  
1.200163551  
-0.1511987175  
-1.480854576  
-0.4938453698  
0.09639377079  
-1.531267829  
-1.071862782  
-1.637909523  
1.457271065  
0.08169703837  
-0.07274519377  
-0.4596866508  
0.4768209761  
-0.1071158871  
-0.04108009538  
-1.412096903  
-1.831820355  
-0.6810022026  
-0.5651245468  
-0.4606910289  
0.1505712499  
-0.8164037629  
0.6926375749  
0.1017259556  
-0.8410266374  
-0.08434551243  
-0.5323660474  
-1.058017463  
-0.4656325382  
0.3133936577  
1.07307652  
0.5122924931  
0.8019866209  
1.559205988  
-2.045820025  
-1.278438377  
-0.08991764824  
0.3402706808  
-0.4148523852  
-0.6820240634  
0.4277536341  
-1.573066206  
0.7724533962  
0.3436849936  
0.3886940149  
-1.46159575  
-1.723613723  
-0.9451745361  
-0.8808986807  
