-1.352368741  
-0.8649620865  
-0.06034532142  
0.7112702978  
-0.1013138208  
-1.123554973  
-0.8345245296  
0.1660671437  
-1.420089667  
-0.4123820402  
-0.505525029  
-0.594902232  
-0.9375850719  
0.1799017218  
0.03644954577  
-0.9094384359  
-0.7559260061  
0.3573583915  
-0.9125004596  
-0.4921500804  
-0.3823347604  
0.03544821054  
-0.6231202296  
0.1618831138  
-0.8535916147  
0.01912999891  
-0.7544601464  
-1.105702181  
-0.3472669748  
-1.286183798  
-1.620014615  
-1.695512197  
-1.239439341  
0.08873343199  
-0.9595370471  
0.08147074044  
-0.04576946832  
-0.3195352375  
-0.647032023  
-1.569590411  
-1.109984778  
0.7640559969  
-3.004627032  
-1.549889184  
-0.4378811707  
-0.4058096415  
0.6945846826  
-1.647549288  
-0.4637658975  
0.6306196344  
-0.8000444607  
-0.4901667497  
-0.1847971573  
-0.2346030799  
