0.4597887453  
-0.6915908591  
0.1760869974  
0.6805845502  
0.31203536  
-0.2280344215  
1.656433544  
-0.2011779709  
-0.8072797715  
-0.3848650767  
0.344584052  
0.2360653975  
-0.7056538449  
-0.3896323455  
0.4104641839  
-1.895951187  
-0.1524491361  
0.934936514  
0.9915896773  
0.5285745048  
-0.2499913648  
0.8871457028  
-0.5026928679  
1.133687036  
-0.5034739972  
0.6232427061  
-0.7965096641  
0.3850548003  
-0.2472229875  
0.2619494454  
-0.1276953325  
0.2553184561  
0.1548958212  
-0.4485961985  
0.9762724428  
-0.9185636742  
0.9586907183  
1.216393532  
-0.01787411676  
0.5630616563  
-0.7861267704  
1.172401265  
-0.3556721464  
-0.6632771421  
-0.6637521574  
-1.398129116  
-0.2433051914  
0.6058446533  
1.407439304  
-0.3453931168  
-0.1744005408  
-1.615651674  
-1.152568803  
0.09048105675  
