-0.6555705864  
0.1474774528  
-1.715582408  
-0.2730238521  
-0.1811309759  
-0.3466966611  
-1.659113242  
-3.446668685  
0.2532585103  
-3.01883813  
-0.07477530421  
-1.238583113  
-0.3274966086  
0.03249679133  
0.74696138  
0.4254525731  
-0.4197586085  
-0.567046986  
-0.725560554  
0.816996507  
-1.311957922  
-1.909028772  
3.260270273  
-0.9952558248  
0.500179122  
-1.150688966  
-0.8836042579  
0.4105442022  
0.0979108554  
-0.2109254472  
0.1689308693  
-0.5086267468  
-1.256415639  
-0.1667446078  
-0.2730945537  
-0.9835145873  
-0.3477229594  
-1.003165775  
0.4456983314  
-1.95109764  
0.341027313  
-1.040102809  
-0.07253017583  
-0.2678755809  
-0.4095389259  
1.764671564  
-1.083641891  
-0.271262427  
-1.140191784  
-1.467224023  
-0.6155578457  
1.249695609  
-0.9122993941  
-1.627959944  
