-0.1217936072  
-0.3004622463  
0.03852296903  
-0.5847783351  
-1.657093533  
1.272354522  
-0.7571270774  
1.23616989  
0.4619360616  
0.1846041405  
-1.292082349  
0.3065264247  
-0.4270706699  
0.1964003022  
1.09408924  
-1.178292358  
0.1906880806  
0.2461141908  
0.4650929302  
0.4317448536  
-0.09202383478  
0.7171883494  
-0.3225149706  
0.3459312836  
-1.124394699  
0.324816303  
-1.528438561  
-0.03836979606  
0.1847693373  
1.303484896  
-0.05497576894  
0.5995863526  
0.4492253398  
-0.9899831509  
-0.3763007696  
-0.2236876075  
-0.8699788988  
-0.2494031665  
-0.2350934697  
-0.214569296  
-0.2822289618  
0.1084135526  
-0.1714471631  
0.5278259345  
-0.3057537531  
-0.9487703332  
-1.045121828  
-0.5239913058  
0.3465046455  
-0.1260308767  
-0.4450398559  
0.3365702662  
0.8302596258  
-0.4235552167  
