2.03072502  
2.204662579  
0.2936305245  
-0.01749598848  
-0.4085609416  
2.911621294  
0.9023860119  
-0.7175659997  
1.459485327  
0.7925389514  
0.8950380236  
0.9458743056  
-1.789624831  
1.007052503  
2.267784971  
0.9249391105  
0.4041668617  
0.7430474622  
0.3039401815  
0.9702430341  
-0.7571527189  
-0.1567795976  
-0.618733797  
0.6540051473  
5.731317716  
1.256939522  
1.065994062  
4.256243462  
2.57891187  
0.04664030189  
3.795478456  
0.700734884  
-0.6027821241  
1.173891079  
1.400889099  
1.139061085  
1.331983989  
2.146395508  
2.77500655  
0.4577023979  
-0.3157088507  
1.578806183  
2.700277087  
1.569782824  
0.05088780327  
2.631625429  
-0.05348080309  
1.892610389  
1.530378924  
0.8277455041  
2.370967008  
0.04900654996  
0.5864941588  
-0.8701647847  
