0.6793983194  
-1.981358643  
-0.7415333338  
2.42303304  
-0.4114693666  
-0.0351293014  
0.273053103  
0.9796325433  
-0.5743317522  
0.2936759041  
0.4602516001  
-0.1023674187  
1.192510653  
1.178920982  
2.061671318  
-0.1679507124  
0.001584630534  
0.304108824  
-0.8174700012  
-0.6295396725  
0.8772501768  
0.354227231  
-0.7545788555  
0.9684916623  
0.06480819896  
0.8864136072  
-2.030768732  
-0.03540620513  
-1.04949349  
-0.1166839719  
0.1502418423  
0.4143381683  
0.9389444897  
0.4086498974  
0.2299695817  
0.1096392572  
0.5258028607  
1.215507248  
0.1856587475  
1.388589737  
-1.29024583  
0.6959421158  
0.300663275  
-0.6491626031  
-1.211967821  
-0.5025935146  
-0.2760563108  
0.6509321964  
-0.4537360843  
-0.3687628904  
-0.9719450092  
-0.559922926  
-0.2137296588  
2.568321977  
