0.1510786407  
-0.2546591452  
-1.399743733  
0.6847705998  
0.238116666  
-0.4480197539  
-0.2140115203  
-0.2814232778  
1.662062194  
-0.3102437624  
-0.1384899538  
0.2199360623  
-0.9692933472  
-0.2832165257  
-0.4867025752  
-0.4554551345  
1.008222539  
-0.936948566  
-1.068811928  
-0.5992392687  
-0.3312813757  
1.127587758  
0.3230230542  
0.1743127585  
-0.534184951  
0.8955016368  
-0.2294563276  
0.3468357288  
0.1800245396  
-0.5129587031  
2.18943026  
0.3558099688  
0.9392531181  
-0.8248105114  
0.493843864  
1.323639759  
-1.131338938  
-0.7858811368  
0.8906604317  
0.6275346768  
-0.1497381573  
-0.9887881184  
0.1997565467  
0.2774366265  
-1.512985369  
0.2687038916  
0.02825264238  
-1.14398998  
0.09892380931  
0.296009522  
-1.548037295  
0.2952866539  
0.646083934  
-2.145791387  
