-0.06723890792  
-0.3921505387  
-1.063745626  
0.9285029415  
-0.3201505862  
-0.6787396666  
-0.6276728894  
-1.436342333  
1.510611015  
-1.019681857  
-1.193232389  
-0.5791153673  
-0.2887048757  
0.8031812783  
0.5602841269  
-0.7481732641  
0.7091462026  
0.1089393767  
0.4345888441  
0.9543268044  
1.426054487  
-0.3035706929  
0.5028413033  
0.5593788755  
-1.553422434  
-0.5551039617  
-0.6019309231  
0.7722472413  
0.5856683458  
-0.2734252992  
-0.006838294847  
-0.8785739736  
0.8301513446  
1.339926644  
-0.4416897807  
0.7136615481  
0.6595377931  
-1.068182483  
0.713799437  
1.169135145  
0.008930412375  
1.284523456  
0.363104773  
-0.2135498306  
0.0004827403887  
-0.9959460917  
-1.231775283  
-1.036169774  
0.6717745247  
0.7228127621  
-1.347532237  
1.096455231  
-0.05642222613  
1.11539214  
