-0.8018925575  
0.2497625784  
-0.7624350407  
-0.478747005  
0.2879443919  
0.4137902405  
-1.394692312  
-2.113083653  
-1.194433917  
-1.622368406  
0.1265258112  
-0.4715506504  
-1.956544411  
1.022122477  
-0.2634831655  
-0.3813211635  
-1.138527799  
-0.09730273824  
-1.568811976  
1.093675808  
-0.3116025173  
-1.100892363  
0.008607056246  
-0.8284841593  
-2.016341537  
-1.179988204  
-0.709304424  
0.8687659663  
-0.8646772585  
-1.13432657  
-0.05620557019  
-1.136248466  
1.076950025  
0.366704795  
0.9702688821  
-1.40233948  
-0.3894553721  
-1.021974721  
-1.229616521  
-2.177884709  
-0.659701854  
-1.391191314  
-1.444446827  
-0.9039395962  
-0.01466039026  
-0.4567428846  
-1.261382113  
-0.7228188771  
-0.9960495735  
-2.688574991  
-2.577336547  
-1.045640901  
-1.341047357  
-0.9835419187  
