-1.04175261  
0.01068165789  
-0.3233063431  
-0.2159045296  
-1.370956827  
-0.8484874618  
-0.06519652311  
-0.5042987709  
-1.699100963  
-1.67363953  
-0.3199642191  
0.4112760704  
1.225678954  
-1.711383465  
-0.7770479878  
-1.212786509  
0.1613789954  
0.07685527879  
-2.240316847  
-2.252712371  
-0.2465519951  
-2.080486948  
0.5562671677  
-0.001273707487  
-1.700022992  
-0.3579327014  
-0.2819883835  
-0.5611060779  
-0.9857205756  
-0.9446204827  
-0.5498236644  
-2.191020192  
-1.108820064  
-0.278779412  
-1.090021362  
-1.63237772  
-1.582278957  
-0.1171862844  
-0.6485351783  
-1.058614114  
-0.212606497  
0.1138571056  
-0.03070639118  
0.2257921073  
-1.300276365  
0.05378317219  
0.75250215  
-1.474226136  
0.5338963724  
0.5469583802  
-0.6065806115  
-0.538964471  
-0.730948939  
-0.1279133453  
