-0.04356986522  
0.4092472039  
1.34895449  
0.152593131  
-0.2293807891  
-1.010490918  
-0.3676731538  
1.013378446  
-0.5953065319  
-0.1623147847  
-0.1301076609  
-1.232712421  
1.331330973  
-0.4015862272  
-0.0580938513  
1.180556001  
-0.4697243942  
-0.1672639315  
1.116348932  
0.5415173191  
0.6001432392  
0.3587575295  
0.7317280704  
-0.4105513396  
0.19978763  
-0.004074458081  
0.7317155312  
0.32410822  
1.364629517  
0.3547976425  
0.2979473712  
-0.0692728718  
-1.524196034  
-0.08179482972  
0.02793387837  
0.6883595229  
-0.1859342235  
0.9567194647  
-0.5101544045  
0.5880065932  
0.05317473642  
0.4544515343  
0.1086341927  
-1.055024712  
0.6365419107  
-0.9527671068  
-0.02009952332  
-0.2865921489  
-0.05604453333  
0.5307581841  
0.8687308417  
-0.8388448883  
0.1625436067  
1.358806632  
