1.140313074  
-1.204118143  
-0.3854925154  
0.8249363077  
0.5144559826  
-1.349491999  
-0.8299224565  
-2.097445969  
1.10592926  
0.4644127413  
-0.6508755684  
-0.2130067113  
-1.117052561  
0.3407349108  
0.7025085848  
0.9008750994  
0.8649109041  
0.08679082127  
0.837149893  
-0.5578088721  
-1.303782378  
0.1827912836  
-0.1754731889  
-0.04331545414  
-0.7406157388  
0.2893903742  
1.520879382  
-1.683152061  
0.1407860657  
0.2862771868  
-1.140523467  
-0.8804537607  
1.718852923  
-0.259146105  
-1.588415008  
2.50495196  
0.7385914891  
1.055806321  
0.3668393676  
0.3358325196  
-0.2869487075  
1.463111247  
-0.1715415642  
-1.310738952  
-0.03501608772  
-0.5694503118  
-0.425191279  
-0.5964489782  
0.9430940371  
0.2866725216  
-0.697358034  
2.920313848  
0.1188430211  
1.036147282  
