0.3026988365  
-0.02750053963  
-1.67558838  
-1.510911878  
-0.439645807  
1.234141365  
0.232176614  
0.8353656279  
0.3671847076  
0.9988739599  
0.9180068499  
0.01220931113  
-2.992498605  
-0.8101782354  
0.7189916004  
-1.852028529  
-1.683188194  
-1.532348181  
-1.920504995  
-0.7824150457  
-0.6001379524  
-0.7041032463  
-0.7383950548  
1.129194164  
1.404087981  
0.4164544501  
-0.5021079428  
2.379554339  
2.418067819  
-0.2810181277  
1.233645361  
0.9307499181  
-1.787650979  
0.4951869408  
0.5953804309  
-1.916697957  
0.4188302183  
0.05189124142  
0.1948293825  
-1.788323896  
-1.874735929  
-2.429182824  
-1.416788318  
0.4566030035  
-1.843511735  
0.4583808972  
-1.890000456  
0.6899894719  
-1.320775349  
-0.4963960827  
0.6726939953  
0.8227991509  
0.1261310164  
-1.220287808  
