1.755575149  
1.252073003  
-1.037093028  
-1.045040265  
-0.002781326006  
2.883988281  
0.420197761  
1.681730874  
1.932626857  
0.8192985207  
-0.1208997206  
-0.768115309  
-0.1982010033  
0.6700105426  
0.3099571332  
1.134114923  
-0.737466841  
-0.691356564  
0.1482934867  
1.098806053  
-0.5596014849  
1.055523508  
-0.5117253821  
-0.1093042843  
4.244756337  
1.597996497  
-0.3660498112  
2.5613297  
2.314210822  
1.842326638  
1.921621952  
-0.9427832707  
-1.819545627  
0.2779182264  
1.054897989  
0.7656282208  
1.053516442  
2.812599716  
2.01246549  
-0.7123377409  
-0.07581346219  
0.8052284378  
1.045567977  
0.343586812  
1.841704421  
0.1697536378  
-0.8668895029  
1.241893933  
2.575770909  
-0.2093873979  
2.489001456  
0.4178726817  
0.7279577438  
-0.9450634683  
