0.6217717591  
-1.653374131  
-1.146810359  
-0.9336966545  
0.6913808906  
2.038893386  
-1.456169532  
-0.1985907968  
0.6228700864  
0.358519798  
1.759214991  
-1.351918334  
-1.816185721  
-0.5153610546  
-0.8036149646  
-1.719896521  
-1.036103564  
-1.09521976  
-2.527561961  
-0.6887937353  
-0.5882897644  
-0.8007210956  
-1.587422087  
1.058393036  
1.660351749  
0.3528742282  
-0.5454015288  
0.1587324236  
0.6827675089  
-0.8409298031  
-0.6993137014  
-1.465331768  
-1.128122188  
-0.6592413054  
-0.4258157725  
0.1382785594  
0.05768594604  
1.365317887  
-0.06967286824  
-2.267275835  
-2.727330656  
-1.827754303  
0.1575551088  
0.9815512056  
-1.146846929  
-0.571569392  
0.08938438433  
0.7352477771  
-0.3135813726  
-0.8750241485  
-0.003132009977  
-0.2429753817  
0.5399765227  
-0.7987685411  
