-0.7810104452  
-0.3809257163  
-0.4921975651  
-0.6557611986  
-1.032652688  
0.409570813  
-1.562585282  
-0.3490742563  
-1.130612709  
0.205358484  
0.2454295534  
1.018557709  
-1.908520337  
-1.046437795  
-1.549332857  
-2.285500825  
-2.808866091  
-0.4252417228  
0.2049136544  
-1.172727758  
-1.616187498  
-0.5362089818  
-1.099436856  
-2.698000429  
0.6283043732  
-0.8248535674  
-1.170781809  
1.675654452  
0.2015178204  
0.651502456  
-0.4874314623  
0.1593796249  
-1.845225632  
-0.7823574632  
0.835035387  
-0.1170723177  
1.254277162  
1.326533248  
-1.464333391  
-2.885766167  
-0.8512572614  
-1.100186953  
0.1016697207  
-2.010975754  
-2.018957023  
-0.3491340101  
-1.152590937  
-0.5418913915  
0.1918675818  
-0.4827248952  
-0.09199340471  
0.3283108578  
0.552046932  
-0.3767771282  
