-0.7860107532  
-0.7778481168  
-0.5301694971  
-1.681562713  
-0.6603044581  
0.6095480127  
0.2225868563  
-0.6295192337  
-0.7457709658  
0.06382352876  
-0.717620424  
0.5529697262  
-1.083101281  
0.2676311313  
-1.529287181  
-3.96455112  
-3.662335882  
-0.8763631055  
-0.168591271  
-0.4277697015  
-3.812588003  
-1.802011839  
0.3942334059  
-2.501114533  
-0.8471212947  
-0.6881913451  
-0.8957903761  
0.2018396896  
-1.14828571  
0.2443916029  
-0.1482710172  
-1.518188332  
-2.163180532  
-0.5825990726  
0.755096681  
-0.07290100873  
0.08023178514  
1.522729118  
-1.061751306  
-1.673961513  
-1.561762688  
-1.495646936  
0.3729906403  
-0.5830213571  
-0.4289853999  
-0.8346701073  
-1.296931818  
0.5953488033  
1.03133209  
0.1705091427  
-0.6335282242  
-0.2586675923  
0.6383001513  
-0.4436967742  
