-0.8206477129  
0.5995218326  
-1.467716962  
0.1704314915  
0.9236846953  
-1.48271751  
-0.08975834001  
-0.2908514553  
0.8620530784  
0.4632295653  
-0.6061023863  
-0.7516983432  
0.681980468  
0.07848945109  
0.700378596  
0.4524626706  
0.4522575172  
0.3972852448  
1.250789066  
-0.5602581773  
0.6262851475  
-0.648519569  
-1.42533771  
-0.3208778407  
0.2124843961  
-0.1637500018  
0.9139331269  
-0.4081994414  
1.077215598  
-0.6619532688  
0.837584939  
-0.2599906892  
-0.7187096952  
-0.3229202035  
0.8795850149  
1.173498037  
0.9981599063  
-0.6961697474  
-0.171659405  
0.5794779521  
-0.7250227328  
0.318485966  
-0.6570927946  
-1.243034168  
-1.039478919  
-0.6155639739  
1.100575451  
-1.554647958  
0.7227322441  
0.6266443473  
-0.6135487323  
0.987166543  
0.7639595836  
-0.5425917611  
