0.2157838202  
1.424790519  
2.241673858  
-0.7019757643  
-1.476071116  
0.225431844  
1.354576887  
-0.00212481888  
0.6502834481  
-0.743919197  
1.650271182  
-0.1622282738  
0.8869789457  
-0.6985924554  
-0.6462402601  
0.5970868346  
-0.5052920744  
-0.2624554431  
1.181139326  
0.0001703220233  
0.307607628  
-0.8674645749  
-0.2368327481  
-0.6816146606  
-0.06654656693  
-0.7801560158  
2.131721653  
-0.4274130627  
0.9539560241  
0.6304224105  
-0.7540665458  
0.001215693317  
-1.077408698  
0.6010941896  
0.6122076014  
1.403961247  
-0.4951561223  
0.1028505127  
-1.541636417  
1.15711332  
0.3632431716  
0.791701536  
0.01879056767  
-1.099115197  
0.4090464222  
0.2086572565  
-0.1749550158  
-0.1105353798  
1.181637957  
0.4369462022  
0.02237668302  
-0.35839802  
0.1698863153  
1.941639543  
