-0.6928163965  
0.5691254762  
-0.6011770211  
-1.021125771  
-0.2702790588  
-0.9206140984  
-2.113298528  
-2.598083589  
-0.6734637557  
-1.648964831  
-0.6756899958  
-0.3538728429  
-0.3687290464  
-0.155357934  
1.085746281  
-0.7398212491  
0.003233775068  
-0.7523654174  
-1.302282878  
0.1048225269  
-2.181897483  
-0.5768069981  
-1.336395605  
-0.1363644902  
-1.38872421  
-1.028845735  
-2.828343568  
-1.641519346  
-2.313649348  
-1.273236567  
-1.350104545  
-0.7791283721  
-0.8454733095  
-0.539448039  
0.8925886522  
-2.544392742  
-0.141622952  
-1.96198626  
-1.41646474  
-1.308941366  
-1.004939663  
-2.723660005  
-1.126354477  
-1.271392467  
-0.6526359628  
-1.340964009  
-1.162032204  
-0.8456987212  
-1.447251689  
-3.232570234  
-1.705875241  
0.7173924012  
-1.513536241  
-0.417981429  
