0.3766671866  
-0.128068863  
-0.6312787166  
0.6667215857  
-0.3834895883  
-1.449740265  
0.4906167219  
0.06755479403  
0.8968429405  
0.05476908775  
0.7644145988  
-0.8803556812  
-0.2156245991  
0.09881316471  
-0.7450399787  
0.4321071791  
0.04273297019  
-0.3157112787  
0.2799360062  
0.07668043673  
-0.208896791  
0.5376918799  
0.3412358483  
0.01740490894  
-0.0293864736  
0.2338783956  
0.8582656231  
-0.2220915254  
1.288507985  
-0.8975107981  
1.217026743  
0.1918366596  
0.1042693896  
-0.5623589059  
0.5498702005  
0.7844885982  
0.1774833213  
-0.0325951825  
0.7387816538  
1.17423253  
-0.1398019967  
-0.8518490527  
0.2575153875  
0.352183079  
-0.9130477227  
-0.6223612697  
1.345286157  
-1.386156247  
0.512323969  
0.3447705148  
-0.8899268166  
0.07332125744  
0.9804139284  
-1.558148983  
