0.3019651795  
0.04909030126  
-0.3550686302  
-1.378241202  
-0.1375693148  
1.301155548  
-1.72215492  
-1.704255828  
-2.270417107  
-0.8283670289  
-0.05586281564  
-0.704434361  
-1.53919602  
-1.018002785  
-0.6865455078  
0.9704650007  
0.7069948657  
-0.7519433198  
-0.3857518013  
0.1483878227  
-1.815953348  
-1.499167857  
-1.797678103  
0.01392215819  
0.3959419825  
1.140037196  
-0.8635357104  
0.2343405891  
-0.1889391205  
-0.8719306592  
-0.3582463093  
-0.7330535981  
-1.920867453  
-1.115658019  
-0.6246376384  
-0.3013443785  
-0.5536615166  
0.7263662804  
-1.394786021  
-1.205154849  
-2.564548154  
-1.314461724  
0.06558578813  
0.3750135194  
-0.4858450044  
-1.537670531  
-0.6352410884  
0.655821471  
-0.05198157266  
-0.256141474  
-0.6062163549  
0.6701188243  
-1.256618498  
-0.304821741  
