-0.7742277574  
0.08400434821  
-0.4839992933  
-0.4952175469  
-1.545282436  
0.1003870825  
-0.1516117568  
-0.07240040212  
0.3225784424  
1.227252726  
0.4839607652  
1.311426891  
0.1849652813  
-1.421870628  
-0.5888364478  
-1.086739138  
0.692409452  
-1.139079099  
0.8157552762  
-1.753301822  
-0.7048931117  
0.3687266765  
-0.7566057347  
-0.6132534849  
-0.4330309301  
0.2879711832  
0.8977011882  
-0.04864521787  
1.079639109  
-0.6972260584  
0.3364819771  
0.7756112514  
0.6238730743  
-0.8759641866  
0.4593925541  
1.151135745  
0.8179489346  
0.07459532376  
-0.2442336931  
1.584657714  
-0.526543654  
-1.835943892  
0.3281890232  
0.5021100139  
-0.6187299945  
-0.8642133764  
0.866502405  
0.3785097681  
0.3013386588  
0.6246558815  
-0.3574570636  
1.054369573  
0.4641012196  
-0.379284236  
