-0.4088359243  
0.3636386398  
1.244043968  
-0.4500167526  
-0.1516307435  
-0.265153142  
0.7363557028  
0.1695416746  
-0.01955659674  
-0.1640387546  
0.2508894917  
-1.097713017  
1.068137661  
0.3075840201  
-0.775047085  
1.076041636  
-0.4623272105  
-0.09175519118  
0.6379307089  
0.9668003516  
0.6218678218  
0.829053103  
-0.172473598  
-0.4690054295  
0.259338696  
-0.3031460957  
0.2215786087  
0.3174280333  
0.6463261114  
0.06724417668  
-0.7210553008  
0.2098369619  
-1.725650847  
0.2467252452  
-0.9404540892  
0.6405032002  
-0.1315707014  
0.5741260556  
-0.06980630168  
0.6176470983  
0.01397993256  
0.9398084965  
0.7190679375  
-0.09621022012  
0.7153054605  
-0.1135860199  
0.04747171913  
0.345015209  
1.234126625  
1.005955412  
1.126249644  
-0.1966200604  
-0.05864972772  
1.091354005  
