-0.09553752555  
-0.1740149159  
-1.36472221  
-0.4837750235  
-0.919896423  
0.8517750999  
0.1709572578  
-0.8035867794  
0.5845889335  
0.9304606056  
0.4092591104  
1.741211314  
-0.7646886798  
-0.5877303218  
-0.3490960791  
-1.572563449  
0.9207051782  
-0.7384615258  
-0.3446005149  
-1.630927863  
-0.9287884725  
-0.04031000004  
-1.124784462  
-0.3084567659  
-0.2994816351  
0.1998614142  
0.123491478  
-0.4470536117  
-0.2014186848  
-0.6931957924  
0.01727467005  
0.09894293495  
1.425266168  
-0.5343334961  
0.3666603101  
0.3044073109  
0.7820691649  
-0.7213839873  
0.2165905401  
1.359737335  
-0.1971058125  
-1.327063104  
0.1813177578  
1.067675001  
-0.9376742198  
0.1374664356  
0.6369653346  
0.288722048  
0.3821320631  
0.004607218093  
-0.6405245842  
1.263190563  
0.1323109462  
-1.231165977  
