0.6810847399  
0.3269237009  
-1.489682664  
-0.6438789675  
-1.637341694  
-1.956360705  
-2.395272383  
-2.396860129  
-0.7574245128  
-0.6235917779  
-1.071931662  
-0.5229222566  
-2.11380419  
-0.6958210109  
-0.2820567875  
-1.184905958  
-3.092281556  
0.186268912  
0.3060375485  
0.8286318714  
-3.677752199  
-0.3406058912  
-0.675514273  
-0.7625635001  
0.4488257217  
-1.271597594  
-1.844366611  
0.8262009051  
0.07314607754  
-1.410819619  
-1.44018464  
-1.030770868  
-1.350002727  
-1.711767645  
-2.533447233  
-0.5133636992  
0.2857361405  
-0.6472795157  
-1.960559781  
-2.826045014  
-3.236541414  
-0.4273341624  
-3.207622843  
-2.003851617  
-1.546772586  
-2.182859168  
0.2451688705  
-1.940299137  
0.06215932563  
-1.827632116  
-2.114933586  
-0.7452448088  
-1.619398168  
0.8936197391  
