-0.005439361229  
0.9453180279  
0.4096818235  
-0.5687437119  
-1.858912545  
2.91255693  
-0.3885437473  
1.279629484  
0.12646011  
0.9343629882  
-1.812230401  
-0.3559369041  
-0.4878738469  
0.03214117334  
-0.1700224175  
-0.04620849424  
0.3351137831  
0.2467357535  
0.4176821683  
0.1517939485  
0.428696002  
2.670445605  
0.151918527  
0.7082558493  
-1.20623153  
1.098118282  
-0.9617566015  
-0.3016979161  
0.2172977797  
-0.227638485  
-0.4823082827  
0.5463029375  
0.1278052475  
-0.8053403283  
-1.258640692  
1.027189421  
-1.141062693  
-0.02343509878  
0.4591895534  
-0.1181143923  
-0.4632416582  
-0.3779811739  
0.2572227887  
1.182159169  
-1.114703257  
-0.8330852592  
-1.096459895  
-0.7083906057  
1.494423714  
-0.556005812  
0.4415041977  
0.6742243558  
-0.1369868586  
-0.2963499005  
