0.3063283007  
-1.344702868  
-0.9614625165  
-1.660207303  
-0.5300751237  
0.9351064827  
0.1743549527  
0.4671265645  
0.2175341435  
-0.7695677799  
-0.561926731  
0.2623005421  
-1.026988821  
0.4702248579  
-1.21251788  
0.5919608027  
-1.915919529  
-0.002681776204  
-0.5528081899  
-1.351993035  
-2.021376495  
-0.7303184361  
-0.7386855712  
-0.5553697478  
0.1119990803  
0.1616927248  
-0.2197606834  
-0.1585346691  
-0.005845633589  
-0.441299488  
-1.031502362  
-0.3210626161  
-1.775577056  
-1.347853011  
-0.408182091  
-0.7440842502  
0.4431286813  
0.6679918515  
-0.3289113515  
-2.889549879  
-1.169460236  
-0.8961750608  
0.1197924546  
-1.974127856  
-0.7983161202  
0.5089317673  
-1.283925407  
0.3259751468  
-0.200448766  
-0.7484956219  
-0.7881949856  
0.1513234398  
-0.4395854775  
-1.661556227  
