0.08178646198  
-0.1033813084  
-0.6422498794  
-0.2961269429  
-2.11128075  
-1.102768302  
-2.84656972  
-0.4748789415  
-0.9950231276  
-0.3609021559  
-0.7425933342  
0.3391048712  
-1.823598441  
-0.7413559258  
-0.418807503  
-1.097570376  
-1.096676688  
-1.231723832  
0.8679967383  
1.661064318  
-1.886407675  
-0.958193617  
-1.316443225  
-0.1798855156  
-0.4392122502  
-0.3896567091  
-1.506278297  
0.1323216496  
-1.20930972  
0.9271069281  
-0.6983571798  
-0.723125807  
-0.1153044982  
-1.798000009  
-1.521793561  
-2.568323592  
0.05949842187  
-0.5330710508  
-1.023005452  
-3.427877749  
-1.590988149  
-1.403080778  
-2.062073443  
-2.938059972  
-0.2693265711  
-0.9159122765  
-0.6407833279  
0.1172317513  
0.3983311601  
-1.731429325  
-3.263352871  
-0.02201899479  
-1.015489699  
-0.2695476022  
