-0.71681905  
-0.3145717141  
-1.434047298  
-1.320374554  
-0.9538043551  
1.686664307  
-1.073398251  
-0.483758578  
-0.7577508428  
-0.6773071161  
-1.112078867  
-0.652728448  
-1.75135824  
-1.019740347  
-1.309902037  
-0.5798961403  
-0.5558207594  
-0.7635728798  
0.1316748423  
-0.6976046413  
-1.505610185  
-0.858094584  
-0.9078228527  
-1.754806318  
0.2095143464  
-0.9128419893  
0.1672016928  
0.5709105921  
0.5877694399  
0.2788396417  
0.2347126919  
1.170983343  
-1.751028735  
-1.283061635  
0.005670421592  
-0.4904102929  
1.142836422  
1.006319545  
-1.379380675  
-1.80539626  
-1.7395407  
-0.4168567061  
-0.1508159239  
-1.893141115  
-0.6096711492  
-0.2208003258  
-1.396505024  
0.3367323442  
-0.6567767669  
0.4119378209  
1.074725021  
-0.1220561169  
-0.4695313363  
-0.307548981  
