-0.1082318062  
0.9550803344  
-1.30213724  
0.3056107077  
0.5109316119  
-1.166335766  
0.2597329776  
-0.8127581665  
1.075142444  
0.4779073239  
0.2231194668  
-0.1073760159  
0.09465785418  
-1.292849964  
0.3459511254  
0.7852890976  
0.39451224  
0.1143777781  
0.6615606158  
-2.275316161  
1.235874489  
-0.4710104431  
-1.035970423  
0.3453187875  
0.060222776  
0.1842605642  
0.9371167752  
-0.2711122816  
0.7464432514  
-1.453703834  
1.184259281  
0.1127041702  
-0.03573851287  
-0.2461861718  
0.7881740886  
1.362567304  
-0.4750835626  
-0.5478694786  
-0.1202907536  
1.2905863  
0.164164285  
-0.1647793239  
-0.465166287  
-0.0673325353  
-0.773191416  
0.2601261735  
0.3817668265  
-0.8005339188  
0.8721894832  
0.9699619461  
-1.299762561  
1.311509296  
0.7016109581  
-0.9338020964  
