-1.03302666  
-0.00695025194  
-0.1451771264  
-0.3412815679  
-0.7520724896  
-0.9644348124  
-0.546736897  
-0.5469935916  
-1.741483626  
-1.162650096  
0.08111356608  
-0.2276801097  
1.043348044  
-1.248654012  
-0.3309902119  
-1.852382546  
-0.1718663353  
-0.03583865327  
-2.222359343  
-1.000534723  
-0.8088206183  
-1.372322674  
-0.3720637256  
0.4962754756  
-0.7844285905  
0.1011108859  
0.3712147023  
-1.397286249  
-1.630903489  
-0.5370085691  
-1.246170099  
-1.564624082  
-0.7624100935  
0.2852246329  
-1.122887737  
-2.012565872  
-0.7009819432  
-0.706645689  
0.5637704559  
-1.547188951  
-1.266199552  
0.05139738114  
-1.300920208  
-1.555183428  
-0.9717699865  
-0.2945097628  
0.4303518761  
-1.292686511  
0.6803808608  
0.9797622454  
0.3348108596  
-0.3220562541  
-0.9214001507  
-0.1463624958  
