1.170445852  
0.06344746872  
1.214875022  
-1.752964435  
0.2206500255  
-0.8652672828  
0.2171319301  
0.05258540025  
-0.4058345233  
0.2878903084  
1.576421504  
2.275940067  
-0.4128922483  
1.059495295  
-0.7697231876  
0.1699416873  
-1.067452064  
0.000809823604  
-0.1430139232  
0.1120685417  
0.06860621195  
-0.3583906977  
-1.324857934  
0.1302055692  
0.3984897682  
1.128179641  
-1.634396438  
-0.7642053319  
0.4076819268  
-0.8703616199  
-0.9713230102  
0.9732731  
-0.2772550045  
0.6197875222  
2.414887918  
-0.3154623566  
-1.673427132  
-0.0513463784  
0.3563660375  
0.8021833689  
-0.2712115777  
-1.767763835  
-0.570510868  
0.4219213642  
-0.1027126332  
0.2262336287  
0.262383519  
-1.194039558  
-1.302312057  
0.2637871904  
-0.4460508004  
-0.1125119619  
2.071287858  
1.700749404  
