-7.897798226  
-28.71812142  
5.862809777  
-49.80421469  
-158.4901551  
93.8091136  
-62.53210562  
-17.52119193  
-25.1650837  
11.90118759  
-47.51044633  
-24.00631629  
-28.34083806  
22.7682213  
-12.18114902  
2.990732523  
4.22269186  
11.59411685  
30.87933399  
-29.36192386  
-32.19680633  
-72.51979962  
44.55571095  
-11.42004797  
48.83574636  
-28.87377986  
-9.917369951  
21.15148054  
38.93518748  
13.57559314  
162.751567  
38.75128694  
-18.8372863  
-33.15412235  
25.02040599  
75.85598078  
-13.75618388  
100.449499  
33.226844  
-77.65967466  
-12.64643764  
-31.29251723  
19.09845383  
26.38481766  
-47.68445153  
36.57077995  
-61.44577194  
13.12224673  
-65.79788917  
30.41925952  
19.77408292  
31.0068526  
18.56496247  
-51.72560429  
