1.119298544  
0.1417994293  
-0.8579459866  
1.182779972  
-0.3066658283  
0.003186600175  
-0.9621629595  
0.06479951911  
0.06196128348  
0.08450110307  
-1.11116642  
-0.280118668  
0.4560787992  
0.08628418117  
1.907645028  
-0.4110814564  
0.9054104578  
1.39156144  
0.297828085  
-0.8476559229  
0.3009533579  
-0.5722068261  
-1.770028324  
0.9454849698  
0.9852585165  
-0.8009482528  
0.4098143935  
-0.677748304  
-0.8387752138  
0.1692260982  
-0.5977368467  
0.3673379267  
-0.1450063992  
0.1055466973  
0.2587078676  
0.8115114112  
1.146250787  
-0.9251147566  
-1.386465382  
0.7555925859  
-0.4847910892  
-1.600699151  
0.8689472785  
-0.6529276154  
-0.2290245303  
0.3754040449  
-0.5283502968  
-0.8775012953  
0.4802989013  
0.6138916063  
0.7447137922  
-0.8108348498  
-1.888818161  
-0.4634291263  
