-3.395273334  
-17.30805523  
-18.29025208  
-4.434972951  
-16.3758045  
25.81042579  
18.84600149  
-7.437683685  
3.847278131  
-6.215370294  
-4.110341505  
-7.280530999  
35.44664124  
2.81479187  
-16.37763027  
32.01672531  
31.44459678  
10.86856741  
14.82934231  
-3.024076579  
-13.69575975  
-5.992192622  
40.56254128  
12.43577869  
-10.72898537  
10.30445846  
17.78640308  
-14.28943282  
0.7244756965  
-17.52904396  
40.36379793  
21.83257671  
2.051169429  
16.40922858  
-17.21672907  
14.79406316  
14.39469351  
23.15695995  
2.377042144  
-5.050514481  
10.71518377  
16.1401942  
-35.16894358  
1.997863749  
10.23678851  
9.985374737  
-74.98198373  
-6.326055564  
-8.917680321  
30.88192264  
-5.296481653  
-5.200309389  
-12.1027491  
19.81986945  
