0.01768166922  
0.7240110231  
0.006841079783  
0.4745360368  
-0.06096201612  
0.5365922276  
-0.4101895139  
-0.1219193672  
-0.3101436834  
-0.05892717023  
-0.4304773082  
0.2510868802  
-0.9425725599  
-0.005439240961  
-0.2330540553  
0.178568658  
-0.01161958627  
-0.04714027724  
0.8522452739  
0.04609237524  
0.1820329165  
0.03771531206  
-0.3110734474  
-0.07301285941  
-0.2537529671  
0.03128964195  
0.469515239  
0.9048310327  
0.008846500072  
0.8778901767  
0.2432406813  
-0.01246883125  
0.4483500257  
0.2510193612  
-1.40937792  
-1.011618293  
-0.116523428  
0.7969622487  
0.8160378709  
-0.3218718167  
0.3948678322  
0.1785375495  
0.1136129565  
0.3302823736  
-0.7001726721  
-0.1720579059  
-0.2222437822  
0.6302646569  
-0.0604804683  
-0.07059306404  
1.107478114  
-0.1402865235  
0.5964231112  
-0.7608051588  
