-1.017188379  
1.067692152  
0.2640796243  
-0.2630935443  
0.3483912394  
-0.3435437247  
0.9617449966  
0.2499998289  
-0.6163979535  
0.08718580197  
0.8175945905  
1.421872554  
0.5454013123  
0.2213311132  
-0.8067376281  
0.09787963632  
0.3663072442  
0.009091119192  
0.2155690843  
-1.2414272  
0.1773174655  
-0.0603292713  
0.5419918868  
0.8039014274  
-0.8532147346  
0.2176151128  
1.345692477  
-0.8291443681  
0.8340789636  
1.394762444  
0.9325073295  
1.430061975  
0.4136010689  
0.6816004415  
-1.545189418  
0.5255201348  
-0.6161092775  
0.5972676051  
1.873632751  
0.6378707054  
1.476684979  
0.09766846561  
-0.3786323162  
-1.082688641  
0.4214001361  
0.02659815038  
-1.024240497  
0.4846113275  
0.04116246219  
1.270975392  
0.9325562329  
-0.9188861561  
0.3918071898  
-0.688538392  
