-10.69777277  
-19.26889147  
-9.185334551  
-93.13977557  
-172.9553209  
-5.859524412  
-92.09116103  
-53.32196664  
-33.69386418  
15.12906563  
-108.7113415  
-31.53707049  
-48.69333344  
-10.04257559  
-8.922002853  
-15.86584542  
-65.40018484  
64.57103427  
-108.5887167  
-20.58350373  
-19.91989224  
-38.26591564  
-52.17733581  
41.66936513  
-30.49153093  
-82.52497668  
-6.727427549  
-57.14964634  
-57.65176765  
-53.21856546  
0.5846586503  
-3.399116635  
-53.05119339  
-21.66114726  
-5.600034448  
-114.1357357  
-16.85909826  
19.69409989  
-13.12428857  
-102.175642  
-71.58172914  
-96.43855036  
29.98665839  
-109.9069157  
-46.94199223  
21.8809252  
-51.07747523  
-97.55357473  
7.303492187  
-27.17214218  
-31.12546479  
-96.19652941  
-0.6715294242  
-28.63735357  
