-0.3446089468  
1.331165368  
-0.7940738415  
0.5747041334  
1.964014669  
0.1788369765  
-1.274977972  
-0.2355055766  
0.2197186158  
0.3828012195  
-0.1479493894  
0.1277466241  
0.978994578  
0.7701746401  
-0.3621820973  
-0.4507454693  
-0.4809543887  
-0.2473453766  
0.4336101264  
0.0678142015  
0.4079267099  
0.3275597309  
-0.03021374097  
-1.133809307  
0.05983822387  
0.3216547775  
0.4575163565  
-0.05597393314  
0.225240183  
0.1541220293  
0.4423889786  
-0.01944596847  
0.4510714956  
-0.4626862168  
-0.0504817764  
0.1121901619  
0.1829483928  
0.2503011698  
0.03957250317  
-0.07509426744  
0.2735242361  
-0.4704513948  
0.3852277987  
0.5705396489  
0.8001741683  
-0.4220047897  
0.1246317531  
0.2083406556  
-0.8355965003  
0.3427158377  
-0.06018781876  
-0.5846150932  
0.3442864909  
1.121945219  
