0.8180013518  
0.009655756221  
-0.3389318207  
0.242145673  
0.3898198814  
-0.05471509556  
-0.5931906602  
0.3498512405  
-0.6398009794  
0.1029872011  
-0.5215539311  
0.07806446161  
-0.3898125801  
0.8554006941  
-0.1894110368  
-0.2640032148  
0.1406882455  
0.2563464227  
1.128905874  
-0.7713171045  
0.3235976807  
0.5795498458  
-0.3863011415  
-0.09280756282  
0.2537420564  
0.4065375882  
-0.4591490529  
1.379838611  
0.7233826974  
0.08526998173  
0.6106061132  
0.2417635292  
0.7780601952  
-0.08144158173  
-0.2808274512  
-0.5083696768  
-0.2915406996  
-0.5342115049  
0.1678046781  
0.1212207868  
-0.3263765535  
1.255347973  
0.187475121  
0.04708307978  
-0.3062241971  
0.4252620742  
-0.1351595045  
-0.3342835492  
0.5201667537  
-0.620385628  
-0.3898267162  
0.5301064881  
-1.070588476  
0.2686785613  
