2.246620106  
1.446682752  
0.01767004299  
0.7423199495  
0.7800425573  
-0.620604095  
-0.05851098594  
-0.4330681693  
0.3822014645  
0.3000822657  
-0.05933845792  
-0.4200176946  
0.6534425569  
0.2508967698  
0.4162817376  
0.5683599088  
0.06302049656  
0.4471309264  
1.281907526  
0.1472152842  
1.567655336  
0.1373611345  
-0.08726835474  
-0.273227708  
-0.3655693913  
0.6454461066  
-0.7416592951  
-0.04838014064  
1.151526326  
-0.4094709431  
-0.5740714556  
-0.9771337162  
0.6805249106  
0.6246800074  
-0.7975788972  
0.3359924527  
-0.3919401405  
0.3383818333  
-0.3192265672  
-0.08130799395  
0.1890339719  
-0.5718172733  
-1.386170258  
-0.8520605877  
-0.252385793  
0.716640896  
-1.361358029  
0.3539436563  
0.8965019822  
1.586793497  
1.418405638  
0.07685044867  
0.232866752  
0.6837958351  
