13.7100533  
9.924177156  
-2.360985884  
-6.288175873  
13.98521067  
-1.593462762  
-4.412684454  
-4.236913339  
-4.389965498  
-11.90140287  
-1.407635309  
-0.1871124317  
5.993256448  
1.170436466  
-9.402452824  
-5.5201273  
8.664411242  
7.546422346  
-13.24692949  
-5.632930653  
6.798211885  
-9.893395592  
3.718543172  
9.381266865  
7.219163211  
0.3582517052  
18.42809201  
7.998541667  
-5.706457519  
4.576415656  
-2.507698428  
-3.541347416  
-8.709110637  
-5.01638206  
-9.29466693  
-2.480149439  
16.45813709  
-7.415776585  
-6.006847598  
-6.883290701  
-7.452983692  
-17.61383542  
-3.864753169  
4.77906327  
10.43733686  
10.34767424  
5.332400191  
1.398555349  
-19.18655234  
22.60633006  
-11.24296113  
-1.150885133  
7.268832475  
8.409724237  
