5.312333301  
8.729635652  
-3.794370818  
-5.370028737  
12.75547384  
-2.186189511  
-3.000606989  
-10.93336302  
-0.001154076165  
-3.668097961  
-3.431706657  
5.300355869  
2.523994848  
1.918654518  
-15.93753686  
-0.8920141302  
-0.1406114877  
9.763480935  
3.510544337  
-5.296528901  
5.933221182  
-16.89967167  
-0.2209189663  
5.457860301  
-7.178169801  
-0.1345386803  
16.11188523  
3.74978242  
-6.126692931  
6.17027848  
-4.589753244  
2.172936386  
-8.159068582  
0.6330341508  
3.097434177  
-3.45018793  
9.939809165  
2.282159215  
4.46053733  
6.943123665  
-6.645772536  
5.926989652  
-3.653779573  
0.194925462  
7.14809364  
-1.22679672  
6.241853191  
-0.9161789886  
-9.774258999  
12.89872592  
-0.4961549513  
-3.472496502  
6.217521431  
10.92285192  
