-1.609322029  
1.39262446  
-0.6774487244  
3.699768891  
-2.542614049  
-5.290210653  
9.981958653  
-6.474289179  
22.04944821  
0.9604919835  
1.687152424  
-23.74950578  
-9.706178377  
-2.929832454  
-6.643273385  
3.030987642  
-9.202426234  
13.03798774  
14.55317427  
5.50896015  
1.508724726  
-3.075547754  
-2.710690145  
0.9116491895  
17.68575171  
7.811822496  
-2.701559305  
-4.816700219  
0.6187836373  
12.0824802  
6.333209364  
-6.713064636  
-4.099447802  
-5.318219238  
-6.196474527  
7.240710571  
-1.638226678  
18.1459143  
0.1484992794  
0.4404369774  
4.172987474  
10.76725524  
9.199123472  
-10.95518265  
-7.411429014  
5.097838975  
1.743790928  
-2.44046493  
6.471754718  
0.6081995682  
-4.800608941  
-11.04131265  
-4.654890822  
-9.804499225  
