-0.6896722877  
-0.06546353549  
0.5199323281  
-0.2086961912  
0.649724963  
-0.01298201731  
0.2054246542  
0.2188405847  
1.360045151  
-0.1670815106  
-0.9525965898  
-0.1290897209  
1.312385355  
-0.0927026988  
1.017822762  
0.2720168492  
-0.02479130059  
-0.5640699009  
0.07767616928  
0.2690252246  
-0.2456762017  
-0.05532440945  
0.7243269226  
-0.1514274613  
-0.2939860153  
-0.5513480505  
1.368744506  
0.08670399416  
0.4668416846  
0.4192366404  
0.581585061  
0.2501241314  
0.6017526757  
0.5491207269  
1.768790424  
-1.039842541  
-0.8045512265  
0.2901833484  
1.786098643  
0.3989074399  
0.6936553744  
-1.090807228  
0.2150783427  
-1.643055329  
0.03194903269  
-1.215063459  
0.05186477304  
-1.123264506  
0.3492458359  
0.4184500528  
-0.6201956688  
0.4114214072  
0.2849894876  
1.155188836  
