-0.438190476  
-1.986317622  
0.423577759  
0.6512842418  
1.015272839  
-0.3035879978  
-0.3025800119  
-0.07432136531  
-0.06922578042  
0.3642753669  
0.4327597926  
1.42080683  
-0.919540001  
-0.2983177982  
-0.3469933022  
0.5704458098  
-0.3349231118  
0.6029563461  
-0.7778005044  
0.2204290967  
-0.9017346208  
0.03146825883  
1.11156316  
0.04903953768  
-0.5674508203  
-1.073043071  
-1.642964534  
0.1418545008  
-0.4902845883  
0.3418453537  
0.2485202995  
0.703554739  
0.02441310195  
-0.1986892133  
-0.2699677932  
0.8338381953  
-2.426681035  
-0.8482099774  
-0.7058515235  
0.8277588076  
-0.2460777312  
-0.9039947451  
0.9016287221  
0.1862585353  
-1.079734703  
-0.1435984078  
-1.636354865  
0.2141210048  
-0.5751152741  
0.853265408  
0.04062900254  
-0.7287452611  
0.01110741582  
1.6227902  
