3.650335211  
6.6964686  
-10.33543789  
4.034562803  
-8.496729408  
-1.165002111  
3.715451468  
-8.165623112  
8.536840259  
-7.436259424  
6.150655507  
22.7031662  
7.821941406  
-5.424032824  
3.670082475  
2.635503639  
-0.7732081381  
4.669383489  
-1.810068675  
-8.274633574  
-0.7281788914  
-12.80352765  
-1.062180076  
7.424037553  
-16.53750736  
0.9373815464  
2.254372762  
1.98853457  
2.526704103  
-5.23497498  
8.97833197  
-4.180744438  
-6.46074135  
-2.387205631  
15.20474562  
-0.4529303279  
1.475678147  
-9.183300183  
-0.4147302199  
9.069384557  
2.086613691  
-8.191458729  
-10.6004435  
-0.6289397358  
2.819245407  
24.72107775  
7.243700516  
-4.25398844  
-20.33554094  
1.609754865  
-22.08314833  
9.768509038  
14.96612809  
-11.44684345  
