0.2559323739  
1.01632887  
-0.1936542056  
0.01707806041  
0.3943036813  
1.426975884  
-0.1923847455  
-0.2982601087  
-0.172474893  
0.428150605  
-0.3680492993  
-0.4971091069  
-0.40724552  
0.4551098027  
-0.0759459346  
0.5755807345  
-0.1962233947  
0.174799005  
0.149402478  
0.4840129246  
0.3660370045  
0.03216999071  
0.01781553528  
-0.1189694755  
0.4864801652  
-0.01937483461  
0.6620594567  
-0.06839367833  
0.1933615428  
0.5295900028  
0.5035211165  
0.236064063  
0.1404497747  
-0.528519463  
-0.1093629253  
-0.2870839352  
0.8160614657  
1.116291779  
-0.2785183282  
-0.1364982905  
0.9276211567  
0.4080085633  
-0.3216352136  
0.4143824628  
-0.06905171963  
-0.0819552039  
-0.2126834414  
0.53124652  
-1.460877712  
-1.261920844  
-0.1628919298  
0.08903696119  
-0.3016946952  
-1.128557363  
