-0.6064081855  
0.6861904105  
-1.587393262  
0.001687823877  
-0.581388234  
0.7131418406  
0.1121366961  
-0.1235153866  
0.7566242457  
0.5533097733  
-0.2235177887  
-0.9982228728  
-0.08316015972  
0.1813465999  
0.8994980949  
-0.4458421269  
0.2132286294  
-1.035734315  
0.1725123902  
0.005006668589  
-0.6980668414  
0.01830192189  
-0.8094483317  
0.9435813502  
0.2956054292  
-0.267758691  
-0.2762539318  
-0.1807235316  
0.2432943476  
-0.3346352559  
0.700555622  
-0.02348111351  
-0.7529167792  
-0.1553347102  
-0.4052282526  
0.1310695917  
1.559764338  
0.3006618507  
-0.3791701891  
-0.1945571171  
-0.4943798645  
0.1338696584  
-0.3512987015  
0.2593252274  
1.005551233  
-0.3524880715  
0.0006723782851  
-0.9988517014  
1.622521156  
-0.3167597544  
2.242681365  
0.04065244053  
-0.4631168105  
2.157379763  
