-0.1011731139  
-0.3688021407  
-0.09334952737  
1.174479057  
-0.441367857  
-0.6041665299  
-0.0712520917  
0.3675534859  
1.738596461  
0.03804478628  
-0.1256017514  
-0.9704138205  
-1.11437511  
0.7932812704  
-0.06254917324  
-0.2270393752  
0.6850990035  
0.5084268376  
-0.1754335894  
-0.3000866109  
-0.3894251609  
1.505317753  
-1.38895326  
-0.5483596568  
0.1351413635  
-1.987268756  
0.8791311493  
-0.5277732143  
1.41441966  
-1.799395426  
-0.2171786951  
-0.6886295292  
-0.8893638449  
-0.6810714729  
1.793722639  
1.194459409  
0.4923006517  
-1.152508086  
-3.364316489  
0.2749989084  
-1.396494494  
-1.158468278  
0.1213204798  
0.7315020938  
0.8727624983  
1.458429439  
-0.9276250464  
-0.2923956672  
1.723336826  
0.3014852305  
1.2876302  
-0.4053646263  
-1.203609709  
-1.798052063  
