-53.59361278  
-18.27810781  
-67.97347219  
-168.760699  
-163.9985922  
89.84199182  
-182.6228748  
-78.72636004  
-89.81847493  
-102.785239  
-140.1849174  
-111.2913383  
-126.0491565  
-19.61237727  
-85.86979916  
-1.373652458  
-152.5361216  
-7.359866387  
-18.24869947  
-142.0409209  
-41.77976542  
-171.8401325  
-29.33873566  
-29.38548611  
-87.13794826  
-134.8688188  
-12.21408289  
-76.32649553  
-96.22753946  
-26.06677456  
-55.61621013  
-78.52321025  
-133.0330959  
-110.2446637  
70.99778065  
-28.38473838  
-29.77532375  
1.396754591  
-153.017265  
-248.9523404  
-138.310219  
-72.55305272  
-12.14204321  
-179.7078592  
-78.57775009  
-170.4957758  
-89.49219734  
-86.37831166  
-124.1471088  
-39.86236691  
136.7258157  
-165.1544149  
-54.71023881  
-422.0726674  
