-5.709639269  
-15.60718097  
33.80625329  
-56.8800335  
-158.1123414  
31.58887575  
-30.5356151  
-8.663910094  
53.74355831  
-33.89052222  
-45.08375486  
-100.0008697  
-14.23557139  
11.95806578  
-25.35734479  
26.05114285  
17.30390039  
8.0864021  
0.5237111284  
-41.87592018  
10.45572991  
-26.48396404  
23.84409926  
-40.98740507  
29.15726804  
-8.957338674  
-35.13354334  
11.47189547  
29.82035805  
-9.052917326  
52.04578404  
1.09215279  
10.61403448  
-23.98604046  
24.85529312  
-11.72270236  
-17.49193795  
23.50685773  
11.50430928  
-43.25714592  
-22.79929841  
-0.5129138752  
20.26548081  
6.279255423  
-40.97057385  
23.91663505  
-96.05885042  
-32.32900024  
-59.27093622  
42.62130224  
77.75087414  
-59.35580226  
-17.3837191  
-72.23192446  
