-39.97913012  
-16.19117491  
2.35476653  
101.488917  
26.07652125  
41.87756584  
-65.79576148  
-28.23810433  
0.7276278495  
-2.68363574  
19.15899747  
-56.84955355  
11.67079265  
21.94307668  
-21.62008223  
31.87885241  
48.42114735  
3.199213705  
12.25136506  
73.1621211  
13.14636223  
-50.6007572  
-14.07831537  
-18.54509222  
0.170059146  
14.44751479  
-11.48410271  
-74.40594699  
1.220293243  
-1.119218706  
-95.32372286  
-119.0343687  
37.35241871  
-76.91514453  
-25.59969981  
14.98051953  
9.259232757  
-8.740970016  
-12.29201266  
54.44790797  
0.2125838748  
-8.686285821  
86.06192017  
-13.41992707  
8.168312391  
-57.24677707  
-9.832774323  
-28.84159174  
69.70114164  
-15.85187765  
6.57688991  
27.74730143  
-20.65519253  
48.95739705  
