-0.04819856588  
-0.2378809234  
0.03112322227  
-0.0765842118  
-0.3874143776  
0.09998728989  
0.5438059498  
-0.7911796372  
-0.8045715898  
-0.2805692677  
-0.06615742766  
-0.1740503379  
-0.4694002634  
0.04984563958  
0.4880747193  
0.2764152113  
-0.4916444671  
-0.2771543632  
-0.5111955595  
0.273244038  
-0.4688593434  
-0.4481290619  
-0.6699445393  
0.6522726864  
-0.2444078414  
-0.8772850742  
1.11401472  
0.2541610626  
-0.06879409286  
0.6011992318  
0.955015343  
-0.1826961395  
-0.03173583888  
0.284768453  
-0.5010195128  
-0.1239395996  
0.6829548908  
-1.003179208  
-0.3251342546  
0.228516555  
-0.1433138796  
-0.01832205547  
0.1619820676  
0.09392943354  
-0.06030914268  
-0.1097885785  
0.7491547651  
-0.446862373  
1.133877437  
-0.09206184323  
0.75981494  
0.1132708143  
0.7493001581  
-1.194838836  
