1.230742811  
3.148526249  
11.81567141  
-0.534877219  
-7.105111717  
-4.85577648  
-1.446782168  
0.8603151554  
-0.2016194595  
-4.589062716  
-1.733160212  
-5.709590227  
5.191879553  
3.283374622  
-1.515413151  
-0.01036235992  
-5.868146644  
5.89209123  
8.702801677  
-1.933926801  
0.6377659979  
3.838097121  
-5.000191239  
-0.04797260772  
3.147177016  
-1.043950887  
1.599602527  
-2.548321649  
2.407570048  
1.853892296  
-1.416125133  
-5.493918948  
-7.128682685  
3.573251025  
1.135030263  
0.9441469484  
3.966965078  
0.9551120706  
-6.242501046  
0.02263734701  
3.602910035  
-0.3678111305  
4.534974597  
3.327696245  
6.03301409  
-4.695821432  
3.059551554  
-2.545342466  
4.773551527  
-7.665630749  
3.236439632  
4.866884037  
-1.540763634  
15.27246836  
