2.483686504  
-5.938291869  
-4.734214427  
8.70805634  
8.23404138  
1.391974572  
6.650375342  
-1.481295642  
-3.448964204  
2.574000302  
1.177889265  
2.806787173  
-0.08618733252  
-0.3041802632  
5.130309029  
-3.689961499  
-0.8744115335  
10.38024198  
7.053424635  
7.609681712  
-0.8586111631  
7.538990974  
-3.930913915  
2.330635637  
1.645051994  
2.019877398  
-15.20266638  
1.471825745  
-1.727668071  
-2.435351773  
4.256110142  
1.387907294  
3.749361412  
1.524699306  
-2.341372761  
-4.685285438  
10.90871326  
6.046035034  
2.384287808  
6.333473467  
-3.517175044  
0.1867072728  
0.8707133452  
-2.320892198  
3.052294393  
-1.194722313  
-7.600690591  
-6.33261058  
-5.510578424  
-1.798999406  
-0.9126382399  
2.393719693  
-0.7012614662  
16.41262815  
