5.324362995  
26.98686813  
-15.87167218  
1.363205546  
2.945634102  
-4.657837372  
4.107493593  
-2.471570547  
17.3274232  
5.606426079  
13.59033687  
3.027178258  
-0.6319806176  
-11.12969583  
-0.6048163301  
9.461671377  
6.058683904  
9.625145649  
8.866368951  
-13.7167989  
4.288590389  
-2.636472245  
1.006117871  
4.090425516  
-6.779815046  
-5.684567213  
10.75561363  
3.575273265  
5.388130524  
8.225639387  
11.76548345  
6.614681018  
0.9956367863  
-0.9616527479  
30.85960659  
7.165696942  
-13.18091268  
-6.042317929  
-1.597014317  
39.7288793  
-3.574737386  
-11.88808675  
-5.279222526  
1.69581064  
-5.406674656  
-3.537537594  
16.03045341  
-2.897528695  
1.129253214  
8.586807107  
-11.81213102  
21.62980574  
10.36878435  
38.07444939  
