-0.5331058961  
-0.1697035381  
-1.238126592  
-0.15972446  
0.07819671449  
0.295415678  
0.4977977022  
1.046449533  
-0.06212945067  
1.437319141  
0.7303730163  
-0.5661191782  
0.6689206997  
-0.4606487971  
-0.4631223832  
1.198962147  
-0.8592090629  
0.08734174445  
1.25158581  
-0.01992600561  
-1.306057631  
0.1300728795  
1.830599427  
-0.09161101595  
0.1631322167  
-0.6606002548  
-0.8431862293  
0.6782810268  
1.232815617  
1.142847284  
-0.2427674148  
0.8451024164  
-0.5802540085  
-0.8688836913  
1.302908131  
0.6691867355  
-0.4090668975  
-0.2647822282  
1.498050451  
1.278970367  
-0.3608788475  
-0.8856685499  
-0.2227193541  
-0.6906970429  
-1.281220104  
0.01662985824  
-0.6915232998  
-0.4175762146  
-1.069770077  
-0.597830513  
0.5222307631  
-0.1552975025  
-0.8382759218  
-0.3824712004  
