17.9985006  
21.24855629  
-7.614919102  
18.39345555  
3.70809535  
-29.14461369  
-11.92242912  
-11.09043632  
6.974539302  
-2.257896902  
2.616955128  
10.11865683  
-1.905748678  
17.43876245  
1.174312147  
-15.12888939  
5.137507441  
-9.178456623  
2.252488351  
-6.662307298  
6.377257839  
-4.048666917  
-6.699326117  
-17.13223156  
-21.2662863  
-7.66217447  
-20.99061266  
24.22627613  
-5.4477014  
-6.450320656  
-38.64949517  
3.605594422  
7.353046772  
-30.82153803  
18.88156476  
8.144838318  
8.40608842  
-12.10982504  
13.41994878  
4.424314427  
-16.8732681  
-16.34569345  
10.15061678  
-8.091891367  
-32.6309081  
-3.032213113  
9.847161781  
-34.5447698  
11.40082729  
-35.84789324  
3.372253081  
-12.13669947  
-1.937643724  
-113.4016946  
