-5.578810869  
3.561718719  
2.430130914  
0.133074349  
-6.119156845  
-3.015355029  
5.70696291  
3.35537033  
3.507026106  
-0.6836110512  
-1.409554904  
-15.2978618  
5.147874127  
2.011284879  
-7.401745538  
3.683195103  
-2.861446472  
3.98534552  
8.303806382  
2.892948186  
2.792001071  
11.8184011  
4.070793822  
-2.950335947  
7.48896944  
0.06824816146  
4.385550771  
-5.606285084  
0.1193514255  
2.757208606  
-6.317331896  
-4.004609048  
-9.589248583  
2.775822208  
-0.3493301161  
2.203968306  
2.351938943  
10.94163305  
-0.6974095751  
4.243998667  
1.919749942  
9.991632265  
6.537985736  
-1.61036813  
0.3244104501  
-11.27348882  
6.63071882  
0.3213358189  
22.33269158  
0.8270691002  
0.6665838779  
-5.74792645  
-0.932190031  
19.33587699  
