0.2784353109  
0.8773782818  
-0.4850332176  
0.1700756234  
0.5120549743  
-0.807531116  
0.07242170794  
-0.01157010584  
-0.1731380904  
0.5005001297  
0.4584123277  
-0.1038770357  
0.02879192655  
-0.276716662  
-0.6242441086  
-0.7498724211  
-0.2292431326  
-0.0125736902  
0.4981368984  
0.9232291692  
0.1165454977  
0.2466707103  
-0.1336484518  
-0.3802268096  
-0.01938904651  
-0.561804193  
-0.0172961898  
-0.1103980693  
0.4807896631  
-0.3640596282  
0.2536034335  
-0.3229255136  
-0.5203379294  
0.01236450719  
0.3383172244  
-0.02605669472  
0.8765903074  
0.5178834357  
0.4108667024  
-0.2725792548  
0.1569862966  
0.5277660414  
0.7090882349  
0.1292490655  
-0.4282977706  
-0.2009570191  
-0.4255299454  
-1.722031724  
1.734627337  
-0.6508225048  
0.5985773662  
0.3036887332  
1.090345265  
-0.657371776  
