-0.8921030546  
0.7725286366  
-3.408055381  
-0.5517947339  
-0.4730223133  
-7.869030484  
4.794881384  
1.211235654  
0.5819308499  
-1.464529945  
3.282065114  
1.701481449  
7.874306783  
2.775607849  
0.6308627899  
0.5537443573  
-4.347512877  
-0.4248004374  
5.728690344  
2.119822912  
-2.24247658  
6.073652497  
4.397157046  
1.911984671  
-0.04998164218  
1.61100604  
-8.898968985  
-2.261266704  
3.43167475  
0.8565592273  
-2.092730212  
-5.093414564  
-6.675915368  
1.977627702  
6.15132835  
3.184450745  
7.549872246  
5.895878838  
5.365920592  
-1.427557171  
1.424970146  
-0.3787239682  
1.82285799  
-2.608350206  
3.761816116  
-0.3130833479  
6.788571559  
-0.5063824633  
9.007951465  
10.09963004  
1.711725123  
0.7541777483  
-1.832327135  
13.63966719  
