-0.7208311533  
-0.2515646799  
-0.0942635728  
0.0925889491  
-0.4042068457  
0.3595146497  
-0.3522125722  
0.1899154395  
0.4509799935  
0.2153836607  
-0.6289053818  
-0.15043505  
-0.3844130081  
-0.05072562516  
0.3946694355  
0.3806045986  
-0.09465254826  
0.3463540922  
-0.6012658922  
0.6557179419  
0.572429751  
-0.3794675605  
-0.01313223529  
0.06289383017  
-0.2483983051  
-0.2351757929  
0.241424873  
0.6793090016  
-0.2954860921  
-0.211831742  
0.6258073483  
-0.4891853271  
0.1636341223  
-0.1746127621  
0.005844270752  
-0.8923851828  
0.7650286934  
-0.6658690028  
0.1041472916  
-0.3799930761  
-0.6426319413  
-0.5560454405  
-0.8496125183  
-0.04870203612  
-0.8651391329  
0.5962751474  
-0.1844505777  
0.8909943245  
-0.2145171767  
0.577939124  
0.7433831955  
-0.3044100047  
0.3167939706  
-0.5481758029  
