-1.317133518  
-0.7531812144  
0.1709902092  
0.2253863498  
0.3909658248  
0.617256563  
-1.170752199  
0.01165185457  
1.514307879  
-0.3696857254  
-0.2622078546  
0.6400199751  
0.0004776654471  
1.332897679  
0.1693229512  
0.9418411196  
-1.680471123  
-0.2873330485  
-0.7195874507  
0.273381763  
0.5267997564  
-0.8108507222  
0.7450842614  
-0.1556112915  
-0.00030617112  
0.04591530635  
0.8171069998  
1.344776121  
0.1284757758  
-0.2592073752  
0.7485652122  
-1.227492309  
0.1534927316  
-0.1962828519  
-0.8860330539  
0.4223659521  
-1.154714002  
1.064301032  
-0.2881201643  
1.278817867  
-1.221277617  
-0.6971470962  
-0.04341107543  
-0.4936119373  
-0.008954261724  
-0.4674929289  
-0.7892923637  
1.196041506  
1.674457886  
-1.12660101  
-0.3143635769  
-2.44460408  
0.4349109828  
1.965854935  
