-3.332413117  
-2.943969561  
-17.14630838  
44.78805789  
72.35897238  
78.61707566  
3.773964738  
-12.09878545  
-11.09482053  
15.82336623  
15.83352446  
-8.00492877  
14.13020258  
27.47447214  
7.45106654  
23.50774421  
2.559905415  
-9.791022317  
-46.9939948  
-25.10253124  
31.56212434  
-39.15041675  
-69.27537708  
-5.675537682  
-14.30016937  
24.59006985  
-40.73757086  
-36.15116811  
-25.35800114  
-42.4875844  
-134.4229792  
-94.99355637  
-1.733088115  
-13.35559752  
4.958505019  
89.55838356  
-60.79053854  
59.65246436  
40.99512616  
17.29246523  
-37.90593989  
10.52202652  
22.92979707  
19.38031072  
-9.730655473  
20.42023108  
11.18695466  
-32.64094941  
33.40569518  
-167.2023901  
-27.96272362  
11.56503582  
-5.765988741  
-63.47942862  
