0.1010031091  
-0.8559745502  
0.09241793215  
-0.8334754556  
-0.1107232499  
-0.4928625823  
0.2561879546  
-0.036707292  
-0.05102530677  
-0.344066612  
-0.2657859802  
0.2000969335  
0.5215141374  
0.2228185406  
0.007619658315  
0.2413178909  
0.1312737682  
-0.08914064997  
0.5233089974  
-0.05500843747  
-0.03017865154  
0.8596237032  
-0.1171345236  
0.2316407209  
-0.5925722511  
-0.4577263167  
-0.3625090434  
-0.4362545224  
-0.01545231181  
-0.4675945317  
-0.6896788807  
0.909430069  
-0.4271509668  
-0.61471732  
-0.8862575644  
-0.03424507867  
-0.7094608912  
0.07782825311  
0.236429448  
0.7818797388  
0.7364813403  
-0.3840226495  
0.8082713375  
0.07896832864  
-0.1648564825  
0.03208146718  
0.4593799869  
-0.08107611701  
-0.6627554862  
0.05178644296  
0.1274854505  
-0.4017721614  
0.1861437709  
0.3795456871  
