14.24910108  
3.009175899  
0.4135518125  
-8.14675606  
-45.66214559  
-14.44077143  
-32.04780151  
-7.754545678  
9.604559708  
-47.4892911  
-34.16067371  
14.11433358  
-40.84510997  
33.77549021  
66.83617854  
13.13055721  
-2.614039603  
7.966463167  
9.251927345  
57.94523673  
-2.647027244  
-11.63768587  
35.89114788  
64.29076086  
-15.60917974  
-23.51665502  
-11.97655157  
25.12451122  
0.1444574858  
-19.62235692  
-13.65363444  
-42.73092292  
-1.14619985  
-14.32601288  
-12.59915342  
-28.96304666  
-3.263089746  
-7.44014205  
4.360659678  
-40.7356102  
4.901099066  
19.70698437  
29.60802984  
18.6854005  
23.67989763  
-4.272259422  
-0.03094774454  
-2.542090015  
-42.62720784  
-7.578986273  
-29.70702254  
7.595129185  
-19.23849376  
27.74276972  
