7.507113279  
9.687318501  
-2.955792284  
6.864316414  
-7.574610701  
-5.1376678  
2.528456044  
-8.283328232  
0.3071946356  
-4.151083752  
2.297994122  
7.390795206  
3.108960743  
3.107016946  
-2.18549766  
-1.570708478  
-1.941825887  
-6.485125749  
0.7463421045  
-1.39493194  
0.3251375209  
-2.825543198  
-2.36300409  
9.08264061  
-0.7543337134  
-0.4249991193  
-20.97021339  
-6.725651839  
-4.161542232  
3.706812892  
-3.156922212  
-0.3817037626  
2.103219797  
2.325551059  
1.686970045  
-2.89848846  
-1.364175226  
6.043736203  
-0.9937517967  
5.136813525  
-2.888195511  
-9.387108664  
6.655039695  
-0.6211476498  
-9.447488559  
-12.10262267  
2.863787523  
-1.871232999  
-4.943327322  
-0.806612539  
-5.801993706  
-3.041635343  
-3.981853156  
8.843190442  
