7.157697753  
24.85066893  
-14.75644974  
-2.320540444  
5.488248213  
2.892613976  
-6.029193041  
3.934377463  
-5.125391075  
4.775254888  
10.60374667  
27.13581648  
9.527648327  
-7.177085924  
6.855205844  
6.901175643  
15.16571529  
-3.394890493  
-6.091669544  
-19.47950977  
2.654428041  
1.510225305  
4.228869513  
1.414747867  
-24.27484773  
-14.22732515  
7.818160245  
9.623739318  
4.623931373  
-4.160361209  
5.792857275  
5.431260391  
4.568964102  
4.857713069  
36.97341246  
0.4319967204  
-11.76875568  
-24.61374543  
-1.720587133  
44.80573945  
-5.542806582  
-25.74137354  
-13.69595906  
11.78814792  
2.535782268  
-4.925275508  
14.28666238  
-1.287516707  
-2.163519536  
9.442541807  
-6.469003969  
23.5791209  
15.07520878  
47.87894849  
