7.60476381  
35.96980503  
2.030177952  
-52.23154239  
-30.18034658  
-34.37857166  
-18.54607364  
-6.56683502  
-8.982980009  
-57.04819835  
-37.24458402  
31.17256306  
-25.18449237  
29.21270052  
40.56637117  
-32.53586357  
-13.34276899  
10.27971144  
-20.62042451  
24.66915906  
21.00156518  
-4.664607451  
30.48904761  
45.47798  
-17.37104159  
-25.80033946  
-17.83947009  
23.73366124  
-1.617482361  
-17.60295798  
2.750225139  
-30.67232281  
-1.705665264  
15.97591431  
29.01380847  
-17.09110291  
29.61669665  
-25.91334678  
9.450291606  
-51.92070952  
-4.384156212  
32.71321704  
17.55468172  
1.413210041  
-0.591437166  
1.053283441  
10.2288685  
22.88201951  
49.73161151  
-52.83965284  
-45.07189171  
23.73431556  
-14.89892319  
34.38945704  
