-5.925954582  
-30.64171157  
-41.92863156  
-166.9827398  
-4.295533396  
11.98181367  
-57.76379458  
-14.29827323  
-34.05779346  
-84.22996548  
-85.15547804  
-58.95064094  
-56.94695445  
-5.788796457  
36.85754099  
-85.33999241  
-95.09737458  
-19.22497602  
-109.4503999  
-51.56406954  
-88.14717825  
-27.37005502  
-15.87579565  
-6.944121068  
-43.82490873  
-37.94018557  
-73.06237928  
74.67023426  
-37.50298439  
-53.64396921  
-22.75144023  
26.14289556  
-64.39238681  
10.63395471  
26.41956443  
-66.30063066  
19.13028674  
-23.71429303  
-52.89946057  
-86.90160844  
-94.03046597  
-99.06172531  
-58.9521197  
7.697908136  
-34.08567966  
-7.385026473  
-34.38649935  
-15.35957317  
-36.63536308  
-93.83410064  
-87.16499103  
-3.220667322  
-16.42068469  
-130.4750427  
