0.8465094049  
-0.3613604609  
0.8400217471  
0.4631896656  
0.8224066092  
0.361715823  
0.9631568705  
0.1422833879  
1.375692115  
-0.7110614126  
-0.190647855  
-1.376239513  
0.08658592354  
-0.7672073469  
0.09352371881  
1.142008887  
-0.5977185171  
0.5069913809  
0.2937596602  
-1.054440669  
0.4548165594  
0.04065473976  
0.0696011017  
0.8941580057  
-0.5774422766  
-0.9883070455  
-0.8774379058  
1.487846869  
0.06811568376  
0.7849130552  
0.08567295694  
-0.1018922433  
0.1400645822  
-0.4102288751  
-1.272846763  
-1.044428849  
-1.580399639  
1.488541476  
-0.4224198082  
-0.1196562088  
-0.2899630035  
0.9601477926  
-0.659878565  
0.1031175021  
-0.238627193  
-0.7696035758  
-0.1775790061  
-0.415949225  
-0.03242677264  
0.34491278  
-0.09305296995  
-0.4539516791  
0.6593713355  
0.8606519738  
