0.4500827714  
-0.1252003245  
0.1034416085  
-0.2425651068  
1.157794226  
-0.2736708819  
-0.499558896  
0.3120473329  
-0.3860684995  
0.4616803524  
0.7757870335  
0.00336724657  
1.03223494  
-0.5878920851  
0.6864842984  
0.7134961125  
0.07039537264  
0.006439870491  
1.616331315  
-0.6051303026  
-0.9785570355  
0.2426904213  
0.4445235198  
-0.02911907558  
-0.1090528016  
0.5694258297  
0.5754681204  
-0.1168273568  
-0.2171452832  
0.1584128941  
0.1410270178  
0.4858591601  
-0.2367829346  
-0.3914204354  
-1.255074939  
-0.3560398123  
0.1395552789  
0.6758026952  
0.219152121  
-0.1742958009  
0.01385819326  
0.2929232444  
-0.4441242773  
-0.0435510816  
0.3870766846  
0.463935245  
0.2226037759  
-1.83230033  
-0.4642822481  
-0.0405048774  
0.3595046635  
0.6467445178  
0.5510886535  
-1.956409486  
