-0.8170507417  
-1.095793924  
-0.1572638395  
-0.5588880691  
1.480145174  
-0.114008031  
0.8432328936  
0.1651021334  
0.1781164365  
0.774218255  
0.974189101  
1.354913443  
0.009515639983  
-0.8279203718  
-0.4713769767  
1.184352428  
-0.6899746543  
-0.01001852675  
0.06320643378  
-0.2327309898  
-0.5324125227  
0.6293027105  
0.506104194  
1.188186693  
0.2970546386  
-0.6516121793  
0.4379942635  
-0.1046090257  
0.3511627093  
1.253018552  
-0.0268359247  
1.77324314  
0.2029304461  
-0.3582444093  
0.8784570425  
0.9417290935  
-0.5954467442  
1.137681247  
0.8268561975  
0.8894727459  
0.9259897859  
-1.048563587  
0.2392682692  
-0.2579199482  
-0.8333759469  
-0.02652160794  
-0.7806333605  
0.390834668  
0.3240752997  
0.5115927337  
0.5946789745  
-0.4526203937  
0.482751691  
0.01500897296  
