0.1422178286  
-0.07339886815  
-0.7088249572  
-0.6982946649  
-0.1512733365  
-1.023641854  
0.02288144384  
0.1514112516  
0.2951335739  
0.6976056742  
-0.3216338092  
-0.5489817063  
-0.0903645615  
0.1264086268  
-0.5220392576  
0.6862560512  
0.1199550885  
-0.05216906053  
-1.040754976  
0.1561262595  
0.1131909523  
1.160315298  
-0.1489311793  
0.07982053709  
-0.4315953805  
-0.4244396491  
2.089174485  
0.3305655961  
-0.1238892852  
0.1095072173  
-0.6967946654  
0.7190456351  
0.3274201129  
-0.03594573959  
-0.1591883192  
0.2216143521  
0.202395157  
-0.1310136592  
-0.3456599565  
0.6260085764  
0.7222783458  
0.3272294518  
-0.1808199269  
0.2324829179  
0.1788905013  
1.017942537  
0.8207463921  
-0.5922418909  
-1.236975505  
0.4910691158  
0.392435617  
0.1515819024  
1.444193225  
-1.087856443  
