0.6669531665  
0.1645451102  
-0.01507773215  
-0.5845088697  
-0.4439931123  
1.25688032  
0.6371291528  
0.3280059199  
-0.4100546614  
-0.6030747497  
0.8835736  
-0.4491853942  
-0.4036816933  
-0.2587273603  
0.8791729738  
0.7379084264  
0.06936271117  
-0.4117615616  
0.1956540022  
0.3759377909  
-0.6779485711  
-0.2389994793  
-0.3032761081  
-0.2271409214  
-0.1043632779  
-0.1618563384  
0.07951028414  
-0.7063097814  
0.2733458215  
0.0467179208  
-0.08907992433  
0.2261249663  
0.8696755747  
-0.02469890618  
0.06557570802  
0.1731866962  
-0.2539483491  
0.7659138448  
0.5478108735  
0.01090552371  
0.5018551992  
0.246615719  
0.2653417906  
0.003139499047  
0.2486484051  
0.3355236814  
0.170853807  
-0.1258538229  
0.8020550947  
0.2730749489  
0.974634667  
0.06110914676  
0.5223288359  
-0.5060778121  
