1.317332054  
-0.01435756046  
0.6489295362  
-0.002094337447  
0.8405584123  
-1.845774938  
0.9965639329  
0.09511399155  
-0.3913838103  
0.2641362152  
-0.4179956892  
0.6808533764  
-0.4660523673  
0.3205436427  
0.2641924224  
0.1969315582  
0.1238970065  
0.7536048466  
0.7232076622  
-0.369581321  
-0.3547275024  
0.07585164976  
0.8271902577  
0.1268858236  
0.2058321053  
-0.6629567314  
-0.3774051668  
-0.4751071182  
-0.2185766442  
0.7697394408  
1.146877577  
-0.02109895605  
-0.5904715317  
-0.73556716  
-0.8850533649  
0.7839308611  
-1.482809894  
-0.2666728546  
1.507060828  
1.124174879  
1.386726949  
-0.7396301392  
-0.6774539973  
-0.5056000693  
0.2461497506  
0.02141534505  
-0.3094880289  
1.259097894  
-1.278674105  
-0.02603132342  
1.075607312  
0.4163138575  
0.4244506411  
-0.9299544225  
