-60.79087084  
72.15466666  
-35.34180292  
9.650736245  
71.84705913  
26.21648484  
26.74605978  
-10.44499569  
-12.69119415  
1.028879825  
-12.64627589  
-18.50764465  
-11.39665156  
0.5371033732  
22.13217453  
13.62915142  
7.94232224  
-20.48140184  
-103.1252829  
-12.6273829  
1.817564949  
0.9984906697  
-21.91427571  
-27.30156117  
-15.2663643  
4.455833801  
-28.6792702  
8.562618147  
-1.923375356  
-12.51612908  
67.90539554  
17.33679638  
-60.40673879  
15.82243651  
59.53547022  
35.98389201  
-60.74985984  
-40.19997833  
11.07059496  
22.63242169  
44.07173282  
-28.1414795  
13.77063917  
-8.988656149  
10.63670654  
16.13529382  
-1.63865087  
-23.93837045  
-12.3487883  
-74.96401119  
25.1114175  
2.147205663  
12.37871425  
-53.50087676  
