-0.520521498  
2.576797967  
1.72942988  
1.159801824  
2.508516403  
-8.026370234  
-1.341516452  
0.9363957381  
7.342116838  
2.765867371  
-3.095811325  
-3.859798088  
2.666976157  
1.785434146  
-3.728880736  
-1.307512099  
0.4682363935  
-5.478216453  
3.991708037  
-1.502683795  
4.235631576  
-7.457693082  
-2.176731821  
1.507294268  
4.712491719  
3.764063521  
3.360605727  
0.5681700287  
1.492102971  
2.977418457  
6.447728442  
1.6089249  
-3.693269981  
-1.221298754  
5.21663452  
7.036601462  
-1.65634254  
2.6773331  
-2.744158196  
12.24617228  
-4.030017728  
-2.750877548  
-1.11472513  
1.486179585  
-5.834337119  
-2.737464733  
4.505701734  
-0.4888724038  
-4.665523859  
10.44553374  
3.92149467  
1.655252155  
4.505792395  
-32.47570349  
