-0.6922733586  
0.4381754499  
0.2786595022  
-1.177865384  
-0.03209286408  
0.5775961174  
-0.1133441436  
0.5553777817  
-0.2818379114  
-0.5091151269  
0.001672458343  
-0.1398712913  
-0.5252069287  
-0.06033792388  
0.3772691794  
-0.188791181  
-1.381868732  
-1.047302739  
0.1032780587  
-0.1314722504  
0.4471763255  
-0.676220314  
0.448909331  
-0.3470194331  
0.07680474009  
-0.7638368752  
-0.126300899  
0.2781029197  
0.486673119  
0.9750629062  
0.227719589  
-0.8429436296  
0.1770819123  
0.4633895272  
-0.7544537038  
0.1844703898  
0.6235802894  
0.7098810319  
-0.0939292551  
-0.0289965919  
0.7351275553  
-0.5012234426  
0.6842647239  
0.3289529327  
-0.9983637014  
0.7791768286  
-0.7008887039  
-1.015764943  
-1.443472067  
0.4826223894  
0.4624693947  
-0.2286215779  
0.002258969198  
-0.5911845308  
