18.35345106  
-103.283365  
27.13845955  
-83.3191456  
-89.81107611  
-55.67638755  
-63.8734041  
-2.853236587  
-77.27748088  
-41.23835887  
-51.74296585  
52.83745946  
-77.58957612  
-27.74588891  
7.473971492  
-34.95579954  
-20.22392521  
-5.412657148  
0.3335213473  
-57.92765361  
20.83846445  
-57.22762853  
-19.74052849  
-2.799709107  
-61.32921108  
-69.53378286  
-114.458994  
3.11323708  
-94.10720966  
-17.22979719  
-118.9875432  
-29.28891757  
-62.84394008  
-23.17638718  
66.49731711  
-84.10490518  
-69.20433543  
-53.93489725  
31.02523802  
-117.2656366  
-17.03544593  
-78.29516332  
-147.6416253  
-13.60072969  
-2.759397758  
20.91035515  
-67.4295862  
-34.94841224  
-55.70742718  
-111.6520097  
-26.26852845  
-34.87114717  
-24.71112766  
21.23678575  
