-28.21410672  
24.49323317  
15.30219221  
-35.50190118  
-3.091475544  
-42.09325909  
-6.280693468  
-12.68782854  
-31.24521819  
23.79556831  
-16.76496134  
-43.14453524  
-14.05847192  
35.20346533  
-0.6407063466  
-16.0095346  
7.575756605  
-28.65409119  
-90.16800618  
34.49036886  
16.16342939  
14.93649427  
4.334974974  
3.98132245  
-38.22190699  
51.70668792  
-4.406989165  
-14.54548244  
-43.65461475  
-24.70518313  
-36.71348486  
-6.286447424  
-42.65352189  
29.58683169  
67.67579282  
-18.48614138  
-35.97372262  
-25.04079479  
43.75604803  
50.53534614  
32.40714409  
-34.36849575  
-6.836698506  
-73.74226811  
2.506613805  
-3.962782909  
-61.90313142  
7.024792965  
170.7005434  
-105.7768529  
17.55744944  
-54.38792027  
-3.91554233  
2.488436332  
