-0.2925843828  
0.8646802839  
0.5730561635  
-0.8141123568  
0.1039545873  
0.3634935819  
-0.02997863064  
0.7275396042  
-0.4812870144  
-0.6253720813  
-0.1161403704  
-0.0247229233  
-0.3139121509  
0.1282857047  
-0.3550369621  
0.0612624456  
-0.8739083963  
0.1098173007  
0.1089379002  
0.1596885801  
-0.3641303601  
0.2982458914  
0.5439058788  
-0.4674909905  
0.2632244279  
-0.2059726197  
0.5422886714  
-0.17723758  
-0.2331675113  
0.5955055799  
1.154034801  
-0.3821512904  
-0.03986185259  
-0.03371593021  
-0.2259230322  
0.220634325  
1.016233874  
1.220719226  
0.4954769038  
0.1433012394  
0.8942713357  
-0.3662374425  
0.8207888865  
1.067970705  
-0.002146899022  
-0.1544124904  
0.3612239567  
0.2651568325  
-1.717440035  
-1.023546456  
0.2620735727  
-0.0640408349  
-0.2529959672  
0.6183312976  
