13.65712704  
-53.67396796  
-23.3186796  
-56.82496229  
-98.28135005  
-30.85971104  
-76.26572486  
-47.12653162  
-41.01918885  
-58.4252284  
-3.270179755  
51.9981861  
-21.53903009  
-17.68056594  
4.628251609  
5.987587666  
-24.49603345  
-16.23952868  
39.27024284  
-48.80883184  
-57.28144347  
-5.702250091  
-7.063325931  
-25.46153385  
-34.28471437  
-36.32998395  
-42.95735365  
-97.31653593  
-27.89676678  
-6.267669328  
-77.41105553  
-10.66978391  
-24.92464033  
-22.69630091  
-26.77450761  
-54.06220655  
-36.08835869  
49.10634523  
-21.3365118  
-58.44112231  
-24.20964676  
-18.68495318  
-48.25814435  
-18.17138816  
-8.429252626  
-7.171146476  
-97.22043139  
-10.59472543  
-111.733422  
-21.86653881  
-30.62055991  
12.28138279  
-112.3462619  
-2.998747361  
