11.37804621  
4.44694383  
-26.14702418  
13.89914931  
-12.66770909  
-4.128101328  
6.939980741  
-18.77059513  
10.91508769  
-8.268771939  
-0.5778852492  
3.082377476  
33.66503665  
20.64102627  
-14.49070028  
17.18413248  
36.70870458  
1.802189088  
16.4687423  
-11.40607521  
-7.86881887  
-9.806787162  
34.00980678  
-4.44242317  
-32.53196195  
3.556129568  
-3.340478114  
10.75749621  
-2.340837026  
-23.61982908  
3.687495596  
25.12712925  
7.733840941  
-12.39556041  
2.633961463  
23.56953709  
22.58974856  
12.31245588  
15.84987944  
-0.513503711  
-5.200717028  
-1.123913907  
-24.0546124  
-6.203730778  
-22.11105136  
5.703263173  
-65.13482204  
-40.12376868  
3.307168459  
-4.867676207  
-3.060922079  
-17.0090764  
-13.87946122  
-93.58182508  
