-3.914577272  
3.004938535  
-2.335603858  
0.1884010889  
6.990184335  
-1.936273978  
0.7988467722  
0.6217108283  
1.021034223  
0.5631197  
-0.6771668292  
3.32539702  
0.09711848739  
-0.5097325604  
0.7462114588  
1.496967113  
2.226320801  
1.617060738  
-1.273172865  
1.858386181  
-0.7006829278  
-5.444123201  
-4.16492001  
-1.017131477  
-2.122427138  
0.5983530897  
-11.61106986  
0.6579126167  
-0.3035706408  
-0.2370291288  
2.015454759  
-2.624894189  
-7.157483312  
0.6187262392  
-5.245617995  
-1.152732684  
7.300667188  
1.790130677  
2.346654981  
-3.091593732  
-1.304184583  
-1.081086638  
-2.264862052  
1.98475989  
-1.672445169  
0.5771069218  
-10.12964856  
1.092408571  
2.361327172  
-4.186926603  
2.477939348  
0.3182136331  
-0.9319920454  
9.758474724  
