36.32327311  
12.47806193  
0.04157588266  
-41.98508128  
-79.54600286  
49.79867772  
-61.49300205  
21.59941283  
-6.026299896  
5.297026648  
-14.23592718  
33.16864547  
46.30738973  
18.67354804  
-23.0089596  
-25.92861133  
9.057791607  
21.09057571  
56.85361154  
20.54213885  
-0.4193006086  
17.27934463  
-7.655561222  
-30.9149253  
-5.155022628  
-69.95186197  
1.37940639  
-19.26369352  
-14.01045514  
36.20480744  
-13.26257886  
7.181688664  
-41.09889905  
26.7165643  
-53.02127509  
-56.78339842  
7.665376223  
36.01200066  
-13.10832843  
-42.60172585  
-7.637700883  
41.55485405  
5.267427367  
21.67306509  
-3.670009652  
-9.892125503  
-54.93016662  
-25.75800354  
-106.4214867  
-32.5033302  
19.31711438  
56.02327132  
-34.41959094  
17.5293697  
