4.615555927  
-7.800830637  
5.857176879  
4.447991623  
-3.829206446  
6.977151612  
-7.777736764  
-1.950499954  
-3.092548332  
0.7055848781  
-2.635549502  
4.901081494  
-9.167652865  
-3.532690731  
2.487389075  
1.278703667  
6.341408624  
-7.661049  
-4.342925382  
3.502234491  
1.526549393  
-4.36146685  
-5.302865833  
2.740426571  
3.247737407  
-0.8277249913  
15.63371429  
-1.697157524  
-2.786823206  
-1.381086251  
15.77730409  
9.925990647  
4.972264972  
-3.233884166  
-6.445107333  
-2.64905097  
-3.598291997  
-9.577928955  
-2.410199921  
0.64465691  
-2.73327327  
-0.3850763754  
-0.1744763444  
4.085527912  
-9.9474965  
0.5691419167  
-4.043333234  
-4.022568541  
-6.883861782  
-9.468937167  
2.504663132  
2.956036427  
2.620420696  
-19.25573451  
