-17.5939822  
-2.643036386  
-13.00797637  
-20.16471963  
-31.2800354  
2.941144003  
-33.49794755  
-50.33392373  
-51.39613399  
-30.06599909  
-10.03383456  
-8.452607085  
-14.33373607  
14.43192627  
0.7166079658  
-5.327345496  
-26.95447848  
9.458702223  
-15.34654541  
-2.870030521  
-20.72990204  
-34.65153307  
-19.2718427  
-2.637376555  
-36.99028061  
-16.85693598  
-25.85044424  
-31.64228785  
-34.513897  
-18.25902743  
-46.49187329  
-3.431094993  
-30.15060882  
-7.828848301  
-8.948910654  
-25.119084  
-23.16161826  
-3.829300359  
-7.338252184  
-10.70568122  
-23.75832659  
-29.93794563  
-45.81323456  
-18.24913858  
-20.79712816  
12.68487272  
-78.22049699  
-53.13610849  
-51.08436613  
-23.62459256  
-37.15437951  
-15.60239338  
-45.82662105  
-86.74342077  
