-1.872180189  
9.63794122  
-11.95837424  
4.19249947  
-17.55420058  
-8.258219908  
3.393041249  
-4.802368558  
7.338702497  
0.1005435814  
6.794566243  
-8.097297694  
2.75153227  
-5.182197863  
-4.866872644  
5.204475507  
-1.993146688  
8.289027199  
2.752215661  
-7.39620804  
1.756014343  
-6.853760624  
-5.672766402  
-0.1287911974  
-4.845540003  
2.471722527  
5.859977239  
-3.810017155  
2.849661641  
-1.211751625  
5.557114882  
0.6948416376  
-7.334168176  
-1.371804442  
15.78844376  
-4.92345331  
0.2554461707  
0.401578765  
-4.912709693  
7.90306587  
1.776322883  
0.09309614646  
-3.034771817  
-5.050285373  
0.1037391016  
6.89455599  
2.796446373  
-4.374422111  
-6.380156764  
-0.05784254254  
-19.85013762  
5.630276655  
15.63087819  
0.3443493644  
