-6.710821603  
-20.41631677  
10.84626386  
-84.02954012  
-24.04545491  
67.29651034  
-110.0796975  
-0.4343653672  
-26.99277845  
-35.39557829  
-20.35762637  
-79.4431054  
-36.3937715  
-7.804179554  
-9.171334031  
28.19580626  
43.00462784  
36.3720808  
6.818047299  
100.5927256  
-8.783641173  
-140.8232235  
-54.32941383  
63.22304752  
70.5734497  
34.96100544  
-25.67570583  
6.565206252  
53.04154045  
33.80586474  
82.06907015  
-25.6144447  
-56.65567387  
-62.65666898  
-32.76634519  
67.11160329  
-8.291717897  
152.4233813  
-42.56495807  
-111.6047092  
-34.38498997  
-121.4450597  
10.52610233  
29.75689023  
-33.78637128  
-42.93215697  
-24.45295214  
-6.932601422  
-3.237726568  
-54.13499753  
-16.60554907  
111.8729752  
31.43870251  
3.318003768  
