1.042229644  
0.4304488747  
0.7427325272  
0.2266362862  
0.4150422779  
-0.02635121537  
0.2295987539  
0.002586702093  
1.253478442  
-2.084643601  
0.1720844821  
-0.7589511919  
-1.295489251  
0.4547948122  
-0.2528382497  
-0.1740939949  
0.4357246108  
-0.07246335125  
2.319101622  
-0.7631149104  
0.5376596784  
-0.1410030383  
0.5048517771  
-0.2691472719  
0.01872345629  
0.1768915281  
-0.09198006184  
1.512151436  
0.9550496644  
0.3561856958  
0.2119563347  
0.9615129154  
1.078957485  
-0.1643062668  
-1.055728994  
-0.9867265305  
0.9360178456  
1.409546875  
-0.3574988119  
-0.2177942487  
-0.7983891431  
1.213730745  
-1.031429398  
-1.172757376  
1.001110822  
-1.204057841  
-0.6623506228  
-0.2766935802  
0.2282181567  
-0.6674282374  
0.1802860047  
-0.1122464952  
0.9017102781  
1.776134162  
