0.02500205321  
-0.3941349445  
-1.032953874  
1.280728557  
0.8652664137  
0.08068235924  
-0.1297127845  
-0.3121827329  
0.6606288134  
0.5323622572  
-0.5182910544  
-0.3330251603  
1.257543107  
0.3744518454  
0.9812114035  
-0.2783573191  
0.2348505233  
-0.4232129197  
0.03445378921  
-0.03913671305  
-0.01433399711  
0.1763674725  
-0.06731024866  
0.04960426236  
-0.2465092421  
0.1809544852  
0.4151036997  
-0.4858578069  
1.062376206  
-0.5653471417  
0.1145114146  
-0.06594667522  
0.0848532222  
0.1276399563  
0.35986487  
0.21957061  
-0.2234962174  
-0.1517816995  
0.1268804282  
0.3823871563  
0.5151292859  
-0.9993639409  
-0.2255397461  
-0.1804472545  
0.7388450517  
-0.03160882657  
0.1878276351  
0.574668999  
-0.1525521728  
0.1125004418  
0.252196641  
0.4777883643  
-0.3994044865  
0.5609326478  
