18.10596618  
-71.71790629  
-18.32887294  
-44.55851371  
-110.0359992  
-29.20494511  
-67.00137421  
-61.57099767  
4.340694203  
-39.81189677  
-24.6108411  
23.18634867  
3.492020864  
0.269461741  
17.84535557  
-18.5436623  
-20.60765481  
-17.48302087  
50.54487477  
8.90512686  
-23.66627199  
-7.924706967  
-1.732050439  
-15.1743075  
-50.84881664  
-38.35481983  
-48.84282966  
-67.0510854  
-16.23683592  
12.25758202  
-88.52609613  
-22.49103752  
-17.35883678  
-36.79312743  
-13.60419561  
-100.7110082  
-22.92257663  
17.92837107  
-38.16934101  
-90.19279041  
-42.58833179  
-40.01037533  
-73.25802965  
5.025475146  
-16.29165438  
-10.9510248  
-67.36756791  
1.21421831  
-85.8729407  
-6.388255681  
-65.84584556  
36.94120973  
-67.16968084  
16.78555233  
