-0.801026279  
7.210504492  
1.967362759  
4.902607801  
1.268446185  
2.683668957  
4.504817876  
1.589017701  
0.7558990695  
-1.272915567  
-1.038840455  
-7.070480525  
-0.005882970147  
-3.102026945  
1.049145016  
-1.662616855  
-0.5283484164  
5.859333275  
-4.416029622  
1.381583528  
-1.061131177  
3.156190756  
5.640304453  
-5.369952336  
-2.836523035  
-1.259553904  
14.66491648  
-3.127481513  
2.002244216  
-0.8051459222  
-3.754147422  
-0.9316766331  
2.035226728  
2.607921027  
-7.105120346  
-4.717547888  
-4.45407048  
-4.609433754  
7.560594779  
-2.532740344  
3.915865421  
3.930814488  
-3.990746694  
-2.525030669  
4.015003823  
5.326456887  
-2.372178257  
1.893454816  
-10.1045666  
-9.609858815  
-2.019126918  
0.3640254753  
3.161225969  
-0.006826329606  
