-9.528177245  
-93.89839044  
-20.66062807  
-71.73408325  
-119.4245355  
-67.55971581  
-44.03383671  
-20.55416549  
7.371881636  
-17.59551378  
-25.20627307  
17.8149687  
9.185867014  
13.27346714  
16.79492623  
-10.76500623  
-20.21366125  
-28.18380524  
-24.15319786  
-5.626780282  
13.95098509  
-40.60561466  
-2.329371661  
-19.96846832  
-11.58722118  
-38.84123842  
-100.9062644  
-32.54000759  
-24.87725933  
-3.363962824  
-52.82114824  
-22.25986603  
-0.1104252663  
-14.32056882  
43.92833005  
-43.84039095  
-4.13673321  
10.79897073  
15.72575354  
-86.84160479  
-5.711305307  
-50.70688249  
-79.64891292  
3.079956297  
-32.46263275  
23.28702505  
-51.7557914  
-21.55990245  
-25.1741778  
-77.46969434  
-44.15515837  
1.848531391  
-35.62340555  
20.81993849  
