-13.56911414  
7.697550802  
-19.47430328  
-60.46568713  
-69.00648664  
25.61008786  
-156.866354  
-70.07180437  
-45.48667895  
-45.72052626  
-26.93526433  
-41.9759155  
-26.15827892  
-57.35364789  
12.98308402  
-4.754088532  
-2.490457805  
139.3048533  
-44.79797393  
-74.88479918  
-16.49050262  
15.10262387  
-102.404287  
-60.84012622  
-55.64937299  
-58.87122423  
37.02325338  
-3.282370621  
-94.54924703  
-36.58691273  
23.17380649  
-21.2793255  
-109.249568  
-112.5142391  
-6.214651181  
-108.8138885  
61.23071279  
14.12384062  
-40.85172679  
-142.1577005  
-7.187052796  
5.435175419  
-70.67316556  
-103.1959477  
-77.69789381  
34.36474546  
-9.080614482  
-90.04146036  
14.29784349  
-142.3059384  
39.3383846  
-29.93745  
-19.4059616  
-141.0470141  
