-20.99536758  
-13.10646572  
-12.58475705  
34.04832097  
-78.93947256  
-20.36662937  
13.50893615  
5.847344571  
11.71123672  
5.935883333  
-17.78021898  
-3.684257813  
30.68232274  
13.68595944  
-24.93867242  
27.80269375  
33.52290804  
7.966071482  
3.245581954  
-9.431145824  
-10.92173984  
-11.97291725  
25.4324742  
12.09834411  
-45.02461494  
7.071074039  
5.822213744  
12.07947697  
10.36520309  
-10.91330712  
-16.67653802  
11.33453543  
0.4912065778  
23.36076681  
-15.93449465  
2.276975033  
26.26739329  
18.91304278  
-0.8452373041  
18.41534766  
5.012624694  
7.004777846  
-31.04014562  
0.6873914534  
-0.7234099772  
-17.96623922  
-70.65708159  
-18.65731715  
-27.10638413  
9.630215418  
-14.45138727  
-8.111996092  
-7.535787963  
20.10501914  
