0.6941960044  
0.5714123557  
0.1205507904  
-1.089086304  
1.200242998  
-0.01779561695  
0.117014583  
0.2914944442  
-0.9165495063  
-0.4988489113  
-0.5559090584  
-0.6729633132  
-0.8347539138  
-0.08751169598  
0.1817779388  
-0.004003579511  
-0.06932614072  
0.6270852328  
0.4395662936  
-0.03178254297  
-0.7678608676  
-0.3315957474  
0.4447063695  
-0.247220876  
0.1895083427  
-0.09283517838  
-0.042982037  
-0.2103803058  
-0.1254773504  
0.1551222846  
0.3862874121  
1.041354583  
0.7144713576  
-0.3389896398  
0.001518801787  
0.35543003  
-1.035326417  
1.048973812  
-0.06862697165  
0.6184753698  
0.5716006824  
0.2336282358  
-0.2675056945  
-0.1405622935  
-0.1469715705  
-0.1165042805  
-0.6539837572  
-0.2002798255  
-0.1871154056  
0.743879778  
-0.005858491945  
0.128818659  
-0.6964395889  
0.5955010218  
