-0.1566254952  
0.07432917045  
-0.6533490857  
-0.4482768109  
-0.5918462154  
-0.520340797  
-0.02297874586  
0.3430406023  
0.4253964425  
0.413294767  
-0.04631493304  
-0.3751234135  
0.5938515095  
0.2552629258  
-0.2090515377  
0.4808799564  
0.3095530292  
-0.06056662249  
0.02961897029  
0.5078491833  
-0.1660715564  
0.9111896905  
0.3622293637  
0.8228952427  
-0.01436750902  
-0.1332679758  
2.669622216  
0.09052901733  
-0.3532057893  
0.6274053611  
-0.07103023518  
0.5861591659  
0.5773955652  
-0.256080841  
-0.2864316665  
-0.124353059  
-0.07153097969  
0.03941809899  
-0.02084554768  
0.3311361731  
-0.2501865566  
1.108465528  
-0.08706266903  
0.7510142948  
0.9212193775  
0.4901017759  
0.4690476452  
-0.6509649446  
-0.4635284513  
0.1474640562  
0.03949558981  
0.2526987593  
0.3825224619  
-0.6722553693  
