0.6970186497  
-0.01677697389  
-0.3453460741  
0.7720505513  
-0.4275520444  
-0.05237671512  
0.1593664467  
0.03016629773  
0.6296494774  
-0.161908332  
0.02653453932  
-0.2596121137  
-0.2618341736  
-0.4817103363  
0.1390228441  
1.033070526  
-0.1993115937  
0.3225076948  
0.0635438998  
-0.589975452  
0.5838847096  
-0.4342420642  
0.2082823792  
0.03237327165  
0.1720041718  
-1.087635199  
0.1171398586  
0.2922247661  
0.1318866085  
-0.4793573842  
0.1902851362  
-0.9382410868  
-0.04052621903  
-0.4855060661  
-0.6219847418  
0.2855660284  
-0.5541287836  
0.1815696662  
-0.1702161287  
0.4676088643  
0.12653738  
0.5551686001  
-0.1606006095  
-0.3484224429  
0.07295158315  
0.02783837363  
-0.2998397733  
0.964336723  
0.005108472585  
-0.2048627617  
-0.4421393532  
0.4331776342  
1.160599928  
-0.1089356594  
