0.009421293562  
0.0372575425  
-0.4968252293  
0.3698611283  
-0.1621785351  
0.1739987779  
0.2596197138  
-0.01225256331  
0.9145381902  
0.320600369  
-0.1226720794  
-0.6250851373  
-1.129541445  
0.3169133028  
0.8363094268  
-0.6428325802  
0.5117618631  
0.4487227011  
-0.1334112939  
0.07287680784  
-0.5196576804  
-0.3479740439  
-0.3016556779  
0.8380126442  
0.1003857266  
-1.528834889  
1.175720734  
-0.4271579809  
0.3797031807  
-0.530144925  
0.1801393399  
-0.001635311561  
-0.4954473528  
-0.3232851989  
0.8702337839  
0.7451155971  
0.701857153  
-0.5939511368  
-1.095150672  
-0.2884394596  
-0.996297424  
-0.1802228056  
0.2112388455  
-0.1308775306  
-0.3388370354  
0.6846492153  
0.05831634209  
-0.146169562  
0.8140041008  
1.154556341  
0.8441108502  
-0.9572801207  
0.1060149527  
-0.9030990191  
