-105.597906  
-32.24129432  
-46.82221952  
-33.75316758  
-60.86441968  
-28.43106366  
-327.8316417  
-55.25557878  
-119.5339142  
-53.41247295  
-94.69548667  
-246.0794003  
-54.75869141  
-50.62570748  
-50.90000136  
30.87842348  
-106.243425  
41.82275471  
-41.79065377  
-144.2591235  
-54.1810958  
-169.2025909  
-151.2186798  
-132.7154988  
-78.04597452  
-49.8115386  
-20.80565156  
-32.49724775  
-92.99648041  
-38.83511252  
-38.31389284  
-205.3985236  
-137.8664405  
-115.8102531  
-121.1194064  
19.64024999  
-34.65854311  
8.092421449  
-141.7829108  
-225.8903809  
-24.24964558  
-109.3682959  
252.7783601  
-67.42615477  
-84.94498193  
-62.02006071  
-61.83588424  
-170.138074  
-147.9024072  
60.0080207  
33.1082847  
141.1978056  
-34.05687869  
120.0358686  
