-45.52747564  
50.96052427  
-32.02873533  
7.630983652  
73.78251149  
15.95516549  
18.46481671  
-18.63674448  
-6.337317441  
-10.87215303  
-41.40376098  
-29.21168207  
-11.46003527  
34.86105694  
28.81062711  
-11.60566306  
5.085274477  
1.514883468  
-65.71029069  
23.07754594  
22.42803594  
15.91784211  
-5.748920888  
-15.61342106  
-19.99373889  
4.761403289  
-16.05823678  
27.60532981  
-7.510941876  
-8.102322281  
62.27950502  
8.781055408  
-66.39585062  
-1.460588277  
26.86886419  
5.162090254  
-14.84539849  
-43.50078266  
19.59963609  
7.358557088  
5.147169847  
0.6955087477  
-6.294282679  
-8.380654244  
-19.77869713  
26.50968488  
6.162503963  
-42.91054698  
31.98244353  
-32.40630583  
-9.363001134  
-30.32584465  
12.90095501  
-73.41855117  
