-0.06023559577  
0.2204048674  
-0.09362100187  
0.425080972  
0.8948207804  
-0.7055689764  
-0.200007823  
0.3525829013  
-0.1174832794  
0.2642116318  
0.5166296736  
-0.7332042626  
0.3179358615  
0.3640316511  
-0.6804847169  
0.03756128789  
0.1622277224  
-0.8298001513  
0.2183862442  
-0.1537709467  
-0.02026754677  
-0.4703492373  
0.0438587555  
0.9627219046  
0.1006437327  
0.3261621603  
-0.06047539195  
0.01887015752  
0.6186436689  
0.3312569644  
-0.7060252053  
-0.1710970177  
-0.2154995495  
-0.4499773483  
0.4486994264  
0.2159762349  
-0.07959546178  
-0.07693510305  
0.6210634997  
0.6107151655  
0.1031543558  
-0.1714133036  
0.05498542201  
0.3547116645  
-0.3045881448  
1.111559552  
-0.2278959602  
0.1847508359  
-0.8689180861  
-0.5712867977  
0.8230811894  
-0.1480042581  
-0.6510253817  
0.1770986935  
