2.617704149  
-7.068436046  
2.516950018  
3.935814205  
-4.302228793  
0.3841308624  
-3.045945977  
-0.4942265099  
-2.600164933  
-0.5759834691  
1.298841784  
4.373089846  
-1.348748523  
-0.03097979215  
3.000903514  
1.751643139  
2.152310313  
-7.803539225  
2.590579534  
5.81083197  
-0.4321510681  
1.143381448  
-0.7105311  
4.35838949  
4.222413433  
0.4517285689  
8.070478182  
-3.099886012  
1.081426481  
-1.53333218  
13.77906516  
4.348659591  
-1.497376636  
-1.107026124  
0.7533597515  
0.3682633369  
2.869311581  
-3.868648857  
2.913596754  
-0.2699929428  
-1.749711127  
-1.933554176  
0.991056179  
1.569876369  
-6.058758748  
-0.0439242638  
2.74523831  
-3.707618332  
-0.4950538638  
1.487844129  
3.266163525  
3.852790901  
0.7504289301  
-5.616067327  
