3.167747366  
-3.662408632  
-4.167121149  
7.155540432  
2.620332285  
10.3665969  
-1.170254918  
-7.16995369  
0.8135217086  
2.244035315  
2.837839336  
6.196098271  
6.558427763  
-0.8015716735  
4.738369282  
0.5706570872  
-1.462229704  
2.143932724  
4.621852262  
6.774024606  
4.315624717  
-1.482481737  
-4.96163806  
-5.963213553  
-1.691376753  
6.457136186  
-2.367042948  
-11.45486716  
-2.94414484  
9.308850011  
-0.4412912312  
1.389028527  
-25.32859982  
-3.810166488  
1.453230688  
-6.166948766  
-2.534333094  
8.08846796  
-4.280925714  
5.4908915  
-3.936962273  
1.409024257  
-0.9329203889  
0.5587603605  
-5.560609584  
-5.833489367  
-6.183073719  
2.95386248  
5.726984601  
-10.78145056  
-4.770434267  
-2.242884919  
-6.500139368  
14.01893728  
