1.685245331  
8.045562782  
-7.76990679  
5.773841487  
-12.22793199  
-12.03509025  
0.06900533341  
-3.524042488  
4.669652196  
5.928147791  
2.961578274  
-5.586704723  
0.4403398234  
-2.115487681  
-5.090243058  
7.57278972  
0.7127714594  
3.438271861  
9.280224653  
-5.600108899  
4.042314635  
-7.799527684  
-1.372523328  
0.9330063596  
1.714935311  
2.828125837  
8.675590707  
-1.906294827  
4.110162022  
-2.544715559  
13.41973999  
2.053616296  
-4.122818911  
-3.55281536  
15.58413727  
5.466405272  
-0.287851106  
-3.266315982  
-8.243077701  
23.6089963  
-0.4288606107  
-4.36813042  
-0.7006353633  
-1.995791028  
-3.228027301  
-0.8113257761  
10.15275955  
-5.570641923  
-7.258760126  
6.876521162  
-3.463024341  
4.156357761  
6.245187454  
2.66692706  
