0.4083163085  
0.7196984475  
-0.2619347381  
0.5558840147  
0.4343747689  
-0.07579126118  
0.1431614136  
-0.3798029407  
0.6211385543  
-0.2375919463  
-0.1577052229  
0.6302865391  
-0.4680740536  
0.5945915144  
-0.1159223775  
0.1818446811  
0.7887598192  
0.007972038785  
1.4097827  
-0.3718685257  
1.074853677  
-0.5790594977  
-0.4700592899  
-0.1347071819  
0.3087470269  
-0.1449299448  
0.2170269039  
0.6287301131  
0.3983942383  
-0.3953276876  
-0.02377032434  
0.4252655308  
0.5072065117  
-0.4764184936  
-0.4014012351  
0.4814359148  
-0.4826370051  
0.6106128776  
-0.2918118632  
0.5670710137  
-0.1555708943  
0.5901390013  
-0.440102458  
-0.3439430869  
0.8851635263  
0.06918032395  
-1.227424594  
0.629110855  
1.003521677  
-0.7120616872  
0.1688265602  
-0.2508436853  
-0.7087139702  
0.3382433334  
