-17.40715179  
3.610196043  
-19.91970257  
23.00334392  
63.79405841  
-77.59340529  
-43.89782106  
-37.22468857  
-7.547448105  
6.579717767  
82.13289214  
-68.32683853  
12.72082489  
-45.15763193  
19.86379728  
31.27289068  
53.48749498  
33.95536494  
13.44570854  
15.35343855  
-24.20923237  
20.5388206  
-36.11836105  
0.8443056887  
-1.740591355  
28.51463146  
-12.54256877  
-60.42309674  
7.056898429  
-7.458153952  
69.60262504  
93.03315984  
-38.19651947  
-44.90363113  
-86.69485852  
-99.44534643  
-31.98598636  
-28.36579353  
-35.4755119  
-18.55809092  
37.06480595  
-8.153348649  
51.30336999  
2.508915508  
3.937674787  
36.05129164  
50.68411532  
-55.22785033  
106.8451529  
-36.34607804  
-38.43483994  
73.38021624  
2.865226685  
126.7084621  
