0.7897008289  
-0.08069413603  
-0.5242897433  
0.780669651  
0.08795185202  
-0.1782609232  
0.1633618987  
0.06268287493  
0.429214886  
0.476882277  
0.6842159771  
0.1116339056  
-0.1487658469  
-0.4187082192  
-0.07545953813  
0.9100882391  
-0.1409639304  
0.04032314729  
0.2257902932  
-0.6959439436  
-0.100084505  
0.2141005991  
-0.1832561065  
0.05173298634  
0.3315421919  
-1.120932698  
-0.1367931743  
0.3063336003  
0.6327650534  
0.7340683961  
0.2306995497  
-0.06731278009  
-0.564848132  
-0.08599590752  
-0.8624696997  
0.7351108101  
-0.686559476  
0.6658361167  
-0.1839521215  
0.2753755644  
0.8590428348  
0.4270389882  
-0.005164313608  
0.309219171  
0.5763126339  
0.3115115178  
-0.7105466934  
0.8375099111  
-0.306744156  
-0.5148010518  
0.1807233851  
0.153859545  
0.9648001676  
0.1124932276  
