-40.47982432  
27.52017656  
-50.93419381  
-32.5869816  
-48.95591432  
4.666715591  
-77.55619862  
-65.96325061  
-95.24164802  
-26.80044729  
-72.079785  
-5.936049568  
-56.98258505  
-23.27085801  
34.35628443  
-43.64350929  
-53.72110276  
-10.43639108  
-45.4683747  
-73.82584149  
-46.083238  
9.181336303  
-59.95665174  
-56.50352413  
-92.29018282  
-45.44927266  
-95.65843602  
-39.87172733  
-90.32865765  
-7.96824057  
-58.55736281  
-20.42588454  
7.027204313  
3.880161938  
25.94318271  
-29.54884077  
-147.0870394  
62.66247468  
6.388559868  
-44.07481194  
-3.012409982  
-101.7922335  
-80.81405901  
-17.17470845  
-5.897478894  
14.74325349  
-93.27149279  
-28.12285449  
-84.61082679  
-87.62148917  
-51.12082617  
-11.54454463  
-15.01721949  
108.951045  
