-0.7455490016  
0.3362786207  
-0.3542938198  
-0.1129719078  
-0.2815680339  
0.3628337762  
1.155756408  
0.2549942266  
0.3794290593  
-0.2646892544  
0.091073067  
0.1633086213  
0.8122930493  
1.02299915  
0.4328470495  
0.363539953  
-1.016121073  
-1.062107508  
0.3300789176  
-0.1571047444  
1.624800447  
-0.9357641458  
0.6786597686  
-0.8738690788  
-0.6010746817  
0.1869104417  
-0.4641945801  
0.7266678356  
-0.2515673679  
0.3833184233  
-0.02084299069  
-0.1861717373  
0.06240127096  
0.6906875174  
-0.7820796127  
-0.1065831298  
0.2197720128  
0.5355532103  
0.2375654086  
-0.04097134237  
1.5736906  
1.061318386  
0.40248034  
-1.925828439  
-0.3121226193  
0.3304563308  
-1.205560453  
-0.4909673545  
-1.061492125  
1.354829844  
1.279412711  
-0.4247010814  
0.07678502769  
-1.82288774  
