1.974941554  
14.09757883  
33.10772552  
-26.70986494  
6.465929781  
13.89189674  
-7.218471661  
1.698676617  
33.23423667  
-7.182426686  
16.97112115  
11.95445943  
33.78033577  
25.15842312  
-36.67830114  
26.87029967  
-0.5218036742  
28.51849688  
50.08643936  
-34.06547333  
10.25925494  
44.17887009  
9.693139462  
-16.21731429  
49.2099843  
35.27352767  
16.71853423  
-18.27796562  
40.02364871  
21.05132861  
20.17314854  
58.59189103  
4.526688227  
18.14024095  
85.62116927  
32.93406282  
25.40262303  
96.25515893  
-11.47973437  
10.43124309  
-1.245287732  
0.246773299  
64.23036623  
32.91267992  
-20.14924305  
29.12283601  
-37.66590193  
41.31152692  
-53.36304651  
18.89753131  
49.21741889  
-35.9966855  
44.02350319  
-67.92587519  
