-0.01114846843  
0.8814283758  
-0.6139471277  
0.5227986149  
1.611235083  
0.8462487155  
-0.6889098827  
-0.2154501637  
0.03564915114  
0.1451974862  
0.1928397463  
-0.03491816646  
0.0005286192835  
0.6288152982  
-0.5747279836  
-0.2140959878  
-0.1967089847  
0.2356493593  
1.269326859  
0.1723568084  
0.2096210718  
0.04291908663  
-0.07256646353  
-0.3501979542  
0.6850896028  
-0.187409261  
0.3122493617  
0.124678209  
-0.2422981082  
0.3846851473  
0.4223067494  
0.8235502319  
0.6922322294  
-0.2371079254  
-0.1906999454  
0.6218169137  
-0.3371976905  
0.1861884446  
-0.6280692535  
0.4997676905  
0.6538319696  
-0.006456317624  
0.2841621238  
0.05784796603  
0.8108951206  
-1.124930576  
-0.4357138912  
0.7909666121  
-0.7290523776  
0.7162617412  
-0.2893340197  
-0.6787057215  
0.5912586979  
0.7682539023  
