0.2827667602  
0.06651765325  
0.1783400811  
0.1321753458  
-0.4263691744  
-0.07223419913  
-0.133986435  
0.1109393579  
1.129766124  
0.3291504539  
-0.3648904623  
-0.8388429776  
-1.51484138  
-0.01551844998  
0.2522404133  
0.09120741351  
0.3811829312  
0.5636941268  
0.1382779659  
0.4346498454  
-0.4282919983  
0.335813619  
-0.4655328503  
0.4884146803  
-0.136417873  
-1.481662216  
0.7013335146  
0.01238049283  
0.1600185051  
-0.2972610176  
-0.3718850855  
-0.1122049491  
-0.6691793986  
-0.3243997338  
0.4289299602  
0.279412528  
1.147889391  
-0.7292147789  
-1.054433551  
-0.3754158914  
-0.8440170473  
-0.2635056264  
-0.3227963515  
0.3921685805  
-0.8858349787  
0.6885652282  
-0.3605841098  
-0.9378852182  
0.231986664  
1.303001171  
0.1046269556  
-1.162445856  
-0.7100638004  
-0.8780973632  
