0.407908638  
5.041643306  
0.2142526043  
1.105938154  
-5.748285972  
-3.092019284  
0.5883574685  
0.4480374671  
0.04663398854  
-0.3310053455  
2.160917433  
3.896819775  
2.572291893  
3.813154099  
0.4666987317  
-2.169678868  
0.8234261958  
-6.991891836  
-2.329218708  
0.4718665081  
-1.895939907  
-7.453320938  
-1.264767541  
-0.5997925975  
-2.728987395  
-1.70919923  
-14.65401769  
-1.761569884  
-2.093956625  
-1.509145456  
-4.01552544  
2.524203595  
0.2227845861  
2.468128344  
-1.094529056  
0.8572985727  
0.4564664734  
2.099294629  
-1.636450382  
0.1558659155  
-0.1188311262  
0.2016475602  
0.908406371  
-2.616083311  
-8.563846444  
0.4063517731  
0.8781705066  
1.983264977  
-4.76374046  
-0.3092822223  
-0.8034514792  
-2.309654592  
-4.463464093  
8.43006579  
