-0.009587567888  
1.818582803  
-0.1811560375  
0.6726216548  
1.682522018  
-0.1004024608  
-2.193665332  
-1.05712538  
0.9429263637  
-1.420830785  
-0.8905275225  
0.4230018376  
-0.3792309675  
0.3926131121  
-0.8503796035  
-0.2470313712  
-0.4126952069  
-0.29750363  
-0.08365725618  
-0.1505317406  
0.2513892113  
0.04478025483  
0.027846308  
1.667653383  
0.4185483996  
0.7661339429  
0.528157761  
0.4657977104  
-0.2813222924  
1.026022483  
0.7319244872  
0.2391130726  
0.3153618233  
0.002130711157  
-0.02065714253  
-0.1092280387  
0.327433793  
-0.1386138842  
1.607909658  
-0.607794966  
2.14880573  
-0.7570056131  
-0.6301682329  
-0.02751967507  
1.499011462  
-1.326125697  
-0.8016712348  
-0.2793974344  
-0.6322380069  
0.3768395625  
-0.6508663225  
-0.9760245324  
2.926696128  
2.016918957  
