-0.245005294  
1.15276635  
0.7693831137  
-0.4842529629  
0.6443781705  
0.7540704644  
1.53922869  
3.13910948  
0.4566697161  
1.058485719  
-1.626486202  
-1.506161999  
2.118742638  
-1.120492104  
-2.456247564  
-4.499901762  
3.785741354  
-0.809025389  
-1.269024344  
-0.8899716508  
-3.348093655  
-3.591964541  
-2.121932004  
1.873661148  
0.3668488091  
-5.552988955  
-3.532852876  
-0.9307539219  
-2.643457012  
0.8934406067  
-4.749492336  
1.673120266  
-0.4802066727  
-3.705863216  
-1.437702874  
1.634569505  
1.485227946  
0.4746774449  
1.847283831  
-1.091153818  
0.411849545  
1.795439582  
0.8716413032  
-2.786990001  
-3.531587523  
2.663367728  
-0.2326736203  
1.890772954  
2.432382327  
-12.11674311  
-1.575431051  
-1.439936427  
-0.1993957871  
10.68145388  
