-0.732014623  
0.5049393323  
-1.50899787  
-0.02851450085  
-0.5049088181  
-0.492602312  
-1.134392394  
0.6196674167  
1.031896214  
-0.6728917913  
-0.300064222  
0.4428360247  
-0.1037782876  
0.6119302415  
0.2804592579  
-1.012674734  
0.2246480783  
0.5513960488  
-0.1902400915  
-0.1521909696  
-0.3088252444  
0.1799557596  
0.02918972779  
0.8466073153  
-0.1772939497  
-0.7212549166  
1.309035226  
0.3055117262  
-0.9273988663  
-0.399825283  
-1.387465626  
0.3375497917  
0.9200576629  
0.752166122  
-0.5821247627  
-0.8770585723  
1.440043513  
0.3435282805  
-1.131116046  
-0.5775342945  
0.1171905102  
0.5263747663  
0.2382714306  
0.7220354233  
-0.7342063958  
0.07253564896  
0.8613317182  
-0.1495418792  
0.8957952676  
0.08303461461  
-0.2483524827  
1.097852141  
0.9861824831  
0.2253772482  
