-2.005112842  
24.40626955  
-2.983672177  
-95.00905772  
-25.50307931  
-13.18961919  
-65.26696517  
9.32401788  
27.60528035  
-52.4374365  
-32.63965894  
-163.3415273  
-26.48502331  
-12.01891272  
-13.2118882  
33.05487911  
48.04799757  
65.25761966  
57.25852931  
-84.89642234  
0.6437192694  
6.245210883  
-1.663053431  
-0.6211149439  
44.62691688  
20.61439013  
-9.03167379  
-29.28305667  
42.85852733  
25.84924538  
82.99834404  
47.62856163  
24.25281289  
-42.2129871  
34.25669233  
-26.18144964  
-1.033223191  
74.59256555  
5.370464585  
-66.61273674  
-10.25481776  
-27.65417371  
85.52790388  
-10.95335379  
-13.70007546  
-43.66702008  
-28.33321087  
-52.82992091  
-16.88171338  
-48.35620658  
93.92653009  
28.15036727  
3.975366658  
-62.64249334  
