0.08057565557  
0.140358073  
-0.5331197686  
-0.2233142558  
0.2573695187  
-0.8696144567  
-0.1024944586  
-0.374790602  
0.2220557001  
0.611324513  
0.03253541879  
-0.2165946155  
0.0389044927  
0.2070444367  
-0.5045149135  
-0.4513546925  
0.3324521219  
0.5564887393  
-0.2480589552  
0.5744222645  
0.4242439357  
-0.6561805067  
-0.009675663418  
-0.3631061335  
-0.263406483  
-0.2797934244  
0.9992493886  
0.7895304627  
-0.2857405004  
-0.4877615067  
0.4733592767  
0.3053212363  
0.1990482723  
-0.2606807185  
0.3054784011  
-0.8000348474  
-0.4673455429  
-0.04770718703  
0.06001844238  
-0.1182398752  
0.3120101258  
0.0802431643  
-1.112920294  
0.3520388908  
0.05065849992  
-0.1273065015  
-1.059621901  
0.001433565403  
-0.157397756  
0.4625460142  
0.8138055769  
0.4111296476  
-0.4552971399  
0.008794792802  
