-4.516941865  
2.299869572  
-1.417326116  
0.26530676  
-9.057471155  
-4.69604135  
-0.2759303117  
3.097430362  
-1.957803813  
7.307069136  
-2.260261973  
-28.43056156  
-4.938117665  
0.7990280107  
-7.633146279  
2.589753156  
-1.161258098  
3.564678305  
5.369886226  
0.5515702841  
2.387313106  
6.613719353  
-3.772970789  
-8.047089377  
11.72236597  
1.369233906  
3.983142281  
-4.706079026  
0.4580145781  
3.158522277  
-3.275464707  
0.7089251994  
-1.033869677  
0.8046748313  
1.206677557  
-4.547848255  
1.324051508  
9.145799265  
-4.470359199  
1.488539851  
0.9174892214  
6.079651176  
8.482169274  
-4.645008306  
-2.937117804  
-14.5460862  
-4.44725408  
-1.187699667  
15.06588479  
-2.241819804  
4.158143121  
-7.119807588  
-0.0463445718  
11.79119282  
