-0.011241718  
-0.1223503394  
0.367996284  
-0.3789152141  
-0.7693270587  
-0.857610299  
-0.1516282298  
-0.2287223971  
0.2246010672  
-0.5283802144  
-0.3013851172  
-0.06479569125  
0.3277112738  
0.4138207047  
1.002355225  
-0.2907654313  
0.4463003271  
0.05434426434  
-0.0812167517  
-0.5809702422  
-0.5604966207  
-0.5205277241  
-0.2359344293  
-0.01457631053  
0.1413701805  
-0.1246360416  
-0.2968443775  
-0.4267465893  
0.424586277  
0.04905212837  
-0.08494085189  
-0.2087978548  
0.5393792273  
-0.3631824281  
-0.1002926441  
-0.5399380441  
-0.6904559869  
-0.4191612922  
-0.05148316139  
0.2522466974  
-0.01420528967  
-0.8489424115  
-0.1368958744  
0.6153520323  
0.09169107771  
-0.3226465263  
0.1853029672  
0.2999001743  
-0.2038573971  
-0.437478227  
-0.2834889755  
0.9366352467  
-0.1038989632  
0.6482156604  
