-0.4533334767  
-0.04129184185  
-0.2630111518  
0.6475622877  
1.059169426  
1.305683286  
-0.3737152507  
-0.06928119253  
0.06097446698  
0.4676406286  
0.4481207381  
0.5351481817  
0.8701623244  
-0.4062174248  
0.5387799658  
0.03437082825  
-0.4568723579  
-1.188799188  
-0.09564423228  
-0.4775697074  
-0.3295023212  
0.7448871223  
0.8071720943  
0.09001626552  
0.2299725564  
0.300307582  
0.8427432955  
-0.2032180483  
0.535964423  
0.6005304258  
0.09732890329  
0.6385070917  
0.09880695492  
-0.2934330138  
-0.4939717348  
0.09012520005  
-0.05199068974  
0.9469722238  
-0.4650456826  
0.2763203831  
1.271368069  
-0.2794895747  
-0.9002733203  
0.944295277  
-0.6197012831  
0.1487744386  
-0.2817955429  
-0.08970873455  
-0.9924354845  
1.320258702  
0.1582185536  
-0.5518174458  
-0.3077878201  
0.1309137175  
