0.1159888831  
-0.310669412  
-0.006475942827  
0.5717391066  
-0.1825049662  
1.410639833  
-0.1934345523  
-0.002388408815  
0.004618236105  
-0.1751355328  
0.780469452  
0.8335395603  
0.6075071917  
-0.5865527484  
0.7397699644  
-0.2148335633  
-0.3972009681  
-0.3297224536  
0.1117549317  
0.179754019  
-0.02559263048  
0.722162253  
0.601809307  
0.07147756424  
0.7457272006  
0.5796897876  
0.8376918334  
0.1362402428  
-0.7354912479  
0.6405447039  
0.2618044611  
-0.2261350796  
0.3180795014  
0.02955397935  
-0.4118527338  
0.5363264528  
0.4379786357  
0.1794016843  
-0.247040055  
-0.4522041449  
0.9688246921  
0.5192190564  
-0.05189522849  
0.575291787  
0.1101186661  
0.08557219039  
0.6118185588  
0.4142825204  
0.2345463659  
0.7978411611  
0.01786957484  
0.1587288895  
0.07301409292  
-0.08154658986  
