0.4955362809  
-0.3627883942  
-0.1922426797  
0.08123856135  
0.8078481757  
0.5100835653  
-1.001650672  
-1.310271741  
-0.6014763091  
-0.04131867572  
0.6474357657  
0.1302637082  
0.03229488543  
0.7951218408  
0.8014530644  
0.2899155816  
-0.5920596688  
0.1741216688  
-1.096855987  
0.7893000161  
-0.3434196937  
-0.1501824427  
-0.4150821572  
0.2823537003  
-0.4366803346  
0.7387478092  
-0.3521477614  
-0.3426123312  
-0.6175332018  
-0.001915778105  
0.859129125  
-1.430116773  
0.02145618661  
-0.2933948343  
-1.294274412  
0.7424647064  
0.2486558849  
0.1325506978  
1.158680025  
-0.1643473358  
-0.7301367422  
0.2400265082  
-0.672483162  
-0.126070838  
0.2750156693  
-0.04360844073  
-0.4898094058  
1.051958833  
-0.3562184873  
0.1522262274  
0.7187343151  
-0.4018859306  
0.1449581548  
0.7227965421  
