-31.7653864  
16.87146827  
-1.660417958  
34.48884849  
14.62665705  
27.89981786  
-22.92589164  
-8.740384826  
-4.287869228  
15.57190153  
-3.997381114  
-22.53259489  
-12.04833021  
22.0280357  
-12.06546668  
9.849812976  
-10.22924073  
-7.038333217  
-24.67683275  
-21.204152  
3.27664624  
6.972568164  
-46.82049663  
-5.286159312  
-14.78391582  
-16.96152979  
-8.796781901  
2.540912919  
0.04748424178  
-11.21588659  
-39.01720316  
0.3719834278  
11.30284836  
-16.11783996  
50.7491411  
5.056810803  
-21.52678629  
1.58140028  
-24.53236255  
-6.743805504  
14.37317788  
18.51860031  
-9.191382274  
1.786424067  
7.486133751  
8.080878905  
13.41083048  
-34.18052997  
28.87365563  
-80.60301063  
10.92810769  
-7.230752175  
2.902705443  
-110.6130793  
