-0.3800401295  
1.02332923  
-2.267835564  
-0.7228891826  
0.5979452465  
0.3330793996  
1.020049472  
0.3501106999  
-0.1117190099  
0.4103221917  
-0.4643355383  
-0.7173557685  
0.2226673863  
-0.2411728348  
-0.4057510954  
0.09714579837  
-0.6606648605  
1.689538698  
0.4217924115  
1.019342241  
-0.2128831001  
1.034587991  
-1.066601521  
0.4291075178  
0.5099363413  
0.2591454859  
0.7325762518  
-0.9396442555  
0.4164374905  
0.679141632  
0.1774792842  
-0.2494763508  
0.8545242328  
-0.08635464512  
-0.1093785888  
-0.1542317283  
1.217831987  
0.1272458371  
-0.362085435  
1.342694966  
-0.3975699848  
-0.03150825889  
0.3845488449  
1.668391259  
-0.05217041458  
0.4478660545  
-0.3418792486  
-0.7941269153  
0.9769659333  
1.220406619  
1.721032594  
1.055938675  
1.745008789  
-0.3539678239  
