0.0405956038  
-0.05188058132  
0.08910793832  
-0.6682151462  
0.6143446036  
-0.2012362585  
0.4602010575  
0.6917628698  
0.5821047859  
-0.1205565044  
0.7307632182  
1.296886304  
0.3101196111  
0.5588773244  
-0.3565272125  
0.5425325575  
-0.3693019407  
-0.3755015146  
-0.2643022135  
-0.524586782  
-0.01601681531  
0.07685880257  
-0.4189302706  
-0.1574112838  
-0.04786874197  
-0.002221815448  
-1.901389042  
0.1987242087  
-0.8793797044  
-0.9328903346  
-1.179782503  
1.327294254  
-0.1069118344  
0.27452418  
0.2672541279  
-0.6210944412  
-1.158228553  
0.09674073212  
-0.1640798526  
0.6632351908  
-0.05361720015  
-0.6419530362  
-0.1814216256  
0.3556049109  
-0.2167318992  
-0.2258529389  
0.02599887907  
-0.2994032839  
-0.2403331643  
0.4647456994  
0.3828228732  
0.08850246894  
1.201755089  
0.7642943803  
