2.944526253  
-5.790345494  
-2.582259709  
-6.541969097  
-7.864131181  
-4.677216948  
-3.518935039  
-0.4442254481  
-3.810287768  
-0.02441582688  
-2.252971976  
3.900359781  
1.106569855  
0.3243857698  
1.146700772  
1.514106505  
0.6171935835  
-3.703919835  
0.6667162397  
2.112061645  
1.988379414  
-2.141032882  
-2.797091108  
6.241143416  
-0.8476825221  
1.187388489  
-6.919503679  
0.9038198637  
-1.514321728  
0.9365597611  
5.814336011  
-1.13847624  
-1.527070175  
0.1598304916  
5.215902882  
3.165051868  
10.01439309  
5.469080723  
0.8509551947  
-1.794327485  
-2.915377309  
-2.054702437  
0.8186540112  
-1.337292684  
-0.5186845376  
-4.790207868  
-0.4050318148  
1.125216362  
-0.5842316013  
4.098895019  
1.338370418  
0.1937370105  
-0.7780417109  
-4.837932359  
