27.16996855  
14.72979158  
-25.17078076  
-100.71018  
-97.46605185  
141.8821564  
-62.76423573  
39.55969432  
20.37910511  
-40.70812994  
-76.38178402  
-25.40116418  
-8.855952178  
30.02419832  
-20.32192111  
-32.5933854  
-34.06366874  
45.45586896  
62.09801164  
-47.58731331  
-16.70142723  
-15.6448431  
87.03373475  
20.50180689  
68.20240308  
-35.68882009  
6.734377739  
31.98543499  
64.18757652  
71.66300008  
108.3652568  
42.7006821  
9.848630439  
-54.11367928  
110.3315467  
66.858955  
79.40330016  
157.3966602  
-53.63820172  
-121.2805302  
-19.50983461  
-45.83960176  
-34.31968765  
-26.68859734  
-34.56157785  
-34.74316287  
-24.80274072  
43.89927684  
-77.74974915  
4.832750976  
40.80260576  
-50.07517018  
41.8324531  
-182.1817288  
