-48.85174974  
0.3014880416  
34.59997453  
59.61178051  
49.04817933  
82.80698192  
21.00130187  
12.51961784  
55.63316398  
54.35158203  
11.64006964  
56.4992836  
41.16208143  
40.89708111  
-8.515893219  
41.61376449  
46.43857588  
-12.845901  
14.32308528  
29.00726772  
35.03463072  
1.926996231  
51.24583367  
50.10977716  
35.64294757  
40.73209342  
4.518164192  
54.13282831  
22.16734187  
0.3493984915  
56.33827286  
74.85160094  
12.71087729  
67.36836393  
-5.604396806  
32.18408982  
36.57148035  
65.19090877  
26.4794603  
84.62399971  
-5.996441296  
51.58230743  
76.67622181  
77.80014332  
26.46838621  
57.82498731  
33.82806116  
52.57346022  
-22.14959381  
31.1890263  
-1.857452799  
27.02525707  
-4.461246086  
-112.0903318  
