-1.116120105  
-4.364511178  
-14.88327522  
-25.17606572  
-70.45420807  
-47.55552738  
-44.22475918  
-44.75202927  
-47.0704313  
-38.21431058  
-22.38411385  
-8.908294373  
2.166296623  
-8.362984693  
-17.1121918  
12.1918064  
-28.01115565  
-9.110223221  
-18.43010616  
-26.1416455  
-38.78303955  
-18.25037889  
-5.619556776  
-6.513860083  
-29.02559083  
-22.37455527  
-5.860607773  
-43.37688837  
-31.67746632  
-7.116812016  
-51.1211581  
-1.036243909  
-30.78994834  
-29.36418941  
-22.64921551  
-12.63169344  
-12.74252322  
22.47895321  
-5.277297528  
-41.76095866  
-17.14153382  
-18.72550119  
-29.39377384  
-5.553791971  
-4.771702558  
1.798202895  
-68.6922842  
-11.05709453  
-63.31910045  
-29.53556114  
-21.5373498  
19.25587304  
-30.45073042  
0.1378398  
