-15.66026945  
-0.3126627354  
2.515355401  
3.344598379  
39.17417259  
48.86741909  
10.58738643  
-5.417118575  
-4.314982371  
7.918899194  
10.09603267  
0.4166786778  
-16.82719972  
22.6843321  
16.19572493  
-16.32953698  
1.008824633  
18.6039203  
4.381692286  
23.65730694  
19.23356043  
-16.3282493  
-13.41031218  
3.116761243  
-7.909908804  
3.696487336  
-18.16663956  
10.5313387  
-2.496877625  
-11.75742556  
4.614305448  
-2.140818764  
1.848514042  
17.16882629  
11.30673719  
-13.13442116  
-8.433548667  
-26.37247796  
-1.412869771  
30.22322666  
-6.565969318  
-9.690684478  
-16.6374842  
-11.74124665  
-16.2497752  
16.87455262  
-9.52821249  
-40.84445118  
11.1529776  
6.814363651  
-13.83515115  
-34.22257419  
-15.38706755  
-86.8812607  
