-0.01822461789  
-0.02376662775  
-0.1713576278  
-0.2421561365  
0.2228322467  
0.5718927562  
0.4314676059  
0.3579041193  
0.2767069876  
1.001715622  
-0.03742233366  
-0.1291562393  
-0.1969294467  
-0.199954996  
0.1848517698  
0.5668020756  
-0.01832181973  
-0.2746140112  
-0.4919448463  
0.3170138993  
0.1993150952  
0.3611187915  
-0.1212849905  
0.08413067068  
-0.38961421  
-0.2803482295  
0.1717327955  
-0.1698702675  
-0.01590870042  
-0.4167650411  
-0.330331109  
0.3166610047  
0.1621673428  
-0.08920930973  
0.3258185042  
0.1413699902  
0.2835216793  
0.3321779618  
0.05327376495  
-0.1418563083  
0.4962256904  
0.8389756784  
-0.1666686772  
-0.6658578589  
-0.6306554265  
-0.09533470307  
-0.4687293976  
-0.7142499377  
-0.06133850295  
0.2636764645  
0.7798376175  
0.164786166  
0.9022538352  
-0.482779564  
