33.1562579  
8.739504371  
15.03683398  
-38.93423621  
-10.14671676  
74.85630698  
-16.82371602  
22.50518586  
47.02009599  
21.48217118  
76.32901255  
7.442181764  
-16.50147955  
-25.65375451  
18.53331668  
-14.29030389  
5.996084144  
-32.03780575  
-71.08860856  
22.15334883  
-18.03935578  
29.42974106  
1.609273031  
29.98281106  
40.13620119  
-14.12019429  
11.05037359  
103.7885891  
49.91492619  
32.69342109  
108.5395261  
32.6218316  
23.73457538  
22.57274398  
2.293610441  
-37.63447631  
78.37446455  
66.88401793  
-13.93860212  
26.36353859  
-38.97215641  
-100.100367  
-63.94355188  
-6.88740774  
-5.799686294  
5.517788857  
-5.672385865  
31.98593683  
47.28595028  
130.759821  
-3.910230897  
1.096156488  
26.1449197  
19.50627762  
