-28.89793098  
46.90079773  
-33.37186173  
-76.9778009  
-86.79411237  
10.07092154  
-67.91125297  
-52.97926175  
-22.34606658  
-117.7030327  
-148.7962049  
21.81334036  
-102.4109382  
13.88524552  
-9.078168475  
-6.476894723  
-150.5848746  
61.59158782  
-60.45544316  
-95.80652433  
6.722617112  
-10.40289332  
-15.10151768  
41.0835817  
-70.38729996  
-63.17748454  
0.4970180427  
-125.428634  
-61.49889915  
7.549843719  
-15.83502783  
-34.26566589  
-41.6084927  
-131.3220136  
31.51089031  
-63.85802115  
70.88604343  
84.72984483  
-85.01355088  
-76.79015626  
-90.99629615  
-136.2651572  
-56.05897232  
-74.43364723  
-59.72426211  
-20.89431713  
-19.85652208  
-59.30306639  
-90.95353745  
-55.70633093  
-28.40975983  
-115.4806138  
-5.007007332  
33.02268546  
