0.7747668047  
1.310932163  
-0.9832537772  
0.1688290755  
1.49732346  
-0.4405678257  
-0.8143369956  
0.1666188966  
0.17092746  
-0.07058646149  
0.6644144737  
-0.3044485903  
0.9802900707  
1.188755385  
-1.071833191  
-0.3951441087  
-0.1737226764  
-0.7078706587  
0.5905341429  
1.09133716  
-0.01296351181  
0.1089233867  
-0.2578904392  
0.264160402  
-0.138016992  
0.3155314899  
-0.4251374568  
0.03082608093  
0.8869316902  
0.3120167609  
-0.7397325322  
-0.9085729125  
0.9332891037  
-0.3432356599  
0.1189794356  
0.1504862888  
0.09552363622  
0.546307894  
-0.1758768947  
-1.268870489  
0.198504823  
0.8783774986  
-0.2981854495  
0.3170895663  
-0.4825975775  
0.2977292536  
0.1486629105  
-0.3723197873  
0.02145287903  
0.7120796526  
-0.9267696398  
0.8084176131  
-0.4994931065  
1.368566491  
