0.1608976833  
1.877257262  
-0.6033275557  
-1.460737727  
-6.595684999  
-1.684053645  
0.943311634  
0.8522176997  
-3.43654127  
-1.587942231  
-2.916728154  
-1.693547732  
1.189803365  
-2.437221181  
2.368915659  
-0.03532191378  
0.3778537752  
2.325023248  
-3.426454408  
3.327975447  
1.354031779  
0.7923870132  
2.824991446  
0.5055298558  
-2.356759402  
-0.2728588596  
7.245286988  
-2.129268747  
1.110669897  
0.263488697  
1.463555285  
0.1089800467  
0.4111852187  
2.875561599  
-0.9002757705  
-1.613335808  
5.316155434  
0.5154090456  
8.381037209  
-3.324326279  
0.5518311278  
0.8939797612  
-3.745612535  
-3.755228064  
3.763751573  
1.271030618  
-2.777210061  
3.299291566  
-7.66980668  
-4.775997029  
-0.08460940005  
0.05702071394  
2.397305358  
-4.844758681  
