-1.763728782  
-6.796951263  
-3.511564015  
2.077139554  
-11.7780665  
-0.1501157951  
-1.390323794  
0.9353865568  
5.741263584  
2.963351896  
-3.284200701  
-6.089488946  
0.04224130188  
-0.6270129109  
-3.288356322  
1.799650279  
-0.8214194429  
3.159818581  
-0.9475137485  
0.03118863612  
1.115538538  
2.370728518  
-3.634130095  
-4.541523083  
4.257601089  
3.997195362  
-1.810517523  
-2.120667952  
1.532985233  
1.784749671  
-4.967362978  
0.01068624875  
2.216880413  
-1.078105384  
9.2525123  
-2.433776182  
3.064904954  
6.46154825  
-3.889750321  
-0.7525024591  
2.206851202  
4.44972619  
0.8602732982  
-2.162256893  
-2.60248429  
-4.733930936  
2.381457824  
0.569008892  
11.7762999  
0.996217414  
3.866858205  
-3.432006382  
3.102235301  
3.251736386  
