3.007322394  
-35.75080906  
15.03794644  
14.10460297  
17.78762611  
9.504064954  
-51.96230021  
-32.30552129  
-22.87039366  
70.36248223  
128.3729463  
-62.48127558  
72.76190866  
-70.52831106  
23.75962752  
3.977269556  
161.2537833  
64.82597783  
15.87411891  
29.62792014  
-2.900149066  
32.98824222  
-84.03715541  
-101.3696882  
24.78221597  
18.27270634  
30.96244653  
118.6281595  
-28.1172989  
-38.24622458  
30.06086658  
51.62977289  
-57.06930594  
17.82786365  
-42.43543412  
-45.27751451  
-7.330124708  
-58.13338494  
43.71773884  
-76.58483606  
74.42962621  
146.2881486  
-14.60035929  
-25.86050685  
-14.78916709  
67.31742484  
10.77590746  
-49.77016288  
101.6789512  
-89.43679295  
63.5982124  
73.99513002  
-16.50867072  
-174.0697003  
