-1.06517797  
-0.5710120184  
-1.1244608  
0.5201582473  
-0.2664938554  
0.4337661318  
-0.4090903135  
0.5152827996  
0.2298303851  
-0.2157499266  
-0.4714057  
0.9072472391  
-0.4638518491  
0.3296290495  
0.9064782962  
0.7887610992  
-0.5567118865  
-0.7745957618  
1.125572476  
-0.8578037478  
-0.3694454107  
0.6856979362  
-0.3303794952  
-0.5789636237  
-0.2291337744  
-0.1902161808  
-0.8016038862  
1.87019217  
0.1286498647  
0.649662285  
0.5252358692  
0.6092884486  
0.2926503043  
0.06827679954  
-0.1243155264  
0.2156693003  
0.408300223  
-0.2347935111  
0.02483547545  
0.1541242139  
-0.2954067072  
1.124366156  
0.2717932124  
0.7637955905  
-0.3107184689  
0.2069822631  
-0.597714866  
-0.2758603817  
0.2813886228  
-0.48747022  
-0.3249241612  
0.2436884195  
1.062978081  
0.009234565104  
