-0.7927457616  
-0.5541764723  
-0.1694954905  
-0.2003064141  
0.1725657151  
-0.237248257  
-0.03157432125  
-0.1609613992  
-0.3571131207  
-0.04724414882  
-0.01211796938  
-0.05902122892  
-1.332902124  
-0.2885849245  
0.1642754117  
0.0748743677  
0.02281609139  
-0.3811834596  
-0.3201225943  
0.1060575238  
-0.404765718  
-0.06327520447  
-0.09810582126  
0.7863829157  
0.0498695835  
-0.008398429783  
-0.3695855469  
0.1694532146  
0.1486949688  
0.120867323  
0.2065301139  
0.6741231634  
-0.08518470349  
0.6265530955  
-0.2207809432  
-1.046994532  
0.06682734075  
0.226910667  
-0.2567462164  
0.07103443962  
-0.1653240024  
-0.1838680904  
-0.8240036665  
0.5678070626  
-0.2981944728  
0.7205374305  
0.1680810136  
-1.269638019  
-0.4769785183  
-0.1494256325  
-0.1404674891  
0.4609082331  
0.04050461564  
-0.9317154351  
