-0.6941056259  
-0.07410016259  
1.082847815  
-0.4625885695  
0.4341136063  
0.2981735132  
0.173308517  
0.1121617216  
-0.6391945994  
0.3612089005  
-0.4999234206  
0.6992685543  
0.1275894283  
0.5678756575  
-0.0695313672  
-0.0323151841  
-0.999428858  
-0.2138626969  
0.5276642409  
0.4201943712  
0.3395450423  
0.2028437234  
0.6276281025  
-0.2168502793  
0.6413834783  
0.01492206835  
0.3980489762  
-0.5929427053  
0.05921676232  
0.5408677686  
0.9270846395  
-1.523098931  
0.2982971723  
0.2426642556  
-0.5215715304  
-0.2221218822  
0.680116542  
0.8273809811  
0.03215865555  
-0.02860970703  
-0.2465891456  
0.3309980858  
1.222849067  
1.291013607  
0.3873304705  
0.3107550458  
0.7898156806  
-0.5983123979  
-1.296567072  
0.4269688115  
0.7750427522  
-0.3817313538  
-0.1913795773  
0.1179560903  
