-30.98273752  
-71.68765305  
-15.52103555  
-54.25933508  
-104.181182  
-34.45422963  
-59.97977062  
-25.74690199  
-25.76034511  
-38.33750798  
-28.28356146  
55.2554732  
-24.74729739  
18.05448328  
15.85730976  
-13.73764693  
-26.61908749  
-32.90774807  
-24.23926256  
-29.41460289  
-22.81907006  
-35.99453345  
9.898378658  
-5.247379922  
-34.13312725  
-34.64216246  
-74.75338394  
-48.90518548  
-30.08258252  
-26.19069107  
-87.193481  
-45.08896987  
-24.94199101  
-2.877320608  
20.61758455  
-28.78011214  
-21.13856653  
-7.408616958  
-12.66337143  
-23.24721496  
-23.3003064  
-27.54568177  
-58.0998225  
-0.9174887707  
-30.90425758  
21.40899731  
-92.63776597  
-30.34579525  
-14.53306691  
-56.02778484  
-14.85425334  
-8.724587119  
-97.48493767  
0.9265634855  
