12.20494416  
-5.001378976  
-5.987087807  
4.251964092  
-13.3479678  
5.736133946  
-0.3394836085  
-8.929210098  
-4.245015292  
1.985696537  
4.940714926  
10.93275766  
4.386084989  
4.11526808  
-1.188841719  
0.5003339115  
-5.637804794  
-2.698678563  
7.725827966  
1.536759166  
4.47291229  
-7.626548377  
-13.86027879  
1.621203145  
4.882874804  
8.909172142  
-54.55574718  
-3.819901214  
-4.530042887  
15.71598664  
-0.4496087291  
0.7714759489  
-6.864893913  
-2.478759761  
11.7458187  
-2.433948776  
5.498239414  
14.04263954  
4.704821569  
6.816064787  
3.201248257  
-13.55451801  
18.86221359  
8.956275576  
-17.84965049  
-25.68708048  
-9.459604903  
4.847035222  
4.145630306  
-0.2889257654  
-8.368810258  
-5.552912483  
-4.352162931  
8.596280393  
