-0.08661049738  
-0.5444629257  
-0.08196451576  
-0.6051921668  
0.4567909602  
0.08665098912  
-0.7514385649  
0.5020729439  
0.04118008891  
0.1960706853  
-0.03623643683  
0.002419634279  
0.2596235193  
0.1450287164  
0.3794467199  
0.09314900344  
-0.4930767616  
0.151042914  
-0.4469541911  
0.1370867262  
0.3084917461  
-0.5406531474  
0.5165331596  
-0.7372987472  
-0.7907110215  
0.5077169119  
0.6768614818  
0.3789392164  
-0.04793990348  
0.0417506357  
0.8773760496  
-1.092427786  
-0.08151749669  
0.01612420428  
-0.1825727734  
-0.02037656413  
-0.4123778382  
0.4705341255  
-0.02176363636  
0.3939732142  
-0.220081328  
0.09453807334  
0.02908550017  
0.02961118682  
0.1484565328  
-0.1850046065  
-0.2338528185  
0.6193437137  
1.94267221  
0.8441924205  
0.7259209096  
-1.111477903  
0.05752252662  
0.3426969455  
