-57.91589442  
-64.03742391  
-48.18127047  
-106.621997  
-212.7628917  
55.03603383  
-173.9830788  
-66.0599691  
-83.71213441  
-36.25612049  
-100.4510737  
-140.1170932  
-82.94268829  
-57.83242241  
-80.26863239  
10.40492715  
-109.8648517  
2.029122892  
-72.69553978  
-159.25001  
-116.0882299  
-131.8203237  
-7.582294426  
-123.1889072  
-92.39302183  
-110.6771742  
-59.32771085  
-38.52437438  
-29.07273569  
-15.25730954  
-37.07098881  
-50.56741235  
-77.51602903  
-31.58880512  
-5.243108975  
-26.26484054  
-143.9361311  
-31.52303583  
-124.5839489  
-205.4852837  
-47.41988182  
-96.9486281  
21.74344904  
-156.9939744  
-53.94297851  
-11.25612765  
-96.38986801  
-117.3896882  
-94.78550138  
-79.98642891  
7.247528511  
-105.902799  
-97.28719199  
-75.42890097  
