-0.316521816  
-0.319346648  
-9.791473501  
1.790328273  
9.613628125  
-3.096948757  
0.09674364532  
-0.3155210656  
7.081640145  
7.301688505  
-2.474490337  
0.09471510234  
-3.094183136  
-2.887018205  
-1.946217692  
-1.199872035  
7.027775868  
-12.12903712  
-5.086573086  
0.131509447  
3.495135276  
-9.313942125  
3.35697547  
0.4256484454  
0.7603083838  
4.763274395  
0.4208366951  
1.957491119  
-1.228048948  
1.20126715  
7.470204827  
6.672605875  
3.635423918  
-4.840473398  
3.785269948  
6.011141011  
-5.031602684  
1.40419519  
3.613263837  
13.82208794  
-7.617124545  
0.7570772856  
-5.474156942  
-1.812758575  
-11.88559767  
1.413449986  
1.446150171  
1.794391759  
-8.105593661  
18.11881703  
1.630022538  
-3.685417747  
6.471048408  
-47.74817182  
