7.009682932  
12.55019622  
-6.299287863  
10.52782746  
-7.378486115  
-8.003245288  
1.295429876  
-6.792865111  
-5.548377933  
0.08106908153  
2.427366505  
7.563216216  
-0.5294975234  
0.8678671896  
6.248271357  
-3.796177426  
-2.998363167  
-4.665055863  
3.307529164  
-2.868635001  
2.05186347  
1.610878233  
-4.636416338  
5.755745965  
-0.4674576481  
3.053407179  
-27.51265729  
-6.591195171  
-1.30021143  
4.940852563  
0.5852476811  
-0.701193659  
-9.06909223  
2.834849382  
3.974833318  
-2.617633011  
6.057196584  
15.82614452  
0.5042956692  
9.083108589  
3.544895762  
-6.281476075  
0.6944508687  
3.034156434  
-4.644710796  
-10.48631064  
-5.977314439  
1.427785859  
1.417381483  
2.964826329  
-1.553300264  
-2.731670968  
-5.130649509  
8.498818975  
