0.254258666  
0.1162854077  
-2.061477959  
-0.06113766173  
-0.4704383604  
-1.286134159  
-0.2171041284  
0.1271153618  
0.3579976964  
0.8714888182  
-0.4743450047  
-0.9758225142  
-0.246819415  
0.9267451308  
0.02929661913  
0.4440947057  
0.5004810734  
-0.2364851652  
0.04881271671  
-0.7601179372  
-0.3888074163  
0.8737335503  
0.2906769481  
-0.620906992  
0.5240876498  
-0.006534020563  
1.04969081  
-0.2715949954  
-0.4595912942  
-0.2854063142  
-0.443657281  
0.6858821352  
0.8423298629  
-0.4796208296  
-1.84833001  
0.6046005847  
-0.4654997279  
0.005271686045  
-0.7924687435  
0.1887642431  
0.0975952768  
1.212419137  
-0.2377335387  
0.4742077409  
0.660402109  
0.7320886274  
1.317606728  
0.3701949777  
-0.6826057403  
0.2364987472  
0.7883938841  
-0.4518209922  
0.9019507105  
-1.523507997  
