-0.4907831907  
-0.1169827636  
0.2860618491  
-0.612200266  
0.503264077  
-0.6053734065  
0.2181635525  
0.478698572  
-0.3663037337  
-0.4379178433  
0.92308815  
1.519025741  
-0.1199935079  
0.5709408649  
-0.1175158056  
0.5712857022  
-0.8790037665  
-0.2829664397  
-0.7319058641  
-0.329002796  
-0.256480878  
-0.3528606038  
-0.4302002378  
-0.5742955186  
-0.1958834841  
0.1357110159  
-1.639398314  
-0.05912968342  
0.07713228858  
-0.5042418512  
-1.258111838  
0.745650234  
-0.2887724367  
0.3254047137  
0.03760414302  
-0.2821187471  
-1.332125691  
-0.08723111773  
-0.4213387554  
0.1786711747  
0.4532506554  
0.03110850856  
-0.566956308  
0.3423663302  
0.2438979763  
-0.4705133868  
0.2015806627  
-0.7505144262  
-0.5532778305  
0.1734486315  
-0.09178955927  
-0.09587715399  
0.6778127957  
1.014829096  
