-0.0310598782  
-0.1239305705  
0.9410548037  
-0.08108627975  
0.8491238377  
0.2872736813  
-0.4756649833  
0.316254163  
0.07986911816  
-1.315633202  
-0.2681452128  
0.2081306628  
0.2842956234  
0.941405376  
-0.3096232478  
-0.2413436818  
-0.5643150519  
0.008303678764  
-0.4421548041  
-0.5624063368  
-0.5698585348  
0.1190010952  
-0.1833105889  
-0.2006293772  
-0.003401979498  
-0.1327335613  
0.9737260394  
1.272873829  
-0.541467783  
0.6613629439  
0.5168184384  
-0.8142076979  
-0.2100541196  
0.1440890604  
-1.114764887  
0.180343645  
-0.4749821382  
-0.1331902198  
0.3287721129  
0.5643119474  
-0.08654086685  
-0.001487593022  
-0.8899904941  
-0.2390323809  
0.6301565275  
0.2430378568  
-0.3291634152  
-1.06556908  
0.2819452377  
0.4686584897  
0.5025774175  
0.6862531465  
-0.1901897957  
-0.01210107806  
