-36.9424921  
28.36598697  
8.018949008  
-24.30046758  
-27.28359252  
30.05155359  
-59.66364454  
-26.44696793  
1.873965731  
-38.45786302  
-11.02295705  
0.1273312456  
-30.68461465  
28.07029282  
18.03821082  
0.350493135  
-18.77626186  
-1.17329164  
-31.25046713  
-6.207988891  
5.057986118  
-17.99509041  
14.65346195  
6.11183016  
-54.45918936  
-17.00806741  
-33.37830728  
10.5204534  
-10.49859756  
-32.85369244  
-15.40148479  
-22.81222728  
12.8989111  
-6.489222609  
25.74607632  
-37.27540145  
-5.546750184  
-28.83016584  
-22.94655086  
-54.62933875  
5.871635518  
47.13955842  
-1.590551974  
6.156015178  
32.16825284  
-8.627154738  
-13.1494219  
3.284663451  
6.769096013  
-54.52277484  
-45.2961097  
8.150265015  
-14.38263449  
-38.53661078  
