23.24720463  
-1.461868858  
1.735034062  
-29.80764052  
-64.43000007  
116.6259737  
-11.329067  
10.37619836  
48.94701004  
20.9607901  
36.64354974  
-8.158239718  
-29.85391575  
32.62580444  
18.51377648  
-8.911019362  
-1.121743344  
-37.46809145  
-40.22805282  
-7.697296877  
7.787950305  
35.62409633  
-42.9018538  
10.79744498  
8.358611208  
-15.7450412  
61.25605524  
74.55885993  
15.00917062  
29.91471664  
102.1950618  
6.216356866  
38.32119187  
-0.001001540734  
32.91150521  
52.26911356  
-2.885382772  
88.08859296  
50.81185224  
16.29593242  
-36.31826387  
-94.65882895  
30.64358245  
0.4585920485  
-34.19042648  
39.01209325  
3.725848028  
2.402187634  
62.68339459  
96.44017148  
-21.53105419  
33.38313824  
21.32654948  
-11.51695756  
