-0.1409937641  
0.3863032573  
0.7627597979  
0.7089706427  
0.9265783594  
0.9234293764  
-0.3846631046  
-0.2980274849  
-0.2484743666  
0.3395277123  
0.7479210253  
0.3734104908  
0.5193430553  
-0.538717278  
0.1163632633  
0.01276878234  
-0.03597887692  
0.1867789247  
-0.7679619955  
0.6117326243  
0.7871775202  
-0.1630281649  
-0.4900763657  
0.9792617609  
0.05116689932  
-0.5173764303  
0.4028424328  
0.3834510841  
0.4910309176  
-0.2351988742  
0.8152474452  
-0.4286832564  
-0.3171740047  
-0.209251378  
1.064534447  
-0.2899079026  
0.6363159572  
0.6578899748  
-0.4499979443  
-1.176601331  
-0.4934823184  
-0.1345933114  
0.569981154  
-0.4462551469  
0.4622135822  
-0.1740327625  
0.7016466503  
-0.6290389923  
0.6949892778  
-0.8137657724  
0.5650749484  
-0.03597934353  
0.5105859989  
1.731659788  
