2.999053693  
51.20165945  
17.51872667  
24.75471505  
15.54611685  
19.12917228  
-15.06449753  
-0.2739125615  
25.45232  
-6.948047204  
-2.856459331  
-17.5426057  
30.44243088  
10.40733292  
-2.68397201  
35.88157443  
43.9142694  
31.9067747  
65.13078672  
-1.795289184  
6.682636456  
73.99531237  
-5.089263328  
-21.25776364  
25.91492679  
26.97599988  
7.598407613  
-8.082310549  
37.77021011  
34.840067  
3.200410304  
84.55137067  
-14.07993289  
-23.16600642  
31.9540235  
-29.92307669  
22.02767045  
50.76015664  
34.74016783  
26.03365354  
-10.52812836  
-6.743082048  
-17.6621288  
-6.908594391  
-0.1410422981  
7.003465188  
-6.783052372  
-35.49745757  
3.408476185  
-56.77933384  
26.73072718  
-10.78305785  
26.4582561  
-13.92368658  
