-42.09928688  
-51.8544586  
-38.82167148  
-79.01405512  
21.78098782  
49.7745467  
-109.9570627  
-37.83992863  
-33.44796747  
-83.28334479  
-72.40229495  
-113.4690487  
-40.94705118  
20.31479773  
15.93572041  
-54.30713001  
-50.25020359  
-16.5864676  
-95.00852562  
24.63177782  
-47.93576194  
-89.09311135  
-30.40572023  
-27.69995834  
-40.6411021  
-17.7543304  
-83.22960636  
4.558120944  
-37.97032921  
-54.78531103  
-134.5353827  
-118.4021626  
-34.14573462  
-57.16805285  
0.6658276818  
-50.45425091  
23.65832289  
-35.39568204  
-66.11649842  
-30.27129911  
-88.28025555  
-108.6341319  
27.87610685  
-5.422490144  
-31.0562402  
-63.81250109  
-44.21927399  
-41.04133999  
34.49420798  
-126.1458606  
-88.53528758  
3.692734174  
-42.88736181  
-81.51764576  
