-4.151219527  
38.59701593  
-16.50707316  
55.78984131  
9.080187257  
-1.113745197  
-11.52993746  
-6.357151367  
-6.476814507  
2.842746561  
-22.40814711  
-29.35561711  
-1.662225314  
-11.6000436  
36.60627506  
7.933036914  
50.53024441  
3.523167631  
8.819543965  
32.39709132  
-5.19520015  
24.18073684  
-14.6482628  
-2.181037209  
-21.34800575  
-1.914913343  
-4.84162188  
-2.657964391  
-7.053149579  
10.7311586  
-20.65798297  
39.00306098  
-15.88593501  
-41.98700838  
-55.73617891  
-67.44821426  
-0.1665072007  
-37.65341625  
47.30401858  
17.01317762  
-11.23721866  
-6.712121115  
-84.53656053  
-39.52605415  
15.01892585  
-25.78574223  
30.88284951  
-82.08515206  
57.43034403  
-71.20808962  
-23.22566912  
27.13264449  
-15.14559573  
54.0021888  
