2.982385058  
12.03823578  
-0.8971832569  
-2.353768153  
10.48817067  
-5.771610639  
1.765358488  
-2.107210004  
-2.286235483  
-4.011392869  
2.22326559  
-5.407303038  
3.252075367  
-1.180252633  
3.857542825  
-0.4105392401  
1.172611677  
0.0556288701  
2.288298282  
-2.431891877  
-1.477133937  
-4.844305263  
0.6971363343  
5.159270534  
-6.357973844  
-6.019765625  
10.870272  
3.852359226  
-0.63526504  
-1.29011227  
4.827218546  
0.6468575188  
-6.654179498  
4.205396324  
0.6718838923  
-2.310881776  
9.186005847  
-9.312013708  
3.544647532  
-2.175501481  
-0.891846  
-2.581170906  
-3.485342319  
-2.998876218  
1.79045554  
0.244062826  
0.5328772752  
-3.327610271  
-15.03209721  
-0.3389726575  
-6.852505947  
2.580732665  
0.1165754853  
-20.04694492  
