-43.78485524  
-34.93862056  
34.54009357  
15.75979597  
73.42059733  
-72.32910704  
-45.01912367  
-42.78236104  
-50.34224632  
3.470485886  
52.07194654  
-52.82582447  
-18.29941636  
-37.71480828  
11.9859643  
61.59893792  
81.38862321  
-13.01616934  
-57.75422733  
160.1492175  
-3.525186479  
-110.3973621  
-140.6254748  
41.24270633  
0.5488814003  
63.60773404  
-38.11898084  
-52.97208679  
-11.1275046  
-43.4054808  
-23.73321942  
-59.2857765  
-71.78820593  
-15.69564046  
-146.3065969  
-9.611949569  
-85.4968525  
-0.4753892019  
12.27632274  
-5.507684209  
-16.34304978  
-79.19726211  
43.84062732  
55.16988777  
-10.35861123  
-16.79123081  
0.3497886472  
-59.98502764  
83.59779206  
-44.54034078  
-46.15694901  
169.5632843  
-6.89239557  
185.4997337  
