0.4307371183  
-0.01754029293  
-0.3053088494  
0.7587349293  
-0.8271059404  
0.02468707377  
0.07521225497  
-0.05271017439  
0.1675734514  
0.2145484217  
0.9009159093  
0.3730949472  
0.6412789931  
0.3983573996  
0.8114187297  
-0.477820954  
0.317107497  
-0.2861078115  
-0.6002658151  
1.113330794  
0.623956492  
0.4295017953  
-0.5470577003  
0.3666970569  
0.1345267232  
-0.3138774026  
-0.7047844617  
0.1157757231  
-0.07675873773  
-0.2210951522  
-0.05239730622  
-0.4173695937  
0.2650246818  
0.207335157  
1.675857084  
0.08889674839  
-0.3535160758  
-0.6654029146  
-0.04278715458  
-0.1008641693  
0.9271088416  
0.1218521312  
-0.06763889073  
0.04586542409  
0.1074688113  
0.5894234268  
-0.6014689027  
1.231358555  
-0.3964250516  
0.3305400359  
-0.06075607229  
1.074979329  
0.1311621612  
1.789162538  
