0.3337516711  
-0.1966126567  
-0.3603131779  
0.7479079318  
0.5144720612  
0.1886073556  
0.01162182993  
-0.09194980897  
0.1171177428  
0.3169223444  
-0.1308156193  
-0.2081004197  
0.6355643924  
0.6675365367  
0.3332541956  
-0.2003890609  
0.3274160361  
-0.2783308586  
-0.5575907712  
0.7874480442  
0.4750857339  
0.5223080462  
-0.3187706458  
-0.2107207554  
-0.2177760929  
-0.02386977423  
-0.262937301  
-0.5768104096  
0.1563761175  
-0.7778659303  
0.2714306622  
-0.5144220512  
-0.1239470724  
0.5044560279  
0.03323112425  
0.5268961692  
0.2422716579  
0.2299113643  
0.1040279499  
0.4291672025  
0.4631488852  
-0.4271252874  
-0.05141015369  
0.4360762664  
0.04283056452  
0.9639171607  
0.07040727327  
0.5788911616  
-0.5177278205  
-0.4183958743  
-0.2704389231  
0.8132435387  
-0.1930963801  
0.05490462464  
