-21.04959512  
-22.84345395  
-15.16566092  
-98.10534357  
-55.85385776  
7.82826165  
-66.6471675  
-35.42100359  
2.106919897  
-26.89780516  
-50.7790937  
-65.37511896  
-49.86539046  
33.73705858  
-0.6319704978  
-62.54489187  
-47.88519627  
30.46964574  
-58.90590304  
-129.0814942  
-42.5427297  
-17.79605117  
-20.68379057  
-38.85983711  
-30.85921305  
-7.678614855  
-64.22403511  
30.14403231  
-31.35126396  
-47.38900349  
-34.88697643  
-3.083248163  
-28.40416828  
-22.26160987  
26.09106131  
-35.32187796  
-48.35567605  
-3.847217309  
-32.66392526  
-57.88676891  
-78.4293781  
-72.37845495  
-56.36077046  
17.61960504  
-65.57628592  
-30.14491662  
-56.33643301  
12.16346337  
2.459382344  
-48.48493575  
-88.15201252  
-20.72573303  
-25.3546507  
-2.723704563  
