-51.21542751  
27.86728498  
7.524913842  
-18.00552369  
18.3785531  
44.57796163  
-28.25277245  
-18.31818119  
-7.187362673  
9.061794728  
20.9132218  
-15.20143982  
10.18044041  
-6.487973185  
-47.53342702  
-12.37487075  
-16.31969106  
-9.338412294  
-39.72678267  
-65.22688558  
7.919797023  
-5.452449157  
-19.76333401  
-58.64737837  
-38.05630226  
6.885477169  
-22.77600436  
-12.99129752  
-10.98106668  
-13.21552088  
-5.332802757  
16.40556432  
10.93472797  
6.273385863  
38.58449201  
-9.453667639  
-2.429096071  
-19.99326067  
-28.26725191  
-13.50739425  
3.933416295  
28.10456981  
-30.35392045  
-9.906101871  
7.830620506  
-2.813255656  
-13.11847415  
3.495084886  
48.98641955  
-45.95741417  
-17.38137113  
0.09216842855  
4.228790264  
-66.27938072  
