-0.6894980037  
0.3872588102  
-0.7030800994  
-0.5539679083  
-0.2165386836  
0.4399152644  
0.7063350982  
-0.1763734287  
-0.5852159488  
-0.03475222651  
0.1700504877  
0.1118168913  
-0.4917478888  
-0.1199461881  
0.5116069917  
-0.1230820061  
-0.2326965568  
-0.4361085245  
0.07303310217  
-0.0920606949  
0.8798374774  
-0.5679390024  
0.71030331  
-0.06029392889  
0.1430468425  
-0.4633546987  
0.4578728599  
0.3080637843  
0.4513581688  
0.7927755351  
0.385321393  
-0.1355544618  
-0.226396078  
0.5444278361  
-0.06824014827  
0.1117433208  
0.1567102721  
0.05421962944  
-0.2801411953  
-0.06397589386  
0.366059207  
-0.2923791239  
1.003314514  
-0.5829643503  
-0.855378112  
0.2888701055  
-1.726560774  
-0.851130948  
-1.205203415  
0.5047786979  
0.6457688531  
-0.7177068193  
-0.1064013222  
-0.3135140241  
