6.043799433  
-30.45574095  
41.53591456  
-59.91846851  
-47.67197294  
5.033856775  
-49.29229156  
8.850121092  
-13.54260626  
34.22716027  
-44.85875474  
8.392853716  
50.89473935  
19.19455853  
-14.73187547  
-25.95371564  
-3.410238921  
6.62282646  
-14.35192704  
-7.256104709  
28.02865544  
-22.61221891  
31.09542578  
18.89714769  
-19.79884708  
-31.54801733  
-35.5982797  
-7.454470578  
5.468862875  
-4.640787334  
-76.6985087  
-19.54027996  
-65.06794816  
-3.162245526  
-8.061521765  
-59.5964606  
3.111449785  
-0.3055707446  
2.955885618  
18.11142628  
25.80921404  
-39.1224101  
11.67769465  
-58.10436456  
9.821994688  
-23.01187125  
-62.12736333  
-22.38536695  
42.36332805  
-45.50560292  
58.81335557  
3.507948632  
-54.57200149  
88.12509672  
