0.3584224154  
0.6663120256  
-0.4581101699  
-0.3165261376  
1.104820434  
-1.184819807  
0.3104860023  
0.2841301749  
0.155056999  
-0.4693304578  
0.4524799302  
-0.2300114485  
-0.8420853669  
-0.4228813548  
0.2658944099  
-0.3206882769  
-0.511715652  
-0.2670913562  
0.1176484575  
-0.2896796121  
0.1191685799  
0.252750333  
0.2729352626  
0.1703381164  
0.7008104855  
0.116003105  
0.4135012383  
-0.1898715179  
-0.367760675  
-0.1276311211  
-0.05434341115  
-0.3081120918  
0.901980203  
-0.1215112498  
0.7551719135  
0.1565739515  
0.7500046095  
0.4500662611  
-0.3198275683  
0.7646304043  
0.4670939941  
0.3598120867  
0.185406614  
0.4836486211  
0.7978911527  
-0.4634948787  
-0.476608424  
0.6789439731  
1.387117154  
0.42877604  
-0.8094037384  
-0.872257811  
-0.143857846  
1.818330605  
