-1.260749081  
6.240099857  
-5.182442063  
-0.2740654459  
-1.289895842  
-7.038312088  
0.3383352585  
-1.230294057  
4.016800781  
-0.7381959835  
-1.788610202  
-13.58176972  
3.455430753  
-1.819325293  
0.2735361545  
1.48797388  
0.7104001956  
3.219213262  
0.7132399619  
-2.028802217  
-0.1025333255  
-2.503727381  
-3.694092269  
1.300421355  
-2.832156499  
-2.251597675  
9.347480314  
1.477256167  
1.088144713  
0.267309424  
-0.1737211888  
1.571397017  
-4.945933842  
3.26977017  
10.06392922  
-4.749552764  
9.406216313  
-2.799700888  
-0.4030801162  
-3.267000393  
1.646405209  
1.606577251  
-3.540754327  
-5.217780819  
-0.615348387  
-4.089462269  
2.91433511  
-2.887776654  
-0.7458609481  
1.386018573  
-2.748269907  
0.7616449257  
3.533225355  
-16.79520853  
