1.422751026  
0.354839587  
1.082550076  
0.04407881644  
1.190833328  
0.078454606  
0.6753504172  
1.307491308  
-0.7818244734  
0.1962794377  
0.2635511583  
-0.4982430933  
0.52174729  
0.2288817141  
-0.4469079092  
0.1843698365  
-0.7759891254  
0.4254018056  
0.3392660717  
-0.2560310459  
0.9467589989  
-1.080672534  
0.1407521319  
-0.3881424461  
0.04646282407  
0.07137620589  
-0.4871521109  
-0.3388446327  
-0.9828861489  
0.230137977  
-0.3093306621  
0.1036771478  
1.01473452  
-0.2162324762  
-0.7901812137  
-0.8251267574  
-2.253825069  
0.2494494574  
0.3854223437  
1.475638655  
1.217927173  
-0.07265578524  
0.1452699072  
0.05583336333  
-0.8790929759  
-0.5007464506  
-1.742334034  
0.2909371098  
-0.6257742549  
1.704906007  
1.414385655  
-1.593472812  
0.5553706568  
1.629726508  
