0.4254029316  
0.9027299348  
-0.0960464088  
0.685723521  
0.4741247159  
-0.5261636907  
-0.169346058  
-0.1263994812  
-0.2022386638  
-0.148014374  
-0.1969681147  
0.3694332973  
-0.778474901  
0.4468382723  
0.01202262857  
0.3442521004  
0.2367052297  
0.4102562569  
1.113100318  
-0.5922692843  
0.3510664116  
0.1877696525  
-0.5947851301  
-0.190124851  
0.3069187825  
0.09463883081  
0.5089152421  
0.501190584  
1.078655898  
0.4978806017  
0.1485486377  
0.5332639939  
0.6618189126  
0.1106672267  
-0.7953823162  
0.7935967457  
0.02013170446  
0.6702059485  
-0.2875659564  
0.6556908382  
-0.8705454214  
-0.07694070442  
-0.0007325177361  
-0.09809361701  
1.465744843  
-0.01643940857  
-0.477098817  
0.3566218303  
0.3740762863  
-1.003969562  
0.2953267781  
-0.03930248268  
-0.5275820087  
0.2692896079  
