0.5388745499  
0.262447065  
-0.06941317313  
-0.07288242847  
1.922614193  
-0.7855645988  
-0.4102957281  
0.6027006675  
-0.3900565749  
0.02786417377  
0.4533702698  
-0.240138646  
-0.05821958905  
-0.1204367805  
-0.07362460818  
-0.03616967387  
0.05094783764  
-0.3140198261  
-0.4255309797  
-0.1011022818  
0.1844318817  
-0.05591033233  
-0.6126579989  
-0.6346286149  
0.7827215996  
-0.5589233348  
-0.1217800734  
0.5513442184  
-0.185767082  
-0.01129844649  
0.1327945243  
0.00775677578  
0.4030655752  
0.3266063994  
0.2696693755  
0.02035800808  
0.8708865342  
0.5163871481  
-1.088057428  
0.5132163153  
-0.8590748594  
-0.01734957876  
0.3912391424  
0.2410099892  
0.1637345823  
-0.2190230254  
-0.5354388303  
-0.3162785021  
0.8185580364  
-0.5666790502  
-0.9831334567  
0.3954792932  
1.49146232  
0.7453829442  
