12.69302553  
33.96411452  
15.30388534  
-74.3581414  
-82.63747846  
7.622251845  
-66.9544553  
8.891110202  
-36.55300397  
30.41766963  
-32.64748809  
-11.59403015  
32.48782129  
54.27110457  
-21.32502897  
-42.07644316  
16.60798338  
-5.376831499  
-34.35873916  
49.10555597  
15.62234425  
32.59833379  
-4.429423394  
-26.66193982  
-41.77320524  
-16.44420107  
-5.963785724  
-33.43660799  
-57.82659611  
11.404063  
-52.70496584  
2.708562078  
-84.3339295  
53.3012738  
12.62132339  
-74.67678318  
-31.39915703  
10.55566873  
26.5809829  
12.10661094  
23.33513321  
4.196942861  
-0.9917922891  
-53.15507465  
0.803999645  
-16.3650348  
-116.8332978  
-20.32202746  
64.03132019  
-136.6484277  
38.96301324  
-1.946428073  
-38.17427392  
20.01780609  
