16.76171282  
-23.13358259  
-6.623750523  
2.463777468  
-29.14233035  
8.004739223  
-4.257595351  
-2.466476087  
26.16263295  
46.9547702  
19.28564819  
23.14308049  
58.88970832  
20.28880322  
8.037356915  
42.40399294  
13.77451751  
5.230318489  
30.70639002  
41.28957866  
1.052162657  
3.255452305  
17.44399659  
3.14369901  
-0.6906859003  
-5.744502888  
32.38438323  
43.66372092  
8.754747659  
52.52520756  
46.83444112  
14.2576732  
-20.27003053  
33.55841348  
13.99705441  
34.79656137  
39.37925326  
31.96079731  
25.599313  
51.70862058  
15.96871147  
3.410251142  
14.02171083  
4.740450868  
2.904138958  
10.49779365  
-20.79249216  
25.02680574  
45.82730061  
44.54730623  
4.29300054  
22.01886859  
6.621268116  
5.674265667  
