9.604959793  
18.81914746  
17.55913358  
-106.6137978  
-89.29713727  
57.76287058  
-21.44558408  
36.59452799  
34.33657578  
-58.00576668  
-125.4053264  
-87.80224231  
-31.88961323  
34.63755987  
-31.90738189  
1.592410272  
-2.074854812  
27.54005268  
36.84413806  
-99.0533368  
29.25153938  
-11.62456958  
35.47541584  
3.324660055  
49.45369875  
-4.315056152  
-0.8104680847  
0.01572610529  
34.44682296  
27.49189269  
15.19287335  
-26.97765831  
60.53844551  
-0.8330284613  
116.0469727  
67.0899737  
33.53245353  
111.4783491  
42.26355018  
-59.33436003  
-54.28339483  
-15.88184348  
31.6676869  
-14.6530239  
-18.90107647  
-54.9158859  
-79.01732618  
1.703536598  
-116.1168225  
-5.078687778  
156.5028501  
-43.11273128  
-5.702265927  
-189.3509553  
