-70.36367266  
-1.255137933  
21.46361355  
115.946294  
103.1341735  
-113.0486457  
-146.9882064  
12.47373006  
-29.67119232  
46.04662987  
44.52708159  
-121.4333485  
85.19817992  
-24.91491288  
32.70867431  
37.25807412  
53.34483  
27.44587672  
-29.33605204  
-2.754007691  
1.609294866  
9.750652577  
-122.2731953  
-102.6760935  
-6.559197178  
101.5882194  
-18.7771742  
27.95063842  
-2.755018156  
-18.31277024  
25.80865078  
-119.220636  
-1.037994548  
-12.48966563  
-200.8089426  
47.60179414  
1.828428017  
-5.584611566  
11.78377357  
-10.98724703  
106.0527926  
-59.72683908  
260.3233323  
109.4844017  
4.156101904  
95.85346378  
27.6563135  
-103.5139268  
-18.34038201  
117.0504678  
-92.4845445  
319.9128432  
20.59503126  
542.1085362  
