-54.03090102  
107.6745104  
-63.45023958  
20.65368663  
109.6337126  
-9.874158709  
67.91646164  
-23.51391827  
-68.53586327  
20.96899755  
-38.74759493  
-5.848503263  
5.03669941  
-16.15091482  
40.98907255  
-35.74780038  
17.03080275  
6.768042439  
-145.452334  
-43.2022816  
-41.52476336  
51.92831602  
-15.88504982  
-30.55944399  
-34.38578611  
-7.950061818  
-8.947232504  
-20.94784714  
-3.571248895  
8.479137396  
71.50786903  
53.65341503  
16.50389614  
29.21498655  
51.14554071  
60.00035763  
-95.11233782  
41.70649436  
57.35244651  
48.51642754  
41.48158762  
-30.89216845  
33.75612189  
5.023893897  
-13.50654032  
15.60596348  
2.774693618  
-16.24937066  
6.105453692  
-29.87012459  
-42.96392984  
-53.2641058  
7.588185345  
115.176027  
