0.1275310002  
0.3039971438  
0.3958112014  
0.2109013507  
0.1457994243  
1.503026693  
-0.2079476627  
0.382088023  
-0.2319478717  
-0.04804865196  
-0.193407622  
0.05863597089  
0.7612018921  
0.09207030716  
0.6026832667  
0.3919146983  
-0.6527798068  
-0.01476312542  
0.7361562678  
0.1488907031  
0.6981455184  
0.4068886564  
0.3155434848  
-0.9616116634  
0.422479414  
0.2721663278  
0.7855745417  
-0.4227657382  
-0.2418573125  
0.2279681242  
0.2502205719  
0.5359990706  
0.291952799  
-0.1078966361  
0.03362243528  
0.8965620548  
0.4724579908  
1.27785866  
0.1061673129  
-0.1753163974  
1.128934236  
-0.3805033841  
-0.2707312604  
1.199169802  
-0.6979336712  
-0.04187556177  
-0.2785185232  
0.6083447193  
-0.4474972024  
0.4316729038  
-0.05506268182  
0.06878065747  
-0.2302521546  
-0.3332103701  
