-0.140388705  
-0.9468979778  
0.5879986426  
0.180839242  
0.530086369  
-0.3078146407  
-0.9370616309  
0.4130597229  
-0.2759436836  
-0.336075448  
-0.775602255  
-0.6866209546  
-0.08860536156  
0.3216470966  
0.4920174309  
0.1650329028  
-0.3316911006  
0.3594943404  
-0.6387290894  
0.01870466967  
0.3449201061  
-0.466104827  
-0.2689114239  
-0.9705216486  
-0.442308014  
0.1577392977  
0.7916835269  
0.4864812116  
-0.1120219752  
0.4212363109  
0.6899428134  
-1.593151692  
-0.7506515983  
-0.03605613265  
-0.5399030783  
0.7800104014  
-0.6847796773  
-0.1598534821  
-0.3053717333  
0.7506560772  
-0.006504001411  
0.1118660826  
-0.009535415475  
-0.2219475538  
0.303165353  
-0.261750774  
-0.7649043466  
-0.02319408206  
1.180092176  
0.8001432233  
0.6124235235  
-0.1474885979  
0.1784639029  
0.7061976904  
