-0.4810944952  
0.07544162096  
-0.4381207335  
0.7362153437  
0.2996198041  
0.2936046167  
-0.2793405597  
0.09695710632  
-0.3678352522  
0.1009237052  
1.310053622  
0.5133982133  
0.1363620405  
0.2299590273  
0.4892676969  
0.3091856928  
0.06192072622  
-0.9751357481  
-0.349146264  
0.2627047099  
-0.882175796  
0.1137097141  
-0.2637887013  
0.976593071  
0.3552404997  
-0.3472232521  
0.7365447001  
-0.694462197  
0.8017002823  
0.6535772394  
-0.09592103654  
-0.0245598339  
0.6971164061  
-0.3918097623  
-0.6235208512  
-0.004309891958  
0.1730580219  
1.127144326  
-0.6735360811  
0.7698187329  
1.178711159  
0.02261726681  
-0.08445706243  
0.1524046375  
-0.5584259224  
0.126326367  
-0.7926799072  
-0.2020315162  
-0.6025727678  
1.093664402  
0.948450334  
-0.1309804342  
-0.1680969145  
0.1740466139  
