17.90909567  
-15.83381016  
-1.702029898  
10.39232526  
-6.283670189  
21.82361995  
19.39388087  
10.56972582  
22.83600656  
28.24997795  
17.89476196  
31.20677335  
61.1793252  
8.627953837  
34.94709084  
30.66386378  
20.36746972  
3.691850053  
27.44710851  
62.3840622  
14.269304  
-6.002457126  
43.81462521  
22.2527749  
7.229509041  
12.15449895  
21.67861635  
27.27811122  
6.507414442  
38.65943376  
54.61731828  
4.726718044  
-26.72578961  
21.32601014  
-24.3097486  
32.09983735  
43.00929719  
27.88935688  
48.37524816  
69.87665462  
5.633739593  
-16.49441658  
27.81005498  
8.247730746  
7.93552654  
11.61281188  
-29.01836343  
29.66702151  
1.248843857  
47.87908728  
-10.93901568  
22.47477258  
-0.8641815578  
19.47613048  
