-13.24734253  
0.3946441856  
-3.355338603  
45.65019186  
8.342986944  
48.13326191  
-3.485275648  
2.496363403  
19.29938838  
44.13534082  
11.99249888  
8.775708795  
48.8999067  
31.16392913  
22.98404353  
42.45980422  
10.39731237  
-2.63992593  
1.700509545  
40.45181012  
18.16625494  
1.509074641  
-3.486143277  
16.48295534  
-8.421398696  
-5.441382649  
13.21281127  
28.59823969  
7.811588738  
28.14132521  
15.95097372  
5.751827036  
-14.12554707  
7.1968182  
26.34311194  
39.02419463  
22.2734427  
28.13803193  
24.65179385  
62.88664777  
19.97959349  
1.965959084  
19.8481461  
8.664398777  
14.69948162  
21.49096401  
-15.60753288  
-3.293121584  
30.56884228  
-30.93590359  
0.06848485464  
15.81386956  
2.507503766  
-91.13694881  
