-0.2710698596  
-0.2785037698  
-1.054852902  
0.8306877903  
0.4475995974  
0.06173370304  
0.02256790686  
-0.07883715302  
0.9985336431  
0.0905550573  
-0.3237091538  
0.1098032415  
0.9437653266  
0.7899203493  
0.5585486168  
0.1395207246  
0.3565368131  
-0.4698209054  
0.5976588768  
0.2080419247  
-0.2268817255  
-0.4578879769  
0.00447058198  
0.2099620398  
0.3172702034  
-0.2127580654  
0.3035269692  
-0.7158868932  
0.9533306035  
-0.08953077442  
0.7498889232  
-0.01428719412  
0.4194135598  
-0.286000601  
0.3991137385  
-0.2461616166  
-0.5732617538  
0.2405367756  
0.4508362991  
0.2748777999  
0.6936204541  
0.130242739  
0.01715886952  
-0.02601829681  
0.7875123723  
-0.5548969947  
0.1135533106  
0.7451087214  
0.4551750797  
-0.07219213945  
-0.02739264  
0.3756024832  
-0.5935904415  
0.943055951  
