-54.59544808  
28.97073696  
6.066740779  
81.27764002  
72.0822315  
85.46571992  
86.79878358  
23.1835001  
72.02411297  
16.88695982  
-10.58733621  
47.25792352  
73.46853599  
31.40626818  
7.380985085  
32.78722044  
83.86909111  
8.751318239  
17.93091379  
35.29980301  
-3.86293632  
58.65662452  
73.09516746  
15.11948432  
12.49683905  
25.09709976  
-5.186569369  
29.65455174  
61.43802482  
-16.87943071  
21.48129475  
73.4820489  
2.932009316  
25.85711419  
3.089444091  
52.12303676  
39.11925355  
54.72446959  
69.36708665  
47.4279751  
10.81270384  
62.03160723  
94.5164653  
55.5562322  
28.47344438  
59.34948699  
64.14221163  
25.26661537  
24.7999597  
80.64439731  
37.70534857  
11.89362981  
-9.75402541  
-37.96768412  
