0.1907975354  
0.5214871524  
-0.3890332592  
-0.09505548476  
0.6667111562  
0.4626972746  
0.1039811662  
-0.07517257914  
0.2155869292  
-0.1412623636  
0.6552716938  
0.6258442879  
0.5782926808  
-0.2521929358  
0.06306902924  
-0.4003333785  
-0.3521018283  
-0.2396182156  
-0.6200104225  
-0.6042089167  
0.9411639456  
0.5329705079  
-0.4715950732  
0.2967649262  
-0.2060620687  
-0.04653971256  
-0.7551712237  
-0.3448623205  
0.1973944144  
-0.8381845007  
-0.3283148052  
1.129991427  
0.3242698407  
-0.3502323369  
0.126734544  
-0.02842350564  
-0.7760916861  
0.03278460264  
0.3208884194  
0.2236055804  
0.9320296448  
0.4729530966  
0.009210779465  
-0.05015458353  
0.4589995815  
0.08786656657  
-0.5910250235  
-0.09391937644  
1.108344839  
1.506446143  
-0.1664083668  
-0.2908664887  
1.243577809  
0.4884779557  
