0.828584631  
0.5149487717  
-0.06732063117  
0.01538786295  
-0.003087211007  
0.4048747123  
-0.2780922141  
0.183513637  
-0.1257709263  
0.3212163726  
-0.004871084196  
-0.6972024496  
-0.3384963305  
0.1014508903  
-0.6313385136  
-0.09041967553  
0.1603082096  
0.7411063049  
-0.2048947176  
0.1309919194  
0.3344509063  
0.2627204929  
-0.09512418174  
-0.3433222095  
0.3383891408  
-0.3232880281  
0.8386339171  
0.7442349716  
-0.3829369999  
0.6467240272  
0.8029566523  
-0.1738726398  
0.7006513532  
-0.05940879031  
-0.9775421075  
-0.8562141881  
0.5192574401  
0.6998491086  
0.8347603358  
-0.1121193884  
-0.8274300804  
0.1518015451  
0.2757056175  
0.254154154  
0.5316453293  
-0.3671637247  
0.4557016936  
0.3917763938  
-0.1510312114  
-0.6078274799  
0.9837824553  
0.3695209205  
-1.3721212  
-0.5914997203  
