-41.35164916  
0.3273842315  
-53.53910188  
-33.28580358  
-38.18894032  
-2.771015903  
-40.00411982  
-71.62230284  
-8.362056209  
-38.04237473  
-36.42119488  
4.54820368  
-8.239593665  
0.9375541897  
39.95712955  
-4.78325137  
-12.63942177  
-38.16828968  
-50.68703448  
-2.857965304  
-22.89168886  
-6.972365945  
-25.25066507  
-42.0820208  
-64.74357461  
-32.78908757  
-78.42998879  
-57.62523392  
-18.95849712  
0.00951464752  
-17.53196655  
-2.967269291  
-75.98710534  
-18.94182871  
43.04482687  
-63.77736554  
-83.99165691  
-25.92661555  
-27.63316121  
-65.77442915  
-2.042708641  
-69.50142268  
-61.06788514  
-5.653302416  
-6.925981109  
1.405070072  
-69.00621895  
-22.65508357  
-96.81581115  
-83.13307408  
-43.47571885  
38.49384344  
-54.2926869  
-36.71532462  
