0.1817597831  
0.5091546998  
0.1949675114  
0.7180272422  
0.8371356055  
0.8606629196  
0.08824505769  
0.009602872587  
-0.7742783587  
0.4953571982  
-8.800861499e-05  
0.3717961589  
0.6708876708  
-0.4939199877  
0.6629456085  
-0.2278673999  
-0.2264829  
-0.1381427679  
-0.5322582922  
0.1127444105  
0.4282647734  
0.6449118231  
-0.07546145621  
0.5529261911  
0.3006548356  
0.1623686779  
0.8842587893  
-0.1020087893  
0.3413292347  
0.01900401406  
0.1742162933  
-0.5795866432  
0.6991721576  
-0.4098413045  
0.1254834506  
-0.6568637408  
0.4645886723  
0.5420620081  
0.2323911057  
0.8799274379  
0.8592650745  
0.7270739079  
0.672491776  
0.09016574038  
0.202174735  
0.4146835574  
-0.1339866339  
0.1320428525  
-1.933083607  
-0.3064144373  
0.5996103019  
-0.6370059492  
-0.6221652627  
-2.245515694  
