0.5358913664  
0.9576169227  
-0.755736987  
0.8589795207  
-1.077232377  
-0.5744317695  
-0.1678834334  
-1.02843719  
0.5019649015  
1.021937064  
-0.3172954504  
-0.7264647864  
-0.4684240097  
-0.3882754216  
0.9515923534  
0.03964311289  
0.2465209631  
0.2329927594  
-0.8824698244  
0.2499984061  
0.9134272192  
0.6912954945  
-0.3131875426  
0.7497127697  
-0.4148132914  
0.4206197762  
1.616481418  
-0.0860460263  
1.293260738  
0.04143630784  
-0.1916059269  
-1.060907635  
0.1038163963  
0.5913822  
-0.5651528084  
0.1949841665  
-0.229897609  
0.5482166627  
-0.4793012723  
-0.9816457327  
0.2504179593  
-0.1245153274  
-1.121276042  
0.01481894515  
0.5980473109  
0.5174739377  
0.1204632681  
-0.3498924931  
1.188449243  
2.003476317  
0.3929567081  
1.174246068  
-0.6382257768  
1.18885603  
