1.039957955  
-0.01287977141  
-0.1453930197  
-0.05334219938  
0.5947987077  
-0.04237886325  
0.6248458686  
-0.03465899048  
-0.1038966279  
0.01075643215  
0.0244819668  
0.4526733125  
-0.1418473297  
-0.1698175696  
-0.5995772011  
-0.07234895279  
-0.9046109542  
0.2386186065  
-0.3370955357  
0.1299049715  
-0.6380218377  
-0.7086372398  
0.06447697581  
-0.8985667353  
0.6587743587  
-0.5546053126  
-0.7241774669  
0.4711553743  
0.3256921359  
0.5626716838  
-0.1189917213  
0.5574370148  
1.104309218  
-0.4301563732  
0.1534230968  
-0.5775980747  
1.007647036  
0.9936710739  
-0.8822962784  
-0.7078201802  
-0.1265383787  
0.1987415738  
0.2459133437  
0.728948226  
-0.1283288011  
0.4966060515  
0.7078757724  
-1.045237545  
0.1860346041  
0.3393152682  
0.4988455268  
1.157294307  
1.20788136  
-2.357170657  
