-59.77669853  
35.21944059  
7.353700808  
33.28627831  
-42.80852762  
59.76338898  
24.59205565  
21.91869021  
101.4967451  
29.86825463  
1.652421004  
38.60225261  
68.77832014  
40.74678445  
17.09355711  
50.47735732  
63.55688334  
1.29497243  
3.560964941  
41.030265  
25.2515114  
30.55862321  
44.30067155  
35.52834574  
-3.286078281  
34.3856806  
-10.17677102  
57.59565673  
32.85562101  
24.90568578  
26.78807003  
61.21193443  
8.143713423  
0.1279064226  
19.99316179  
33.88936555  
55.45607066  
64.58465026  
45.499762  
61.1826851  
2.2802023  
30.95815979  
87.27560938  
38.10208924  
38.95261903  
44.28805142  
32.66458695  
-4.399615267  
-7.619323308  
108.1466972  
11.10718186  
2.813208622  
10.28293205  
-15.29805914  
