-0.2013155206  
-0.3367404614  
0.02321296891  
-0.4928321955  
1.010681915  
-0.3350749128  
-0.04884061092  
0.04109666215  
0.2399314286  
0.3320244258  
0.40876303  
-0.9139160625  
-0.1036049547  
0.3229696256  
-0.3738055218  
-0.5283092439  
-0.5298639722  
-0.4258562104  
-0.09327520488  
0.4789408349  
0.5117282394  
0.1234068647  
0.3612199269  
0.0935461672  
-0.02250368655  
-0.6579165188  
1.01368484  
0.3070504408  
-0.7051860666  
0.3671587682  
0.5535317758  
-0.6064225163  
0.4751108522  
0.3120978934  
0.2013561063  
0.5350580597  
0.1076347718  
-0.1003872448  
0.1782488869  
-0.2236098102  
-0.4315337304  
-0.130436403  
-0.8082675413  
0.1324717206  
-0.3420209496  
-0.1957614939  
-0.07050484964  
-0.9469799037  
0.02855138718  
0.7635064173  
-0.3447478715  
-0.1608633512  
0.5670510831  
-0.08633954173  
