-7.422513493  
-2.555572418  
-1.677346466  
0.9960955168  
-1.229736713  
0.1046001481  
1.391926779  
-6.869148624  
3.697290617  
8.677172679  
-7.187029226  
3.786672856  
-2.290261271  
-0.8308320238  
-6.233302903  
4.801049831  
-8.03193196  
1.817041672  
17.65385889  
0.2767009695  
-1.164408035  
-4.638074886  
-4.450483052  
-5.488693563  
-12.11359392  
-0.7112636767  
-5.323480501  
-3.80956315  
-0.8083032284  
0.6639629663  
-2.38732958  
5.157770866  
-0.4348471534  
6.104664832  
12.24274407  
-0.7938523073  
-1.559051829  
10.14558284  
10.70234183  
16.35271661  
2.102674297  
17.43103102  
2.913116105  
-4.570173427  
-3.047975202  
-8.90910047  
0.9094531983  
-2.990617946  
13.91642639  
-8.745941684  
13.68767813  
-3.085314787  
-0.1982792189  
2.513127723  
