12.10758681  
-80.7064081  
11.10954441  
-55.45935478  
-158.5896257  
14.27963849  
-145.6409109  
-42.52661108  
-25.76592982  
-48.92163307  
-34.08468768  
2.853106599  
-62.07879849  
-5.908757291  
-6.714267624  
-5.474952271  
-70.74511648  
-11.1055929  
100.7090246  
-27.5539426  
-4.026901509  
-42.98050719  
-41.61583564  
-24.78607269  
-57.10701742  
-41.46487393  
-83.76867736  
-21.90953659  
-83.74614756  
-15.40779249  
-134.5394177  
-75.22716091  
-13.29502894  
-21.12878483  
-23.34364378  
-88.39300075  
-51.07826976  
27.25567234  
-48.53111258  
-93.73990892  
-43.12964719  
-68.98941754  
-115.5546317  
-21.27018202  
6.434004031  
2.163039855  
-96.0461874  
-11.87643172  
-93.34538309  
-55.26244921  
-6.478776493  
42.82699241  
-22.50153675  
-6.224981383  
