7.677684448  
5.188818013  
-10.23492882  
5.77744895  
-6.108775155  
-6.551932171  
-5.693478489  
-7.421125859  
-0.1006777916  
6.634669263  
3.096727799  
12.80844534  
-4.444608404  
-4.307350135  
3.066219998  
4.081196562  
3.893158383  
-0.8932264008  
1.536480802  
-8.915971878  
1.014922862  
-18.67862147  
-5.06433533  
2.9654865  
-4.620787458  
2.503407574  
3.9793407  
3.90622099  
4.291701724  
-5.897196774  
19.56184731  
4.082570313  
4.989863013  
-6.260437007  
15.8967899  
3.412633541  
-0.4997745936  
-14.63118689  
-7.485384119  
23.41142195  
-0.1654838564  
-15.23326345  
-5.905695159  
-0.623182239  
-3.915139947  
12.55568465  
3.522040724  
-8.121429337  
-26.84231176  
6.103153207  
-2.383877568  
7.176927583  
6.380324188  
-16.66894986  
