-0.171233102  
-0.7478690074  
-0.1439138075  
-0.2814413194  
0.9178032717  
0.08757582114  
0.537788249  
0.1070787296  
-0.2821771266  
-0.2534279885  
-0.3164107523  
-0.04173799171  
0.13047344  
-0.08687628033  
0.1654337874  
0.09536852154  
-0.1369169807  
0.1515133854  
-1.060593723  
0.6262341158  
0.6913235813  
0.2345632419  
-0.4949290674  
0.04904160429  
-0.041921336  
-0.2992782462  
-0.7286695634  
-0.8439550269  
0.7576435906  
0.06263469072  
-0.6360408917  
1.233346054  
1.013452197  
-0.8620313066  
-0.9740164437  
-0.09969528508  
-0.5662893174  
0.1655139065  
-0.09491360512  
-0.0211758651  
1.033075098  
0.367379936  
-0.2803551006  
0.1715371171  
0.4901238061  
-0.5945599498  
-0.4179055022  
-0.5071529943  
0.2142096817  
0.3287035959  
0.1024562901  
-0.007585497959  
-0.6597412297  
-0.08269467449  
