-32.21985174  
-1.934105912  
-55.71332102  
-47.14375077  
-24.49883853  
-12.93407277  
-57.52948487  
-65.99059709  
-46.4821525  
-68.41321888  
-45.37180418  
21.25428042  
-33.03770239  
17.11837256  
34.21886306  
-6.425125437  
-19.24563074  
-17.19188531  
-25.88098705  
-28.18375385  
-35.70597365  
10.43541255  
-13.46992775  
-41.29608755  
-54.89811818  
-28.60429547  
-59.99414548  
-67.30585012  
-35.48494771  
-14.54602517  
-13.9556508  
-2.417305742  
-91.28909846  
-21.14824243  
0.2401559402  
-48.88665579  
-52.05044372  
4.471058436  
-2.766288742  
-48.5631217  
-20.20880069  
-20.01643421  
-53.8739358  
-26.87676367  
-28.74440001  
12.21544264  
-91.05792759  
-54.4545941  
-78.61220417  
-55.49976317  
-43.65630622  
-18.61005236  
-100.093491  
-76.41729855  
