0.1607337453  
0.8225758822  
-0.3589650763  
-0.1529240285  
1.228846075  
-0.1451540805  
-0.1526674824  
0.3091997684  
-0.6298525207  
0.1684117587  
-0.3044932796  
-0.05306071533  
0.8888361699  
0.1844560893  
-0.1566768352  
-0.2279162689  
0.06685715558  
0.2780613673  
0.1963780365  
1.108452853  
-0.06510512757  
0.4440171233  
0.1801603411  
-0.9134861743  
-0.4203088529  
0.02926993298  
-0.1761771009  
0.2194668574  
0.4420604817  
0.0641003723  
0.4439014469  
0.07911817119  
0.3580964616  
-0.7962032696  
0.5445664499  
-0.2860602775  
0.3012434874  
0.6841595698  
0.6580426186  
0.2385303771  
0.3306905497  
-0.905148928  
0.2723040275  
0.4885885618  
-0.009857811571  
0.7710839034  
-0.1682272399  
0.3979503436  
-0.8799528369  
-0.3410351011  
-0.07656428423  
-0.2973996786  
-0.7974800249  
1.485047072  
