-9.969785547  
-11.24826594  
33.3651547  
1.157359883  
-36.98102545  
65.78941031  
-16.82869334  
13.15578176  
38.63019387  
16.55191413  
17.55123987  
7.385874575  
50.00993279  
14.8979074  
-21.38590629  
49.51086068  
8.680441873  
32.58310372  
20.88874276  
10.23625107  
6.235318179  
14.57234868  
1.988252626  
-23.23913364  
38.25102924  
-8.815816318  
8.345697752  
7.621811695  
27.57934709  
17.25607723  
31.17146475  
73.09763247  
11.5055647  
4.298402167  
39.40969158  
-10.95253941  
11.77971453  
41.37748494  
26.60403098  
36.8877425  
-10.90491637  
10.83279013  
22.21322742  
24.04507478  
-27.50675528  
12.79556256  
-40.53271028  
-16.34037366  
-11.98391917  
70.41017395  
12.46324111  
-23.25406158  
18.98661378  
-37.75278051  
