-0.2120082195  
0.4063489784  
-0.01546003343  
-0.7086698433  
0.2023680124  
0.1386608636  
-0.005589950459  
-0.1238547069  
0.06471944746  
0.2280513248  
0.6841507284  
-0.5644888319  
0.747309694  
-0.1078979318  
0.03031887594  
-0.06699717189  
-0.1790234953  
-0.6104255412  
1.090090574  
-0.6174997272  
-0.8392974254  
0.08512298652  
0.2834504432  
0.4027399617  
-0.03977270467  
0.0155055408  
1.661973161  
0.1903432535  
-0.3346243542  
0.5451951906  
-0.09863429084  
0.555458531  
0.2102457914  
-0.9699895236  
0.4196157806  
-0.4393746451  
0.127165471  
0.3823404118  
0.06563221378  
-0.3317991699  
0.08268511493  
0.4215414892  
-0.1325451994  
0.3454751398  
0.2746201546  
-0.3348906813  
-0.0774632601  
-0.5717435804  
-0.1026094691  
0.1335970241  
0.3247915435  
0.4566352385  
-0.2776279884  
-0.04587290763  
