0.4477046594  
1.241430922  
-0.7789183802  
-0.07401943304  
0.8741650796  
-0.6080412021  
-0.0159277635  
0.3784716574  
-0.2043475665  
0.1097675086  
0.07767541209  
-0.3003671627  
-0.3891628605  
0.1256136381  
-0.5375640795  
-1.033958909  
-0.366377818  
-0.154148376  
0.3937417155  
0.3788202675  
-0.1225924807  
0.7494735295  
-0.4598138561  
-0.8763164316  
-0.01870812224  
-0.4858901215  
0.2024004748  
-0.2064497454  
-0.02071202687  
-0.3503592842  
0.33057846  
0.2118700565  
-0.123763666  
0.07312533086  
0.3009989741  
-0.2545558823  
0.9108341867  
0.8952490496  
-0.4499498445  
0.5939078186  
-0.02204118173  
0.1249249281  
0.7326920749  
0.5438872688  
-0.5285195691  
-0.178181908  
-0.9762704207  
-0.8407256032  
1.250043003  
-0.400716937  
0.1795310493  
0.4529261644  
0.9712475325  
-0.3234733506  
