0.2051314149  
0.2076879551  
-0.2985400363  
0.2612659439  
0.2493536706  
0.3525050514  
-0.4203318595  
0.08604289305  
0.3180386075  
-0.03746941517  
0.2295754166  
0.02716870816  
-0.01922323199  
0.227609015  
0.4457943164  
-0.4855575866  
-0.205597842  
0.228396617  
-0.319510372  
0.2149553439  
0.3582553979  
0.9127939914  
-0.4346111737  
-0.3080555351  
0.03613861657  
-0.6650604724  
1.034092963  
-0.4809851924  
-0.62531226  
0.1630268474  
-0.2900896876  
-0.7014831424  
-0.5480608055  
-0.1127093941  
0.2199167358  
0.4326663058  
-0.04274005034  
0.177785787  
0.3389813768  
0.06138589177  
-0.6809573871  
0.2286535852  
-0.8256312761  
-0.02906443041  
0.08163017984  
-0.3055461058  
-0.4819257955  
-0.9388101678  
0.2125397554  
0.8104340125  
0.02080037241  
0.2809057641  
0.2719931087  
-0.1642727055  
