-32.95724845  
-30.12061121  
-13.45822192  
-15.92927128  
-43.68784783  
-48.58601919  
-40.89760589  
-29.57974365  
-12.2517053  
-23.52792765  
-1.92564009  
13.72969085  
2.107351547  
1.431770609  
-8.974509102  
-1.443667999  
-48.34031428  
-14.19293189  
-13.48365574  
-18.86404373  
-25.19139608  
-58.85220243  
-5.378258075  
10.44837177  
-36.81831288  
-33.15333775  
-26.55410514  
-42.529311  
-19.60101326  
-29.55437371  
-48.90590131  
-16.71271267  
-10.30872414  
1.476888808  
-26.9933348  
-7.551010273  
-3.64813947  
-13.82249902  
-18.46355968  
-11.81852517  
-20.16749315  
-21.84181204  
-34.32372819  
16.92024239  
-25.4084469  
-12.04418968  
-77.0405907  
-40.80220485  
-34.17920035  
-56.20660328  
-33.53916115  
9.517818952  
-29.80617741  
3.316457145  
