-0.7182476292  
-0.3134590648  
-0.1560095555  
-1.625256034  
-0.2004344468  
-0.1804705188  
1.038648563  
-0.3342257377  
0.1627867318  
-0.6456561324  
0.4842861946  
-0.1869626347  
0.355832888  
-0.8287919595  
1.295710439  
-0.8319440025  
-2.075846898  
-1.125493785  
1.655347438  
-0.7978690329  
0.5315348169  
-0.2653553554  
1.546607391  
-0.146216213  
0.2285650127  
-1.034380708  
-0.02444542709  
0.5800651033  
1.407244342  
1.216051615  
-0.3324823921  
-0.6934444398  
0.518939532  
-0.4684648111  
-0.8105660724  
0.7903567274  
0.9392883883  
-0.09168268828  
-0.7896863873  
0.2539459799  
1.0710397  
-0.8737203265  
1.795104112  
-0.9357549846  
-0.6275163475  
0.5277557883  
-2.103742894  
-0.117311852  
-1.4008579  
-0.7965664503  
1.173426828  
-1.073719738  
0.7545917215  
0.09984336284  
