-0.295677082  
0.3788238285  
0.2512343461  
0.0714613278  
1.334411432  
1.091843375  
0.9695402678  
0.0005564644103  
0.4996293225  
0.3365193912  
0.4383912797  
-0.1324255532  
-0.3152564226  
0.3166978877  
0.1782467292  
0.1326967098  
0.08316999545  
0.6038627542  
0.7821701691  
0.04082906897  
-0.2553430384  
0.1560534188  
-0.7722678016  
0.02858580058  
-0.06874496874  
0.6949944313  
-0.1118443224  
-0.438868665  
0.4694177188  
-0.3442796397  
-0.6349180564  
-0.5686054225  
0.7328554064  
-0.2781236332  
0.8501387902  
-0.1175065075  
-0.3059842301  
0.7364989934  
0.4488016217  
-0.3150341274  
0.4987815263  
0.3144698184  
0.7193655508  
0.7653156981  
0.2831877229  
-0.2423427952  
-0.2905461891  
-0.8336537365  
-1.158660961  
-1.173871498  
0.6262205137  
-0.1138349048  
0.2603817902  
-0.4918005564  
