30.60110527  
6.280475992  
0.3869995808  
7.848031857  
62.21225546  
154.9582811  
-10.0585293  
15.36236366  
38.46014883  
26.21927487  
73.00832261  
0.6287379767  
-8.82548093  
1.931963512  
25.61435874  
9.605082378  
5.689306571  
-41.54539492  
-115.6005194  
-1.619848764  
23.68808343  
-15.47365042  
-68.46662216  
24.20741418  
24.93007927  
13.8720456  
-28.04152173  
78.73740832  
26.03018609  
-5.978913387  
-30.31282064  
-87.31665891  
22.03630144  
13.54145177  
0.5383222238  
52.16028263  
15.34733777  
120.7767376  
27.28830754  
46.06335448  
-73.25763264  
-89.52469059  
-40.65816408  
12.35186017  
-14.34276525  
39.79676885  
5.51456879  
-0.5325266523  
80.73710546  
-48.71188894  
-31.5074825  
-5.590760702  
11.20197295  
-43.97315097  
