-0.3144500452  
0.6710057163  
-0.7863210682  
0.6628156138  
0.5461628961  
0.437800982  
-0.5844289001  
0.3692361256  
-0.6723929914  
0.187186186  
0.3280136476  
-0.9694263559  
0.2328947876  
0.01013650686  
-0.6748093678  
-0.08754900188  
-0.4043714158  
-0.7344191738  
0.3136086708  
-0.01335262715  
-0.3071840981  
0.2214542964  
0.3907980451  
0.4090932435  
0.3304032103  
-0.2279394239  
-0.7497982293  
0.5735426096  
0.2164689554  
0.4524736566  
-0.5469940151  
-0.3664631506  
-0.6909101998  
-0.4144515936  
-0.170943985  
-0.4384775961  
0.3590206092  
-0.2122773042  
0.5188774776  
0.8519295277  
0.03409950058  
-0.4792998555  
-0.455872763  
-0.2148973388  
-0.752258647  
0.8209863646  
-0.6400841191  
0.1551691337  
-1.32583335  
-0.6008847106  
0.5956197481  
0.3841064068  
-0.325282246  
-0.3052960937  
