-9.175403167  
28.03861061  
-28.21768681  
15.62474162  
23.03405182  
3.06148  
72.17115329  
11.32176833  
15.03183752  
-37.59353326  
-18.37732302  
-10.59087703  
36.9391883  
-8.81012101  
16.37452867  
-10.24432383  
41.56847244  
10.63187815  
1.727359905  
8.002211377  
-39.76667606  
52.71316387  
21.50248491  
-36.63977914  
-25.64057753  
-10.70829561  
-10.3585936  
-49.67532199  
39.3106268  
-24.64736753  
-32.56170107  
9.652557316  
-8.93971152  
-45.69380753  
9.483185889  
23.63435401  
7.367976591  
-4.253741969  
42.96434788  
-32.42082163  
16.17924784  
10.77844777  
16.15449351  
-19.69451665  
2.806368624  
-0.7765295677  
30.31415048  
-36.26789435  
56.0037627  
48.2322069  
33.43126221  
-7.797109041  
1.392194504  
74.12264756  
