-0.4847918919  
0.9146222499  
-0.5287774749  
1.473122693  
1.811028927  
-0.6843251984  
1.057104349  
0.229269116  
-0.1462798733  
0.06503481721  
0.3529453884  
0.6080074913  
0.1686152881  
0.04254460608  
-1.078104473  
0.2865992194  
0.4704401188  
-0.6490029823  
1.117256956  
-1.064180754  
0.5741483379  
-0.2165717341  
0.8294302969  
0.2568797562  
-0.277771067  
0.6182887309  
0.5363091751  
-0.04528173868  
0.05263499235  
0.1460271754  
-0.3526820103  
-0.6596345313  
-0.3890912639  
0.2187904204  
-0.3505109019  
0.2367345108  
0.2977610674  
-0.2285916772  
1.275900641  
0.8097678728  
0.8707347436  
0.7741350308  
0.2677166665  
-0.6392696915  
1.178384425  
0.5968815857  
-0.9827093147  
0.4301019496  
-1.229201818  
1.191637912  
0.2113242376  
0.983076896  
0.4067970976  
-0.6675198222  
