-0.6351384025  
0.2616813672  
-0.4436565412  
-0.3864104882  
0.4121515289  
-0.2604767604  
0.641465006  
-0.2368802277  
-0.2712189731  
-0.1741627473  
0.3362041199  
-0.0708074658  
-0.5491164777  
-0.0865929086  
-0.1098244093  
0.2114183285  
0.1099637172  
0.6480872574  
0.147285465  
-0.5213369452  
-0.1128161836  
-0.4337263214  
0.2881042901  
-0.3596242717  
-0.03763616663  
-0.6656949181  
0.3117869144  
-0.547269847  
-0.1483095541  
0.1158041437  
0.9477499085  
1.239519136  
0.4712530853  
0.571716908  
0.3596486117  
0.6831132948  
0.05455053885  
0.885645235  
0.09283201018  
0.104325964  
0.5950679868  
0.8028610579  
0.525421185  
0.2983983755  
-0.08286757026  
0.6444862773  
-0.2927317484  
-0.5374084124  
-0.8490550566  
-0.7835155739  
0.6341458285  
-0.3155595881  
-0.09528939395  
0.3128083737  
